0.0 0.0
0.0200400801603 0.0
0.0400801603206 0.0
0.060120240481 0.0
0.0801603206413 0.0
0.100200400802 0.0
0.120240480962 0.0
0.140280561122 0.0
0.160320641283 0.0
0.180360721443 0.0
0.200400801603 0.0
0.220440881764 0.0
0.240480961924 0.0
0.260521042084 0.0
0.280561122244 0.0
0.300601202405 0.0
0.320641282565 0.0
0.340681362725 0.0
0.360721442886 0.0
0.380761523046 0.0
0.400801603206 0.0
0.420841683367 0.0
0.440881763527 2.25328720306e-11
0.460921843687 1.49415170976e-11
0.480961923848 1.24262263137e-11
0.501002004008 1.11026351173e-11
0.521042084168 1.02851756432e-11
0.541082164329 9.72334362365e-12
0.561122244489 9.314336861e-12
0.581162324649 9.00642938669e-12
0.60120240481 8.76573354624e-12
0.62124248497 8.56801768945e-12
0.64128256513 8.40408429192e-12
0.661322645291 8.26982530481e-12
0.681362725451 8.14944456424e-12
0.701402805611 8.01603469455e-12
0.721442885772 7.90018186671e-12
0.741482965932 7.79576731865e-12
0.761523046092 7.69310648199e-12
0.781563126253 7.60064145257e-12
0.801603206413 7.51996267187e-12
0.821643286573 7.41979654051e-12
0.841683366733 7.30864663358e-12
0.861723446894 7.20564750976e-12
0.881763527054 7.09362808782e-12
0.901803607214 6.94755005954e-12
0.921843687375 6.81087256771e-12
0.941883767535 6.68161776936e-12
0.961923847695 6.53767966722e-12
0.981963927856 6.40020224517e-12
1.00200400802 6.27211708882e-12
1.02204408818 6.16191466919e-12
1.04208416834 6.06391362513e-12
1.0621242485 5.9697237942e-12
1.08216432866 5.87479276177e-12
1.10220440882 5.77803419461e-12
1.12224448898 5.68572349882e-12
1.14228456914 5.60144444841e-12
1.1623246493 5.49741421822e-12
1.18236472946 5.3962275915e-12
1.20240480962 5.29912642683e-12
1.22244488978 5.20412232202e-12
1.24248496994 5.11171844673e-12
1.2625250501 5.02264629761e-12
1.28256513026 4.93758351962e-12
1.30260521042 4.85855732529e-12
1.32264529058 4.7823642809e-12
1.34268537074 4.70877481838e-12
1.3627254509 4.64544626754e-12
1.38276553106 4.58467991131e-12
1.40280561122 4.52529962431e-12
1.42284569138 4.46177831211e-12
1.44288577154 4.39683095861e-12
1.4629258517 4.3337782858e-12
1.48296593186 4.27312211245e-12
1.50300601202 4.21620247231e-12
1.52304609218 4.16098200359e-12
1.54308617234 4.10927346386e-12
1.56312625251 4.04992014556e-12
1.58316633267 3.99186236059e-12
1.60320641283 3.93543525537e-12
1.62324649299 3.88073751862e-12
1.64328657315 3.8276199089e-12
1.66332665331 3.77569200126e-12
1.68336673347 3.72673738182e-12
1.70340681363 3.68391720318e-12
1.72344689379 3.64219535131e-12
1.74348697395 3.60138351883e-12
1.76352705411 3.54052028154e-12
1.78356713427 3.48048804262e-12
1.80360721443 3.42191187537e-12
1.82364729459 3.37147490891e-12
1.84368737475 3.32597415543e-12
1.86372745491 3.28153041542e-12
1.88376753507 3.24390024808e-12
1.90380761523 3.21988581787e-12
1.92384769539 3.19641781662e-12
1.94388777555 3.1734774137e-12
1.96392785571 3.12898050542e-12
1.98396793587 3.08499804492e-12
2.00400801603 3.03942320887e-12
2.02404809619 3.00102060408e-12
2.04408817635 2.96123220581e-12
2.06412825651 2.92228402531e-12
2.08416833667 2.88430227533e-12
2.10420841683 2.84742683435e-12
2.12424849699 2.81130541523e-12
2.14428857715 2.77591476766e-12
2.16432865731 2.73978363569e-12
2.18436873747 2.70435322927e-12
2.20440881764 2.66961650055e-12
2.2244488978 2.63126835429e-12
2.24448897796 2.59147065346e-12
2.26452905812 2.55242479901e-12
2.28456913828 2.51345696348e-12
2.30460921844 2.47390132484e-12
2.3246492986 2.43507042563e-12
2.34468937876 2.39694919054e-12
2.36472945892 2.36692328798e-12
2.38476953908 2.33743538821e-12
2.40480961924 2.30847094423e-12
2.4248496994 2.27923309016e-12
2.44488977956 2.25012340997e-12
2.46492985972 2.22151588786e-12
2.48496993988 2.18978398086e-12
2.50501002004 2.1516589868e-12
2.5250501002 2.1141696011e-12
2.54509018036 2.07745936633e-12
2.56513026052 2.05557953494e-12
2.58517034068 2.03405956742e-12
2.60521042084 2.01289052829e-12
2.625250501 1.98447207067e-12
2.64529058116 1.95297898375e-12
2.66533066132 1.92198154534e-12
2.68537074148 1.89170554888e-12
2.70541082164 1.86233391367e-12
2.7254509018 1.83341361373e-12
2.74549098196 1.80502189557e-12
2.76553106212 1.78105325466e-12
2.78557114228 1.75744537234e-12
2.80561122244 1.73419005038e-12
2.82565130261 1.70233824641e-12
2.84569138277 1.66699105929e-12
2.86573146293 1.63215602125e-12
2.88577154309 1.60238462635e-12
2.90581162325 1.58103897707e-12
2.92585170341 1.55999790041e-12
2.94589178357 1.53906732206e-12
2.96593186373 1.51273740259e-12
2.98597194389 1.4867734959e-12
3.00601202405 1.46116792458e-12
3.02605210421 1.4355178904e-12
3.04609218437 1.41004991412e-12
3.06613226453 1.38492592651e-12
3.08617234469 1.36066059503e-12
3.10621242485 1.33759384508e-12
3.12625250501 1.31483245788e-12
3.14629258517 1.29245709334e-12
3.16633266533 1.2723398023e-12
3.18637274549 1.25248377796e-12
3.20641282565 1.23288389946e-12
3.22645290581 1.20970980694e-12
3.24649298597 1.18529334722e-12
3.26653306613 1.16118480101e-12
3.28657314629 1.13649743068e-12
3.30661322645 1.11070234395e-12
3.32665330661 1.08522604074e-12
3.34669338677 1.0603658688e-12
3.36673346693 1.04126689084e-12
3.38677354709 1.02240007641e-12
3.40681362725 1.00376116868e-12
3.42685370741 9.8439342724e-13
3.44689378758 9.64892843112e-13
3.46693386774 9.45623330469e-13
3.4869739479 9.26897981715e-13
3.50701402806 9.08879868416e-13
3.52705410822 8.91071489305e-13
3.54709418838 8.73335585316e-13
3.56713426854 8.53817432877e-13
3.5871743487 8.34522238399e-13
3.60721442886 8.15446163547e-13
3.62725450902 7.97481940223e-13
3.64729458918 7.80044512605e-13
3.66733466934 7.6280178536e-13
3.6873747495 7.46311761498e-13
3.70741482966 7.30831066769e-13
3.72745490982 7.15520398676e-13
3.74749498998 7.00421963191e-13
3.76753507014 6.8605601633e-13
3.7875751503 6.71845264877e-13
3.80761523046 6.57787181439e-13
3.82765531062 6.42015275162e-13
3.84769539078 6.25769871282e-13
3.86773547094 6.09695951411e-13
3.8877755511 5.94694446363e-13
3.90781563126 5.81126110709e-13
3.92785571142 5.67698834546e-13
3.94789579158 5.54504015567e-13
3.96793587174 5.42469143508e-13
3.9879759519 5.30557483271e-13
4.00801603206 5.18767133646e-13
4.02805611222 5.05985570429e-13
4.04809619238 4.92971153274e-13
4.06813627255 4.80087131273e-13
4.08817635271 4.68185729919e-13
4.10821643287 4.57559118063e-13
4.12825651303 4.4703746296e-13
4.14829659319 4.36580470982e-13
4.16833667335 4.25852844646e-13
4.18837675351 4.15229557895e-13
4.20841683367 4.04709081874e-13
4.22845691383 3.95018843122e-13
4.24849699399 3.85645845469e-13
4.26853707415 3.76362272942e-13
4.28857715431 3.66943955256e-13
4.30861723447 3.57325192564e-13
4.32865731463 3.47796842814e-13
4.34869739479 3.384619134e-13
4.36873747495 3.30108022545e-13
4.38877755511 3.21831579911e-13
4.40881763527 3.13631503706e-13
4.42885771543 3.06075006643e-13
4.44889779559 2.9875265687e-13
4.46893787575 2.91496956576e-13
4.48897795591 2.84246446651e-13
4.50901803607 2.76985914548e-13
4.52905811623 2.69790548457e-13
4.54909819639 2.62694842918e-13
4.56913827655 2.5593500562e-13
4.58917835671 2.49235026327e-13
4.60921843687 2.42594106511e-13
4.62925851703 2.36084373532e-13
4.64929859719 2.29651456979e-13
4.66933867735 2.23274490318e-13
4.68937875752 2.17285979758e-13
4.70941883768 2.11747224002e-13
4.72945891784 2.06256032738e-13
4.749498998 2.00756687401e-13
4.76953907816 1.94918976004e-13
4.78957915832 1.89130724558e-13
4.80961923848 1.83391301969e-13
4.82965931864 1.78230064855e-13
4.8496993988 1.73248268716e-13
4.86973947896 1.68307982444e-13
4.88977955912 1.63516004083e-13
4.90981963928 1.58886628676e-13
4.92985971944 1.54295346518e-13
4.9498997996 1.49802195202e-13
4.96993987976 1.45731758685e-13
4.98997995992 1.41694412664e-13
5.01002004008 1.37763782547e-13
5.03006012024 1.33933265888e-13
5.0501002004 1.30133509423e-13
5.07014028056 1.2656247279e-13
5.09018036072 1.23023957726e-13
5.11022044088 1.1951351792e-13
5.13026052104 1.16030817687e-13
5.1503006012 1.1257552673e-13
5.17034068136 1.0939116314e-13
5.19038076152 1.06247336644e-13
5.21042084168 1.03127964627e-13
5.23046092184 1.00032760426e-13
5.250501002 9.69614418871e-14
5.27054108216 9.41917186596e-14
5.29058116232 9.14743212156e-14
5.31062124248 8.8777657167e-14
5.33066132265 8.61014880776e-14
5.35070140281 8.3445579191e-14
5.37074148297 8.08859018472e-14
5.39078156313 7.83579580141e-14
5.41082164329 7.58489345283e-14
5.43086172345 7.33586179966e-14
5.45090180361 7.08867982556e-14
5.47094188377 6.8675209068e-14
5.49098196393 6.65334880059e-14
5.51102204409 6.44075028815e-14
5.53106212425 6.22970794215e-14
5.55110220441 6.02020459441e-14
5.57114228457 5.82103516711e-14
5.59118236473 5.6258165318e-14
5.61122244489 5.43200601791e-14
5.63126252505 5.2395883175e-14
5.65130260521 5.04854834615e-14
5.67134268537 4.87490121521e-14
5.69138276553 4.70817836059e-14
5.71142284569 4.54263680395e-14
5.73146292585 4.3782639275e-14
5.75150300601 4.21504729449e-14
5.77154308617 4.05877845797e-14
5.79158316633 3.90611589699e-14
5.81162324649 3.75451592101e-14
5.83166332665 3.60396738222e-14
5.85170340681 3.45445928997e-14
5.87174348697 3.31307348156e-14
5.89178356713 3.17635553626e-14
5.91182364729 3.04057277237e-14
5.93186372745 2.90571554831e-14
5.95190380762 2.77177435607e-14
5.97194388778 2.65183479793e-14
5.99198396794 2.5408347797e-14
6.0120240481 2.43058141545e-14
6.03206412826 2.32106713105e-14
6.05210420842 2.21228445575e-14
6.07214428858 2.10965695266e-14
6.09218436874 2.01169897401e-14
6.1122244489 1.91438896033e-14
6.13226452906 1.81772044757e-14
6.15230460922 1.72168705847e-14
6.17234468938 1.62943394416e-14
6.19238476954 1.5405091897e-14
6.2124248497 1.45216296466e-14
6.23246492986 1.36438959337e-14
6.25250501002 1.27718347509e-14
6.27254509018 1.19717514944e-14
6.29258517034 1.12443010753e-14
6.3126252505 1.05215084419e-14
6.33266533066 9.80332859768e-15
6.35270541082 9.08971713194e-15
6.37274549098 8.42637158687e-15
6.39278557114 7.82193204845e-15
6.4128256513 7.22130223334e-15
6.43286573146 6.62444589535e-15
6.45290581162 6.03132725345e-15
6.47294589178 5.50973461953e-15
6.49298597194 5.08702805858e-15
6.5130260521 4.66694687451e-15
6.53306613226 4.24946640608e-15
6.55310621242 3.83456230564e-15
6.57314629259 3.46944993404e-15
6.59318637275 3.1855013692e-15
6.61322645291 2.90329187247e-15
6.63326653307 2.62280528787e-15
6.65330661323 2.34402566364e-15
6.67334669339 2.0763173672e-15
6.69338677355 1.82893356504e-15
6.71342685371 1.58304204032e-15
6.73346693387 1.33862913524e-15
6.75350701403 1.09568136233e-15
6.77354709419 8.79561353451e-16
6.79358717435 7.25804003125e-16
6.81362725451 5.72962657312e-16
6.83366733467 4.21028993262e-16
6.85370741483 2.69994792216e-16
6.87374749499 1.5097063828e-16
6.89378757515 1.24493930111e-16
6.91382765531 9.81781102594e-17
6.93386773547 7.20215903082e-17
6.95390781563 4.60228053386e-17
6.97394789579 2.50247117836e-17
6.99398797595 2.20956861803e-17
7.01402805611 1.91892996438e-17
7.03406813627 1.63051985215e-17
7.05410821643 1.34430375406e-17
7.07414829659 1.0904912269e-17
7.09418837675 9.84096685096e-18
7.11422845691 8.78804849769e-18
7.13426853707 7.74592724475e-18
7.15430861723 6.71437944096e-18
7.17434869739 5.80303628624e-18
7.19438877756 5.62582906064e-18
7.21442885772 5.45391151017e-18
7.23446893788 5.28712223065e-18
7.25450901804 5.12530480599e-18
7.2745490982 4.96859603266e-18
7.29458917836 4.81943441943e-18
7.31462925852 4.6747864177e-18
7.33466933868 4.53451419409e-18
7.35470941884 4.39848416891e-18
7.374749499 4.26656688331e-18
7.39478957916 4.13863687054e-18
7.41482965932 4.01457253137e-18
7.43486973948 3.89425601345e-18
7.45490981964 3.77757309443e-18
7.4749498998 3.66441306886e-18
7.49498997996 3.55466863854e-18
7.51503006012 3.44823580649e-18
7.53507014028 3.34501377417e-18
7.55511022044 3.2449048419e-18
7.5751503006 3.14781431257e-18
7.59519038076 3.05365039825e-18
7.61523046092 2.96232412976e-18
7.63527054108 2.87374926921e-18
7.65531062124 2.78784222508e-18
7.6753507014 2.70452197021e-18
7.69539078156 2.62370996215e-18
7.71543086172 2.54533006617e-18
7.73547094188 2.46930848062e-18
7.75551102204 2.39557366464e-18
7.7755511022 2.32405626814e-18
7.79559118236 2.25468906399e-18
7.81563126253 2.1874068823e-18
7.83567134269 2.12214654682e-18
7.85571142285 2.05884681326e-18
7.87575150301 1.99744830963e-18
7.89579158317 1.93789347833e-18
7.91583166333 1.88012652014e-18
7.93587174349 1.82409333997e-18
7.95591182365 1.76974149422e-18
7.97595190381 1.71702013987e-18
7.99599198397 1.66587998511e-18
8.01603206413 1.61627324152e-18
8.03607214429 1.56815357776e-18
8.05611222445 1.5214760747e-18
8.07615230461 1.47619718192e-18
8.09619238477 1.43227467558e-18
8.11623246493 1.38966761762e-18
8.13627254509 1.34833631621e-18
8.15631262525 1.30824228746e-18
8.17635270541 1.26934821825e-18
8.19639278557 1.23161793029e-18
8.21643286573 1.19501634528e-18
8.23647294589 1.15950945111e-18
8.25651302605 1.12506426917e-18
8.27655310621 1.09164882262e-18
8.29659318637 1.05923210569e-18
8.31663326653 1.0277840539e-18
8.33667334669 9.97275515199e-19
8.35671342685 9.67678222049e-19
8.37675350701 9.38964764303e-19
8.39679358717 9.1110856297e-19
8.41683366733 8.84083844781e-19
8.43687374749 8.57865617532e-19
8.45691382766 8.32429646203e-19
8.47695390782 8.07752429805e-19
8.49699398798 7.83811178945e-19
8.51703406814 7.60583794087e-19
8.5370741483 7.38048844481e-19
8.55711422846 7.16185547743e-19
8.57715430862 6.94973750063e-19
8.59719438878 6.74393907028e-19
8.61723446894 6.54427065032e-19
8.6372745491 6.35054843259e-19
8.65731462926 6.16259416224e-19
8.67735470942 5.98023496847e-19
8.69739478958 5.80330320054e-19
8.71743486974 5.63163626874e-19
8.7374749499 5.46507649035e-19
8.75751503006 5.30347094027e-19
8.77755511022 5.14667130625e-19
8.79759519038 4.99453374857e-19
8.81763527054 4.84691876405e-19
8.8376753507 4.70369105424e-19
8.85771543086 4.56471939758e-19
8.87775551102 4.42987652558e-19
8.89779559118 4.29903900273e-19
8.91783567134 4.17208711017e-19
8.9378757515 4.04890473279e-19
8.95791583166 3.92937924992e-19
8.97795591182 3.81340142933e-19
8.99799599198 3.70086532443e-19
9.01803607214 3.59166817467e-19
9.0380761523 3.48571030897e-19
9.05811623246 3.38289505208e-19
9.07815631263 3.28312863386e-19
9.09819639279 3.18632010126e-19
9.11823647295 3.09238123306e-19
9.13827655311 3.00122645715e-19
9.15831663327 2.91277277042e-19
9.17835671343 2.82693966096e-19
9.19839679359 2.74364903279e-19
9.21843687375 2.66282513281e-19
9.23847695391 2.58439447992e-19
9.25851703407 2.50828579643e-19
9.27855711423 2.43442994147e-19
9.29859719439 2.36275984642e-19
9.31863727455 2.2932104524e-19
9.33867735471 2.22571864956e-19
9.35871743487 2.16022321826e-19
9.37875751503 2.09666477207e-19
9.39879759519 2.03498570243e-19
9.41883767535 1.9751301251e-19
9.43887775551 1.91704382811e-19
9.45891783567 1.8606742214e-19
9.47895791583 1.80597028793e-19
9.49899799599 1.75288253632e-19
9.51903807615 1.70136295484e-19
9.53907815631 1.65136496695e-19
9.55911823647 1.60284338802e-19
9.57915831663 1.55575438346e-19
9.59919839679 1.51005542815e-19
9.61923847695 1.46570526697e-19
9.63927855711 1.42266387668e-19
9.65931863727 1.38089242884e-19
9.67935871743 1.34035325392e-19
9.6993987976 1.30100980647e-19
9.71943887776 1.26282663134e-19
9.73947895792 1.22576933093e-19
9.75951903808 1.18980453345e-19
9.77955911824 1.15489986212e-19
9.7995991984 1.1210239053e-19
9.81963927856 1.0881461875e-19
9.83967935872 1.05623714136e-19
9.85971943888 1.02526808035e-19
9.87975951904 9.95211172398e-20
9.8997995992 0.0
9.91983967936 0.0
9.93987975952 0.0
9.95991983968 0.0
9.97995991984 0.0
10.0 0.0
