0.0 0.0
0.0200400801603 0.0
0.0400801603206 0.0
0.060120240481 0.0
0.0801603206413 0.0
0.100200400802 0.0
0.120240480962 2.11512324378e-10
0.140280561122 4.18870879942e-11
0.160320641283 1.59703248918e-11
0.180360721443 9.99244029299e-12
0.200400801603 8.17065073001e-12
0.220440881764 3.13870488475e-10
0.240480961924 3.05414922653e-10
0.260521042084 1.00214052445e-11
0.280561122244 1.1050256127e-11
0.300601202405 1.19077621235e-11
0.320641282565 1.28507491188e-11
0.340681362725 1.39558551347e-11
0.360721442886 1.46754867585e-11
0.380761523046 1.52892026519e-11
0.400801603206 1.58380721249e-11
0.420841683367 1.63434244153e-11
0.440881763527 1.68103300574e-11
0.460921843687 1.72363402458e-11
0.480961923848 1.76151557633e-11
0.501002004008 1.79285395647e-11
0.521042084168 1.82181787419e-11
0.541082164329 1.84821398123e-11
0.561122244489 1.87204653977e-11
0.581162324649 1.89420843032e-11
0.60120240481 1.91478246966e-11
0.62124248497 1.93272988533e-11
0.64128256513 1.94872042333e-11
0.661322645291 1.96384318315e-11
0.681362725451 1.97559805132e-11
0.701402805611 1.97875515668e-11
0.721442885772 1.98177973971e-11
0.741482965932 1.98443087702e-11
0.761523046092 1.98425505312e-11
0.781563126253 1.98388778039e-11
0.801603206413 1.98376650066e-11
0.821643286573 1.97593405912e-11
0.841683366733 1.96312456677e-11
0.861723446894 1.95088767616e-11
0.881763527054 1.93490201411e-11
0.901803607214 1.90792800643e-11
0.921843687375 1.88216374145e-11
0.941883767535 1.85743492399e-11
0.961923847695 1.82741643703e-11
0.981963927856 1.7981744311e-11
1.00200400802 1.77030158564e-11
1.02204408818 1.7465045509e-11
1.04208416834 1.72551777259e-11
1.0621242485 1.70523511856e-11
1.08216432866 1.68475214968e-11
1.10220440882 1.66318008459e-11
1.12224448898 1.6423938204e-11
1.14228456914 1.62271439736e-11
1.1623246493 1.59678502145e-11
1.18236472946 1.57130154571e-11
1.20240480962 1.54667591803e-11
1.22244488978 1.52234862437e-11
1.24248496994 1.49848972273e-11
1.2625250501 1.47538084677e-11
1.28256513026 1.45330341393e-11
1.30260521042 1.43278886094e-11
1.32264529058 1.41290394906e-11
1.34268537074 1.39361301586e-11
1.3627254509 1.37721477996e-11
1.38276553106 1.36142055433e-11
1.40280561122 1.3460216409e-11
1.42284569138 1.32930564647e-11
1.44288577154 1.31201571067e-11
1.4629258517 1.29519074729e-11
1.48296593186 1.27903030651e-11
1.50300601202 1.26387958608e-11
1.52304609218 1.24913145875e-11
1.54308617234 1.23495219029e-11
1.56312625251 1.21835208015e-11
1.58316633267 1.20205886389e-11
1.60320641283 1.18617757066e-11
1.62324649299 1.17074505559e-11
1.64328657315 1.15572261564e-11
1.66332665331 1.14104304551e-11
1.68336673347 1.12731045728e-11
1.70340681363 1.11538946881e-11
1.72344689379 1.10374780865e-11
1.74348697395 1.09236161666e-11
1.76352705411 1.07478770117e-11
1.78356713427 1.05741162836e-11
1.80360721443 1.04042528563e-11
1.82364729459 1.02588231174e-11
1.84368737475 1.01280850071e-11
1.86372745491 1.00001750786e-11
1.88376753507 9.8927993915e-12
1.90380761523 9.82691349918e-12
1.92384769539 9.76240980112e-12
1.94388777555 9.6992451743e-12
1.96392785571 9.56946096639e-12
1.98396793587 9.44093939499e-12
2.00400801603 9.3125244519e-12
2.02404809619 9.1946020991e-12
2.04408817635 9.07784873953e-12
2.06412825651 8.963391683e-12
2.08416833667 8.85163581166e-12
2.10420841683 8.74302800994e-12
2.12424849699 8.63649514079e-12
2.14428857715 8.53197823397e-12
2.16432865731 8.42494264341e-12
2.18436873747 8.31985069096e-12
2.20440881764 8.21669160011e-12
2.2244488978 8.10215795929e-12
2.24448897796 7.98293697026e-12
2.26452905812 7.8658466561e-12
2.28456913828 7.74881028446e-12
2.30460921844 7.62977303143e-12
2.3246492986 7.51280667142e-12
2.34468937876 7.39787294693e-12
2.36472945892 7.30787429056e-12
2.38476953908 7.21940371248e-12
2.40480961924 7.13242255496e-12
2.4248496994 7.04446490341e-12
2.44488977956 6.95678092589e-12
2.46492985972 6.87053613905e-12
2.48496993988 6.77447760247e-12
2.50501002004 6.65845313753e-12
2.5250501002 6.54428348177e-12
2.54509018036 6.43242003671e-12
2.56513026052 6.36652727279e-12
2.58517034068 6.3016663659e-12
2.60521042084 6.23781321304e-12
2.625250501 6.15134197265e-12
2.64529058116 6.0552243173e-12
2.66533066132 5.9605619384e-12
2.68537074148 5.86806097996e-12
2.70541082164 5.7782945392e-12
2.7254509018 5.68985700338e-12
2.74549098196 5.6029920224e-12
2.76553106212 5.52982583706e-12
2.78557114228 5.45771997171e-12
2.80561122244 5.38665149359e-12
2.82565130261 5.28875247452e-12
2.84569138277 5.17990156997e-12
2.86573146293 5.07258058371e-12
2.88577154309 4.98097357557e-12
2.90581162325 4.91556623924e-12
2.92585170341 4.85106077391e-12
2.94589178357 4.78685412753e-12
2.96593186373 4.7057711407e-12
2.98597194389 4.62578220545e-12
3.00601202405 4.54686528418e-12
3.02605210421 4.46776600527e-12
3.04609218437 4.38919218961e-12
3.06613226453 4.31165047049e-12
3.08617234469 4.2367481368e-12
3.10621242485 4.16554794235e-12
3.12625250501 4.09526499067e-12
3.14629258517 4.02615240012e-12
3.16633266533 3.96405467047e-12
3.18637274549 3.90274192349e-12
3.20641282565 3.84219933642e-12
3.22645290581 3.77046884753e-12
3.24649298597 3.69482913423e-12
3.26653306613 3.6201211781e-12
3.28657314629 3.54357671376e-12
3.30661322645 3.46354408001e-12
3.32665330661 3.38447911969e-12
3.34669338677 3.30731183311e-12
3.36673346693 3.24811831196e-12
3.38677354709 3.18962814388e-12
3.40681362725 3.13182884177e-12
3.42685370741 3.07173124264e-12
3.44689378758 3.01119805663e-12
3.46693386774 2.95136722188e-12
3.4869739479 2.8932181696e-12
3.50701402806 2.83726163116e-12
3.52705410822 2.78194323979e-12
3.54709418838 2.72683446693e-12
3.56713426854 2.66613628806e-12
3.5871743487 2.60611845069e-12
3.60721442886 2.54676956012e-12
3.62725450902 2.49088230817e-12
3.64729458918 2.43662791292e-12
3.66733466934 2.38296831069e-12
3.6873747495 2.33164958191e-12
3.70741482966 2.2834754168e-12
3.72745490982 2.23582088755e-12
3.74749498998 2.18881848127e-12
3.76753507014 2.14409656563e-12
3.7875751503 2.09984936477e-12
3.80761523046 2.05606934572e-12
3.82765531062 2.00691536263e-12
3.84769539078 1.95626875365e-12
3.86773547094 1.90614835135e-12
3.8877755511 1.85937464524e-12
3.90781563126 1.81707779038e-12
3.92785571142 1.7752137226e-12
3.94789579158 1.7340688851e-12
3.96793587174 1.69654753404e-12
3.9879759519 1.65940433269e-12
4.00801603206 1.62263358232e-12
4.02805611222 1.58275171549e-12
4.04809619238 1.54213331543e-12
4.06813627255 1.5019160651e-12
4.08817635271 1.46476931611e-12
4.10821643287 1.43160879834e-12
4.12825651303 1.39877106123e-12
4.14829659319 1.3661300839e-12
4.16833667335 1.33263570383e-12
4.18837675351 1.29946261581e-12
4.20841683367 1.26660621083e-12
4.22845691383 1.23634567435e-12
4.24849699399 1.20707420625e-12
4.26853707415 1.17807825063e-12
4.28857715431 1.14865554308e-12
4.30861723447 1.11860026557e-12
4.32865731463 1.08882389519e-12
4.34869739479 1.05964937621e-12
4.36873747495 1.03354522002e-12
4.38877755511 1.00768000208e-12
4.40881763527 9.82050450761e-13
4.42885771543 9.58434496701e-13
4.44889779559 9.35549127665e-13
4.46893787575 9.12869477667e-13
4.48897795591 8.90202992007e-13
4.50901803607 8.675020572e-13
4.52905811623 8.45002447723e-13
4.54909819639 8.22812395572e-13
4.56913827655 8.01672541963e-13
4.58917835671 7.80717706102e-13
4.60921843687 7.59945465208e-13
4.62925851703 7.39582049912e-13
4.64929859719 7.19457077888e-13
4.66933867735 6.99505198213e-13
4.68937875752 6.80769146267e-13
4.70941883768 6.63441319364e-13
4.72945891784 6.46260643317e-13
4.749498998 6.29052440367e-13
4.76953907816 6.10781148346e-13
4.78957915832 5.92663040875e-13
4.80961923848 5.74696196254e-13
4.82965931864 5.58540981754e-13
4.8496993988 5.42946914008e-13
4.86973947896 5.2748143808e-13
4.88977955912 5.1247960019e-13
4.90981963928 4.97986316981e-13
4.92985971944 4.83611087354e-13
4.9498997996 4.69542292617e-13
4.96993987976 4.56798244593e-13
4.98997995992 4.44156755836e-13
5.01002004008 4.3184884621e-13
5.03006012024 4.19853855485e-13
5.0501002004 4.07954242398e-13
5.07014028056 3.96771144107e-13
5.09018036072 3.85689046609e-13
5.11022044088 3.74694029506e-13
5.13026052104 3.63785068425e-13
5.1503006012 3.52961155037e-13
5.17034068136 3.42986459481e-13
5.19038076152 3.33138098246e-13
5.21042084168 3.23365631027e-13
5.23046092184 3.13668182179e-13
5.250501002 3.04044889509e-13
5.27054108216 2.95367313716e-13
5.29058116232 2.86853235056e-13
5.31062124248 2.784035293e-13
5.33066132265 2.70017467658e-13
5.35070140281 2.61694332328e-13
5.37074148297 2.53672590161e-13
5.39078156313 2.4574983286e-13
5.41082164329 2.37885862212e-13
5.43086172345 2.30080025061e-13
5.45090180361 2.2233167792e-13
5.47094188377 2.15399638401e-13
5.49098196393 2.08686409311e-13
5.51102204409 2.02022087189e-13
5.53106212425 1.95406138436e-13
5.55110220441 1.8883803721e-13
5.57114228457 1.82593896688e-13
5.59118236473 1.76473355029e-13
5.61122244489 1.70396603015e-13
5.63126252505 1.64363171431e-13
5.65130260521 1.58372597765e-13
5.67134268537 1.52927706035e-13
5.69138276553 1.47699855802e-13
5.71142284569 1.42508752407e-13
5.73146292585 1.37354008955e-13
5.75150300601 1.32235243976e-13
5.77154308617 1.27334315415e-13
5.79158316633 1.22546319088e-13
5.81162324649 1.17791395057e-13
5.83166332665 1.1306920114e-13
5.85170340681 1.08379399874e-13
5.87174348697 1.0394438075e-13
5.89178356713 9.965568556e-14
5.91182364729 9.53961103292e-14
5.93186372745 9.11653588739e-14
5.95190380762 8.69631390261e-14
5.97194388778 8.32004014718e-14
5.99198396794 7.97181977733e-14
6.0120240481 7.62592454387e-14
6.03206412826 7.28233118466e-14
6.05210420842 6.94101674792e-14
6.07214428858 6.61901539049e-14
6.09218436874 6.31166236112e-14
6.1122244489 6.00632788269e-14
6.13226452906 5.70299209055e-14
6.15230460922 5.4016353808e-14
6.17234468938 5.11213680492e-14
6.19238476954 4.8330777503e-14
6.2124248497 4.55582175272e-14
6.23246492986 4.28035135528e-14
6.25250501002 4.0066493265e-14
6.27254509018 3.75554341744e-14
6.29258517034 3.52724054803e-14
6.3126252505 3.30038945908e-14
6.33266533066 3.07497631383e-14
6.35270541082 2.85098745155e-14
6.37274549098 2.64277832217e-14
6.39278557114 2.45306394831e-14
6.4128256513 2.26453717165e-14
6.43286573146 2.07718684745e-14
6.45290581162 1.89100197059e-14
6.47294589178 1.72727877536e-14
6.49298597194 1.59461367904e-14
6.5130260521 1.46276651706e-14
6.53306613226 1.33172972441e-14
6.55310621242 1.20149582958e-14
6.57314629259 1.08689883434e-14
6.59318637275 9.97795840245e-15
6.61322645291 9.09234118903e-15
6.63326653307 8.21208732782e-15
6.65330661323 7.33714804675e-15
6.67334669339 6.496946766e-15
6.69338677355 5.7205588245e-15
6.71342685371 4.94881674122e-15
6.73346693387 4.18167876407e-15
6.75350701403 3.41910364371e-15
6.77354709419 2.74078434641e-15
6.79358717435 2.25837987547e-15
6.81362725451 1.77882186862e-15
6.83366733467 1.30208505637e-15
6.85370741483 8.28144470859e-16
6.87374749499 4.54758674573e-16
6.89378757515 3.72158126587e-16
6.91382765531 2.90043357449e-16
6.93386773547 2.08409968188e-16
6.95390781563 1.27253615616e-16
6.97394789579 6.17934935991e-17
6.99398797595 5.30974270398e-17
7.01402805611 4.44568950836e-17
7.03406813627 3.58712639881e-17
7.05410821643 2.73399115477e-17
7.07414829659 1.98126461177e-17
7.09418837675 1.69043855213e-17
7.11422845691 1.40175166352e-17
7.13426853707 1.11517227405e-17
7.15430861723 8.30669438664e-18
7.17434869739 5.82735396791e-18
7.19438877756 5.64351774504e-18
7.21442885772 5.46499768159e-18
7.23446893788 5.29163250007e-18
7.25450901804 5.12326589783e-18
7.2745490982 4.96065273452e-18
7.29458917836 4.8117719071e-18
7.31462925852 4.66739459743e-18
7.33466933868 4.52738334174e-18
7.35470941884 4.39160491611e-18
7.374749499 4.25993020416e-18
7.39478957916 4.13223406889e-18
7.41482965932 4.00839522851e-18
7.43486973948 3.88829613628e-18
7.45490981964 3.77182286411e-18
7.4749498998 3.65886498984e-18
7.49498997996 3.54931548809e-18
7.51503006012 3.44307062454e-18
7.53507014028 3.34002985357e-18
7.55511022044 3.24009571909e-18
7.5751503006 3.14317375852e-18
7.59519038076 3.04917240979e-18
7.61523046092 2.95800292127e-18
7.63527054108 2.86957926454e-18
7.65531062124 2.78381804987e-18
7.6753507014 2.70063844439e-18
7.69539078156 2.61996209283e-18
7.71543086172 2.54171304075e-18
7.73547094188 2.46581766013e-18
7.75551102204 2.39220457737e-18
7.7755511022 2.32080460351e-18
7.79559118236 2.25155066662e-18
7.81563126253 2.18437774634e-18
7.83567134269 2.11922281045e-18
7.85571142285 2.05602475344e-18
7.87575150301 1.99472433699e-18
7.89579158317 1.9352641323e-18
7.91583166333 1.87758846426e-18
7.93587174349 1.82164335734e-18
7.95591182365 1.76737648315e-18
7.97595190381 1.71473710967e-18
7.99599198397 1.66367605205e-18
8.01603206413 1.61414562495e-18
8.03607214429 1.56609959635e-18
8.05611222445 1.51949314284e-18
8.07615230461 1.47428280621e-18
8.09619238477 1.43042645152e-18
8.11623246493 1.38788322639e-18
8.13627254509 1.34661352154e-18
8.15631262525 1.30657893265e-18
8.17635270541 1.26774222328e-18
8.19639278557 1.23006728908e-18
8.21643286573 1.19351912298e-18
8.23647294589 1.15806378155e-18
8.25651302605 1.12366835237e-18
8.27655310621 1.09030092241e-18
8.29659318637 1.05793054741e-18
8.31663326653 1.02652722218e-18
8.33667334669 9.96061851843e-19
8.35671342685 9.66506223943e-19
8.37675350701 9.37832981464e-19
8.39679358717 9.10015596629e-19
8.41683366733 8.83028345544e-19
8.43687374749 8.56846283612e-19
8.45691382766 8.31445221711e-19
8.47695390782 8.06801703103e-19
8.49699398798 7.82892981068e-19
8.51703406814 7.59696997213e-19
8.5370741483 7.37192360458e-19
8.55711422846 7.15358326674e-19
8.57715430862 6.9417477894e-19
8.59719438878 6.73622208414e-19
8.61723446894 6.53681695794e-19
8.6372745491 6.34334893345e-19
8.65731462926 6.15564007482e-19
8.67735470942 5.97351781895e-19
8.69739478958 5.79681481179e-19
8.71743486974 5.62536874982e-19
8.7374749499 5.45902222632e-19
8.75751503006 5.29762258239e-19
8.77755511022 5.14102176253e-19
8.79759519038 4.98907617468e-19
8.81763527054 4.84164655453e-19
8.8376753507 4.69859783404e-19
8.85771543086 4.55979901389e-19
8.87775551102 4.42512303999e-19
8.89779559118 4.29444668364e-19
8.91783567134 4.16765042547e-19
8.9378757515 4.04461834282e-19
8.95791583166 3.9252380007e-19
8.97795591182 3.80940034597e-19
8.99799599198 3.69699960485e-19
9.01803607214 3.58793318349e-19
9.0380761523 3.48210157163e-19
9.05811623246 3.37940824922e-19
9.07815631263 3.27975959582e-19
9.09819639279 3.18306480284e-19
9.11823647295 3.08923578844e-19
9.13827655311 2.99818711499e-19
9.15831663327 2.90983590912e-19
9.17835671343 2.82410178416e-19
9.19839679359 2.74090676495e-19
9.21843687375 2.66017521496e-19
9.23847695391 2.58183376561e-19
9.25851703407 2.50581124776e-19
9.27855711423 2.43203862532e-19
9.29859719439 2.36044893079e-19
9.31863727455 2.29097720284e-19
9.33867735471 2.22356042579e-19
9.35871743487 2.15813747089e-19
9.37875751503 2.09464903941e-19
9.39879759519 2.03303760745e-19
9.41883767535 1.97324737245e-19
9.43887775551 1.91522420131e-19
9.45891783567 1.85891558007e-19
9.47895791583 1.80427056516e-19
9.49899799599 1.75123973609e-19
9.51903807615 1.69977514959e-19
9.53907815631 1.64983029518e-19
9.55911823647 1.60136005198e-19
9.57915831663 1.55432064699e-19
9.59919839679 1.50866961448e-19
9.61923847695 1.46436575671e-19
9.63927855711 1.42136910581e-19
9.65931863727 1.37964088679e-19
9.67935871743 1.33914348173e-19
9.6993987976 1.29984039499e-19
9.71943887776 1.26169621953e-19
9.73947895792 1.22467660418e-19
9.75951903808 1.18874822197e-19
9.77955911824 1.15387873942e-19
9.7995991984 1.12003678665e-19
9.81963927856 1.08719192855e-19
9.83967935872 1.05531463669e-19
9.85971943888 1.02437626217e-19
9.87975951904 9.94349009212e-20
9.8997995992 0.0
9.91983967936 0.0
9.93987975952 0.0
9.95991983968 0.0
9.97995991984 0.0
10.0 0.0
