0.0 0.0
0.0200400801603 0.0
0.0400801603206 0.0
0.060120240481 0.0
0.0801603206413 0.0
0.100200400802 0.0
0.120240480962 0.0
0.140280561122 6.93010345128e-11
0.160320641283 2.0604674262e-11
0.180360721443 1.21178616876e-11
0.200400801603 9.65392928735e-12
0.220440881764 3.69794901369e-10
0.240480961924 3.56266280107e-10
0.260521042084 1.15325165728e-11
0.280561122244 1.26667226129e-11
0.300601202405 1.36087827447e-11
0.320641282565 1.4653228275e-11
0.340681362725 1.58864481802e-11
0.360721442886 1.66813188987e-11
0.380761523046 1.73579416294e-11
0.400801603206 1.79632202994e-11
0.420841683367 1.85210731151e-11
0.440881763527 1.90368246023e-11
0.460921843687 1.95075108847e-11
0.480961923848 1.99258579046e-11
0.501002004008 2.0271070195e-11
0.521042084168 2.05903101589e-11
0.541082164329 2.08818605298e-11
0.561122244489 2.11451114457e-11
0.581162324649 2.13900375516e-11
0.60120240481 2.16176968941e-11
0.62124248497 2.18162215274e-11
0.64128256513 2.19930072733e-11
0.661322645291 2.21602420166e-11
0.681362725451 2.22894884729e-11
0.701402805611 2.23219143508e-11
0.721442885772 2.23531388784e-11
0.741482965932 2.23807214227e-11
0.761523046092 2.23766289949e-11
0.781563126253 2.23705738792e-11
0.801603206413 2.23672242784e-11
0.821643286573 2.22768518079e-11
0.841683366733 2.21304949048e-11
0.861723446894 2.19908440789e-11
0.881763527054 2.18092494222e-11
0.901803607214 2.15038267049e-11
0.921843687375 2.12121920596e-11
0.941883767535 2.09324815688e-11
0.961923847695 2.05932265653e-11
0.981963927856 2.02628338062e-11
1.00200400802 1.99477595246e-11
1.02204408818 1.96785999282e-11
1.04208416834 1.94412132602e-11
1.0621242485 1.92119745686e-11
1.08216432866 1.8980888997e-11
1.10220440882 1.87375694829e-11
1.12224448898 1.85031506769e-11
1.14228456914 1.82807884607e-11
1.1623246493 1.7987995762e-11
1.18236472946 1.77002811853e-11
1.20240480962 1.74222897869e-11
1.22244488978 1.71477080468e-11
1.24248496994 1.68784455018e-11
1.2625250501 1.66176956386e-11
1.28256513026 1.63686590606e-11
1.30260521042 1.61372646549e-11
1.32264529058 1.59129915932e-11
1.34268537074 1.56954445153e-11
1.3627254509 1.55105174866e-11
1.38276553106 1.53324151874e-11
1.40280561122 1.51588615981e-11
1.42284569138 1.49705251328e-11
1.44288577154 1.47757329224e-11
1.4629258517 1.45862082432e-11
1.48296593186 1.44042208639e-11
1.50300601202 1.4233618135e-11
1.52304609218 1.40675581315e-11
1.54308617234 1.39076838022e-11
1.56312625251 1.37205378127e-11
1.58316633267 1.35368610956e-11
1.60320641283 1.33578346359e-11
1.62324649299 1.31838735787e-11
1.64328657315 1.30145419893e-11
1.66332665331 1.28491096311e-11
1.68336673347 1.26944144327e-11
1.70340681363 1.2560133999e-11
1.72344689379 1.24290050146e-11
1.74348697395 1.23007761099e-11
1.76352705411 1.21028430696e-11
1.78356713427 1.19071436109e-11
1.80360721443 1.17158374158e-11
1.82364729459 1.15520592656e-11
1.84368737475 1.1404834727e-11
1.86372745491 1.12607989996e-11
1.88376753507 1.113989744e-11
1.90380761523 1.1065735184e-11
1.92384769539 1.09931310492e-11
1.94388777555 1.09220363337e-11
1.96392785571 1.07758990928e-11
1.98396793587 1.06311861536e-11
2.00400801603 1.04869073677e-11
2.02404809619 1.03537854392e-11
2.04408817635 1.02223168623e-11
2.06412825651 1.00934341994e-11
2.08416833667 9.96759349207e-12
2.10420841683 9.84529808214e-12
2.12424849699 9.72533917441e-12
2.14428857715 9.6076503393e-12
2.16432865731 9.4871238865e-12
2.18436873747 9.36878609448e-12
2.20440881764 9.25262482076e-12
2.2244488978 9.12365126112e-12
2.24448897796 8.98939774425e-12
2.26452905812 8.85754377629e-12
2.28456913828 8.72575025249e-12
2.30460921844 8.59170279202e-12
2.3246492986 8.45998757369e-12
2.34468937876 8.33056149394e-12
2.36472945892 8.22921978591e-12
2.38476953908 8.12959867456e-12
2.40480961924 8.0316546252e-12
2.4248496994 7.93261029546e-12
2.44488977956 7.83387377867e-12
2.46492985972 7.73675780154e-12
2.48496993988 7.62858838917e-12
2.50501002004 7.49793152675e-12
2.5250501002 7.36936359617e-12
2.54509018036 7.24339298617e-12
2.56513026052 7.16919743204e-12
2.58517034068 7.09616356532e-12
2.60521042084 7.02426425239e-12
2.625250501 6.92689083047e-12
2.64529058116 6.81865291172e-12
2.66533066132 6.71205384923e-12
2.68537074148 6.60788892975e-12
2.70541082164 6.50680358787e-12
2.7254509018 6.40721475781e-12
2.74549098196 6.30939684538e-12
2.76553106212 6.22700676763e-12
2.78557114228 6.14581063265e-12
2.80561122244 6.06578261753e-12
2.82565130261 5.95553732735e-12
2.84569138277 5.8329578169e-12
2.86573146293 5.71210136486e-12
2.88577154309 5.60894220163e-12
2.90581162325 5.53528927033e-12
2.92585170341 5.46265185274e-12
2.94589178357 5.39035079472e-12
2.96593186373 5.29904344569e-12
2.98597194389 5.20896815106e-12
3.00601202405 5.12010009168e-12
3.02605210421 5.03102660368e-12
3.04609218437 4.94254483635e-12
3.06613226453 4.85522535683e-12
3.08617234469 4.77087826919e-12
3.10621242485 4.69070041674e-12
3.12625250501 4.61155548505e-12
3.14629258517 4.53372853111e-12
3.16633266533 4.46380148967e-12
3.18637274549 4.39475839567e-12
3.20641282565 4.32658255803e-12
3.22645290581 4.24580716993e-12
3.24649298597 4.16062931744e-12
3.26653306613 4.07650077676e-12
3.28657314629 3.99030402589e-12
3.30661322645 3.90017904112e-12
3.32665330661 3.81114383838e-12
3.34669338677 3.72424574306e-12
3.36673346693 3.65758894426e-12
3.38677354709 3.59172419188e-12
3.40681362725 3.52663742437e-12
3.42685370741 3.45896239249e-12
3.44689378758 3.39079680242e-12
3.46693386774 3.3234221469e-12
3.4869739479 3.25794140906e-12
3.50701402806 3.19492974182e-12
3.52705410822 3.13263669857e-12
3.54709418838 3.07057969588e-12
3.56713426854 3.00222822106e-12
3.5871743487 2.93464290792e-12
3.60721442886 2.86781092403e-12
3.62725450902 2.80487721944e-12
3.64729458918 2.74378232753e-12
3.66733466934 2.68335724615e-12
3.6873747495 2.6255682919e-12
3.70741482966 2.5713205177e-12
3.72745490982 2.51765790603e-12
3.74749498998 2.46472965478e-12
3.76753507014 2.41436951179e-12
3.7875751503 2.36454394105e-12
3.80761523046 2.31524446007e-12
3.82765531062 2.25989322212e-12
3.84769539078 2.20286110729e-12
3.86773547094 2.14642157118e-12
3.8877755511 2.09375082096e-12
3.90781563126 2.04612153471e-12
3.92785571142 1.99897960976e-12
3.94789579158 1.95264761464e-12
3.96793587174 1.91039607437e-12
3.9879759519 1.86857036088e-12
4.00801603206 1.82716405731e-12
4.02805611222 1.78225427866e-12
4.04809619238 1.73651507932e-12
4.06813627255 1.69122761854e-12
4.08817635271 1.64939787598e-12
4.10821643287 1.61205705416e-12
4.12825651303 1.57507970708e-12
4.14829659319 1.53832392243e-12
4.16833667335 1.50060710813e-12
4.18837675351 1.46325209608e-12
4.20841683367 1.42625369637e-12
4.22845691383 1.39217850442e-12
4.24849699399 1.35921709517e-12
4.26853707415 1.32656593179e-12
4.28857715431 1.29343419531e-12
4.30861723447 1.25959011657e-12
4.32865731463 1.22606011036e-12
4.34869739479 1.19320784344e-12
4.36873747495 1.16381309588e-12
4.38877755511 1.13468740781e-12
4.40881763527 1.10582709548e-12
4.42885771543 1.07923427545e-12
4.44889779559 1.05346415317e-12
4.46893787575 1.02792568048e-12
4.48897795591 1.00240202368e-12
4.50901803607 9.76839566494e-13
4.52905811623 9.51503813069e-13
4.54909819639 9.26516642621e-13
4.56913827655 9.02712082667e-13
4.58917835671 8.79115862346e-13
4.60921843687 8.55725253747e-13
4.62925851703 8.32795012391e-13
4.64929859719 8.10133273054e-13
4.66933867735 7.87666445228e-13
4.68937875752 7.66568737056e-13
4.70941883768 7.47056802223e-13
4.72945891784 7.27710564518e-13
4.749498998 7.08333322756e-13
4.76953907816 6.87758950032e-13
4.78957915832 6.67357071552e-13
4.80961923848 6.47125523567e-13
4.82965931864 6.28934012369e-13
4.8496993988 6.11374391866e-13
4.86973947896 5.93959570701e-13
4.88977955912 5.77066837333e-13
4.90981963928 5.60746771055e-13
4.92985971944 5.44559637196e-13
4.9498997996 5.28717567746e-13
4.96993987976 5.14367258908e-13
4.98997995992 5.00132433919e-13
5.01002004008 4.86273238667e-13
5.03006012024 4.72766408084e-13
5.0501002004 4.59366974601e-13
5.07014028056 4.46774384305e-13
5.09018036072 4.34295523028e-13
5.11022044088 4.21914715619e-13
5.13026052104 4.09630808795e-13
5.1503006012 3.97442667328e-13
5.17034068136 3.86210800935e-13
5.19038076152 3.75121191206e-13
5.21042084168 3.64117038989e-13
5.23046092184 3.53197358454e-13
5.250501002 3.42361178913e-13
5.27054108216 3.32589937332e-13
5.29058116232 3.23002800276e-13
5.31062124248 3.1348814726e-13
5.33066132265 3.04045157805e-13
5.35070140281 2.94673023801e-13
5.37074148297 2.8564027482e-13
5.39078156313 2.76718985716e-13
5.41082164329 2.67863890799e-13
5.43086172345 2.59074254733e-13
5.45090180361 2.50349353062e-13
5.47094188377 2.42543662984e-13
5.49098196393 2.34984363979e-13
5.51102204409 2.27480133992e-13
5.53106212425 2.20030372305e-13
5.55110220441 2.12634486929e-13
5.57114228457 2.056033985e-13
5.59118236473 1.98711487087e-13
5.61122244489 1.91868882679e-13
5.63126252505 1.85075057038e-13
5.65130260521 1.78329489469e-13
5.67134268537 1.72198390046e-13
5.69138276553 1.66311689625e-13
5.71142284569 1.60466365679e-13
5.73146292585 1.54661982651e-13
5.75150300601 1.48898111098e-13
5.77154308617 1.43379533733e-13
5.79158316633 1.37988122296e-13
5.81162324649 1.32633949936e-13
5.83166332665 1.27316631432e-13
5.85170340681 1.22035786875e-13
5.87174348697 1.17041839457e-13
5.89178356713 1.12212659023e-13
5.91182364729 1.0741626734e-13
5.93186372745 1.02652330974e-13
5.95190380762 9.79205210086e-14
5.97194388778 9.36835904864e-14
5.99198396794 8.97625545019e-14
6.0120240481 8.58676988883e-14
6.03206412826 8.19987617806e-14
6.05210420842 7.81554848054e-14
6.07214428858 7.45296817008e-14
6.09218436874 7.10688248171e-14
6.1122244489 6.76306961812e-14
6.13226452906 6.42150721759e-14
6.15230460922 6.08217321177e-14
6.17234468938 5.75619192976e-14
6.19238476954 5.44196593848e-14
6.2124248497 5.12977013636e-14
6.23246492986 4.81958487195e-14
6.25250501002 4.51139074744e-14
6.27254509018 4.22864086354e-14
6.29258517034 3.97156821065e-14
6.3126252505 3.71613019673e-14
6.33266533066 3.46231124633e-14
6.35270541082 3.21009598195e-14
6.37274549098 2.97564934804e-14
6.39278557114 2.76202858582e-14
6.4128256513 2.54974498823e-14
6.43286573146 2.3387860106e-14
6.45290581162 2.12913926527e-14
6.47294589178 1.94478533188e-14
6.49298597194 1.79540417245e-14
6.5130260521 1.64694391705e-14
6.53306613226 1.49939605172e-14
6.55310621242 1.35275216762e-14
6.57314629259 1.22371604414e-14
6.59318637275 1.12338722677e-14
6.61322645291 1.02366778255e-14
6.63326653307 9.24552155833e-15
6.65330661323 8.26034858783e-15
6.67334669339 7.3142910574e-15
6.69338677355 6.44008912722e-15
6.71342685371 5.57111755835e-15
6.73346693387 4.70732937274e-15
6.75350701403 3.84867815726e-15
6.77354709419 3.08490174669e-15
6.79358717435 2.54173306835e-15
6.81362725451 2.00176860965e-15
6.83366733467 1.46497994953e-15
6.85370741483 9.3133900542e-16
6.87374749499 5.10926164349e-16
6.89378757515 4.17949053873e-16
6.91382765531 3.25517928608e-16
6.93386773547 2.33627866877e-16
6.95390781563 1.42274008827e-16
6.97394789579 6.8593837107e-17
6.99398797595 5.883146268e-17
7.01402805611 4.9130721438e-17
7.03406813627 3.94909274397e-17
7.05410821643 2.99114068751e-17
7.07414829659 2.14617089871e-17
7.09418837675 1.8212403808e-17
7.11422845691 1.49864135051e-17
7.13426853707 1.1783405126e-17
7.15430861723 8.60305316898e-18
7.17434869739 5.83377634866e-18
7.19438877756 5.64864631627e-18
7.21442885772 5.46883981893e-18
7.23446893788 5.29419551166e-18
7.25450901804 5.12455702529e-18
7.2745490982 4.9607933887e-18
7.29458917836 4.81190759108e-18
7.31462925852 4.66752548982e-18
7.33466933868 4.52750961458e-18
7.35470941884 4.39172673517e-18
7.374749499 4.26004772916e-18
7.39478957916 4.13234745371e-18
7.41482965932 4.0085046214e-18
7.43486973948 3.8884016801e-18
7.45490981964 3.77192469652e-18
7.4749498998 3.65896324348e-18
7.49498997996 3.54941029077e-18
7.51503006012 3.44316209944e-18
7.53507014028 3.34011811939e-18
7.55511022044 3.24018089021e-18
7.5751503006 3.14325594518e-18
7.59519038076 3.04925171824e-18
7.61523046092 2.95807945391e-18
7.63527054108 2.86965312005e-18
7.65531062124 2.78388932337e-18
7.6753507014 2.70070722756e-18
7.69539078156 2.62002847406e-18
7.71543086172 2.5417771052e-18
7.73547094188 2.46587948992e-18
7.75551102204 2.39226425166e-18
7.7755511022 2.32086219859e-18
7.79559118236 2.25160625605e-18
7.81563126253 2.18443140102e-18
7.83567134269 2.11927459874e-18
7.85571142285 2.05607474125e-18
7.87575150301 1.99477258785e-18
7.89579158317 1.93531070747e-18
7.91583166333 1.87763342282e-18
7.93587174349 1.82168675622e-18
7.95591182365 1.76741837727e-18
7.97595190381 1.71477755197e-18
7.99599198397 1.66371509358e-18
8.01603206413 1.61418331494e-18
8.03607214429 1.56613598227e-18
8.05611222445 1.51952827046e-18
8.07615230461 1.47431671968e-18
8.09619238477 1.43045919342e-18
8.11623246493 1.38791483777e-18
8.13627254509 1.34664404199e-18
8.15631262525 1.30660840035e-18
8.17635270541 1.26777067507e-18
8.19639278557 1.23009476047e-18
8.21643286573 1.19354564823e-18
8.23647294589 1.15808939371e-18
8.25651302605 1.12369308331e-18
8.27655310621 1.09032480287e-18
8.29659318637 1.05795360705e-18
8.31663326653 1.02654948959e-18
8.33667334669 9.9608335462e-19
8.35671342685 9.66526988706e-19
8.37675350701 9.37853033887e-19
8.39679358717 9.10034961484e-19
8.41683366733 8.83047046725e-19
8.43687374749 8.56864344173e-19
8.45691382766 8.3146266389e-19
8.47695390782 8.06818548359e-19
8.49699398798 7.82909250102e-19
8.51703406814 7.59712709997e-19
8.5370741483 7.37207536264e-19
8.55711422846 7.15372984095e-19
8.57715430862 6.94188935917e-19
8.59719438878 6.73635882258e-19
8.61723446894 6.53694903207e-19
8.6372745491 6.34347650445e-19
8.65731462926 6.15576329822e-19
8.67735470942 5.97363684482e-19
8.69739478958 5.79692978497e-19
8.71743486974 5.62547981006e-19
8.7374749499 5.4591295085e-19
8.75751503006 5.29772621667e-19
8.77755511022 5.14112187452e-19
8.79759519038 4.9891728856e-19
8.81763527054 4.8417399814e-19
8.8376753507 4.69868808975e-19
8.85771543086 4.55988620744e-19
8.87775551102 4.42520727656e-19
8.89779559118 4.29452806476e-19
8.91783567134 4.16772904912e-19
8.9378757515 4.0446943036e-19
8.95791583166 3.9253113899e-19
8.97795591182 3.80947125171e-19
8.99799599198 3.69706811219e-19
9.01803607214 3.58799937454e-19
9.0380761523 3.48216552567e-19
9.05811623246 3.37947004275e-19
9.07815631263 3.27981930271e-19
9.09819639279 3.1831224944e-19
9.11823647295 3.08929153349e-19
9.13827655311 2.99824098e-19
9.15831663327 2.90988795825e-19
9.17835671343 2.82415207934e-19
9.19839679359 2.74095536598e-19
9.21843687375 2.66022217958e-19
9.23847695391 2.58187914956e-19
9.25851703407 2.50585510486e-19
9.27855711423 2.43208100754e-19
9.29859719439 2.36048988829e-19
9.31863727455 2.29101678407e-19
9.33867735471 2.22359867753e-19
9.35871743487 2.15817443831e-19
9.37875751503 2.09468476611e-19
9.39879759519 2.03307213555e-19
9.41883767535 1.97328074263e-19
9.43887775551 1.91525645282e-19
9.45891783567 1.85894675085e-19
9.47895791583 1.80430069182e-19
9.49899799599 1.751268854e-19
9.51903807615 1.69980329291e-19
9.53907815631 1.64985749688e-19
9.55911823647 1.60138634392e-19
9.57915831663 1.55434605993e-19
9.59919839679 1.50869417813e-19
9.61923847695 1.46438949976e-19
9.63927855711 1.42139205597e-19
9.65931863727 1.37966307083e-19
9.67935871743 1.33916492551e-19
9.6993987976 1.29986112347e-19
9.71943887776 1.26171625683e-19
9.73947895792 1.22469597358e-19
9.75951903808 1.188766946e-19
9.77955911824 1.15389683979e-19
9.7995991984 1.12005428436e-19
9.81963927856 1.08720884388e-19
9.83967935872 1.05533098922e-19
9.85971943888 1.02439207082e-19
9.87975951904 9.94364292274e-20
9.8997995992 0.0
9.91983967936 0.0
9.93987975952 0.0
9.95991983968 0.0
9.97995991984 0.0
10.0 0.0
