0.0 0.0
0.0200400801603 0.0
0.0400801603206 0.0
0.060120240481 0.0
0.0801603206413 0.0
0.100200400802 0.0
0.120240480962 0.0
0.140280561122 8.60234485346e-11
0.160320641283 2.21814978655e-11
0.180360721443 1.27559773389e-11
0.200400801603 1.0075664841e-11
0.220440881764 3.8520656954e-10
0.240480961924 3.70028014555e-10
0.260521042084 1.193671762e-11
0.280561122244 1.30952856528e-11
0.300601202405 1.40568088223e-11
0.320641282565 1.51255929932e-11
0.340681362725 1.63903880762e-11
0.360721442886 1.72032412692e-11
0.380761523046 1.78948422062e-11
0.400801603206 1.85135807187e-11
0.420841683367 1.90840177627e-11
0.440881763527 1.96115206716e-11
0.460921843687 2.00929751807e-11
0.480961923848 2.05208431034e-11
0.501002004008 2.08736613288e-11
0.521042084168 2.11999935004e-11
0.541082164329 2.14981695257e-11
0.561122244489 2.1767405748e-11
0.581162324649 2.20179399503e-11
0.60120240481 2.22508843643e-11
0.62124248497 2.24539878283e-11
0.64128256513 2.26348222567e-11
0.661322645291 2.28059049907e-11
0.681362725451 2.29379167761e-11
0.701402805611 2.29703522513e-11
0.721442885772 2.30016360447e-11
0.741482965932 2.30293173551e-11
0.761523046092 2.30244672896e-11
0.781563126253 2.30176552734e-11
0.801603206413 2.30136232768e-11
0.821643286573 2.29200467277e-11
0.841683366733 2.27689088054e-11
0.861723446894 2.26247371239e-11
0.881763527054 2.24374925238e-11
0.901803607214 2.21228678712e-11
0.921843687375 2.18224714484e-11
0.941883767535 2.15344075061e-11
0.961923847695 2.11851092714e-11
0.981963927856 2.0844960026e-11
1.00200400802 2.05205504697e-11
1.02204408818 2.0243376752e-11
1.04208416834 1.99989171218e-11
1.0621242485 1.9762892009e-11
1.08216432866 1.95250636938e-11
1.10220440882 1.9274662457e-11
1.12224448898 1.90334311966e-11
1.14228456914 1.88045116325e-11
1.1623246493 1.85031419594e-11
1.18236472946 1.82070111252e-11
1.20240480962 1.79208979643e-11
1.22244488978 1.76383055675e-11
1.24248496994 1.7361196562e-11
1.2625250501 1.70928604049e-11
1.28256513026 1.68365960305e-11
1.30260521042 1.65984888024e-11
1.32264529058 1.63677147826e-11
1.34268537074 1.614386861e-11
1.3627254509 1.59535851255e-11
1.38276553106 1.57703275542e-11
1.40280561122 1.55917715988e-11
1.42284569138 1.53980229803e-11
1.44288577154 1.51976370807e-11
1.4629258517 1.50026771126e-11
1.48296593186 1.48154826628e-11
1.50300601202 1.46400017601e-11
1.52304609218 1.44691960368e-11
1.54308617234 1.43047033793e-11
1.56312625251 1.41121592443e-11
1.58316633267 1.39231870607e-11
1.60320641283 1.37390010681e-11
1.62324649299 1.35600282395e-11
1.64328657315 1.338582014e-11
1.66332665331 1.32156316712e-11
1.68336673347 1.3056503719e-11
1.70340681363 1.29183766045e-11
1.72344689379 1.2783492593e-11
1.74348697395 1.26515970363e-11
1.76352705411 1.24480039059e-11
1.78356713427 1.22467097739e-11
1.80360721443 1.20499356397e-11
1.82364729459 1.18814781337e-11
1.84368737475 1.17300488566e-11
1.86372745491 1.15819005517e-11
1.88376753507 1.14575489345e-11
1.90380761523 1.13812739705e-11
1.92384769539 1.13066021424e-11
1.94388777555 1.1233483317e-11
1.96392785571 1.1083176843e-11
1.98396793587 1.09343360793e-11
2.00400801603 1.07860130994e-11
2.02404809619 1.06490163897e-11
2.04408817635 1.05137965787e-11
2.06412825651 1.03812366279e-11
2.08416833667 1.02518055978e-11
2.10420841683 1.01260211991e-11
2.12424849699 1.00026400777e-11
2.14428857715 9.88159389598e-12
2.16432865731 9.75762901898e-12
2.18436873747 9.63591534296e-12
2.20440881764 9.51644037035e-12
2.2244488978 9.38378710289e-12
2.24448897796 9.24570309413e-12
2.26452905812 9.11008723263e-12
2.28456913828 8.97453359253e-12
2.30460921844 8.83666169132e-12
2.3246492986 8.70118869895e-12
2.34468937876 8.56807027207e-12
2.36472945892 8.46383828329e-12
2.38476953908 8.36137600323e-12
2.40480961924 8.26063865114e-12
2.4248496994 8.15876957807e-12
2.44488977956 8.05721708932e-12
2.46492985972 7.9573313941e-12
2.48496993988 7.84607666602e-12
2.50501002004 7.71169249289e-12
2.5250501002 7.57945694639e-12
2.54509018036 7.44989292229e-12
2.56513026052 7.37358199904e-12
2.58517034068 7.29846587475e-12
2.60521042084 7.22451664183e-12
2.625250501 7.12436613002e-12
2.64529058116 7.01304102224e-12
2.66533066132 6.90340157109e-12
2.68537074148 6.79626575854e-12
2.70541082164 6.692297435e-12
2.7254509018 6.58986834872e-12
2.74549098196 6.48926073435e-12
2.76553106212 6.40452124369e-12
2.78557114228 6.32100975835e-12
2.80561122244 6.23869971784e-12
2.82565130261 6.12531012921e-12
2.84569138277 5.9992344033e-12
2.86573146293 5.87493095661e-12
2.88577154309 5.76882981432e-12
2.90581162325 5.69307682436e-12
2.92585170341 5.61836831261e-12
2.94589178357 5.54400574751e-12
2.96593186373 5.45009461952e-12
2.98597194389 5.35745071356e-12
3.00601202405 5.26604850098e-12
3.02605210421 5.17443501485e-12
3.04609218437 5.08343014696e-12
3.06613226453 4.9936207412e-12
3.08617234469 4.90686853756e-12
3.10621242485 4.82440451701e-12
3.12625250501 4.74300289238e-12
3.14629258517 4.66295685127e-12
3.16633266533 4.59103607698e-12
3.18637274549 4.52002446618e-12
3.20641282565 4.44990485137e-12
3.22645290581 4.36682630489e-12
3.24649298597 4.2792197377e-12
3.26653306613 4.19269243138e-12
3.28657314629 4.10403794465e-12
3.30661322645 4.01134320616e-12
3.32665330661 3.91976935714e-12
3.34669338677 3.83039359215e-12
3.36673346693 3.76183643446e-12
3.38677354709 3.69409391829e-12
3.40681362725 3.62715158069e-12
3.42685370741 3.5575471699e-12
3.44689378758 3.48743821955e-12
3.46693386774 3.41814276939e-12
3.4869739479 3.35079525678e-12
3.50701402806 3.28598723478e-12
3.52705410822 3.22191833686e-12
3.54709418838 3.15809221754e-12
3.56713426854 3.08779213804e-12
3.5871743487 3.01828008027e-12
3.60721442886 2.94954284537e-12
3.62725450902 2.88481506202e-12
3.64729458918 2.82197853433e-12
3.66733466934 2.75983092497e-12
3.6873747495 2.70039461832e-12
3.70741482966 2.64460047166e-12
3.72745490982 2.58940817763e-12
3.74749498998 2.53497118807e-12
3.76753507014 2.48317553615e-12
3.7875751503 2.43192970226e-12
3.80761523046 2.38122496194e-12
3.82765531062 2.32429592007e-12
3.84769539078 2.2656380841e-12
3.86773547094 2.20758973099e-12
3.8877755511 2.15341762523e-12
3.90781563126 2.10443072725e-12
3.92785571142 2.05594508981e-12
3.94789579158 2.0082924779e-12
3.96793587174 1.96483665936e-12
3.9879759519 1.92181881008e-12
4.00801603206 1.87923233022e-12
4.02805611222 1.83304249567e-12
4.04809619238 1.78599959872e-12
4.06813627255 1.73942132386e-12
4.08817635271 1.69639934706e-12
4.10821643287 1.65799426648e-12
4.12825651303 1.6199630242e-12
4.14829659319 1.58215966229e-12
4.16833667335 1.54336787572e-12
4.18837675351 1.50494820789e-12
4.20841683367 1.4668953209e-12
4.22845691383 1.43184897621e-12
4.24849699399 1.39794816604e-12
4.26853707415 1.36436644696e-12
4.28857715431 1.33029045654e-12
4.30861723447 1.29548181929e-12
4.32865731463 1.26099620957e-12
4.34869739479 1.22720766074e-12
4.36873747495 1.19697519193e-12
4.38877755511 1.16701945305e-12
4.40881763527 1.13733665533e-12
4.42885771543 1.10998598575e-12
4.44889779559 1.08348146499e-12
4.46893787575 1.05721519699e-12
4.48897795591 1.03096416734e-12
4.50901803607 1.00467323163e-12
4.52905811623 9.78615462126e-13
4.54909819639 9.52916212114e-13
4.56913827655 9.28433281986e-13
4.58917835671 9.04164630186e-13
4.60921843687 8.80107451072e-13
4.62925851703 8.56523761556e-13
4.64929859719 8.33216227553e-13
4.66933867735 8.10109161e-13
4.68937875752 7.88410238248e-13
4.70941883768 7.68342287638e-13
4.72945891784 7.48444756668e-13
4.749498998 7.28515337754e-13
4.76953907816 7.07354666992e-13
4.78957915832 6.86371407292e-13
4.80961923848 6.65563333255e-13
4.82965931864 6.46853441009e-13
4.8496993988 6.28793449298e-13
4.86973947896 6.10882383795e-13
4.88977955912 5.93508286192e-13
4.90981963928 5.76723177221e-13
4.92985971944 5.60074789184e-13
4.9498997996 5.43781300045e-13
4.96993987976 5.29022087632e-13
4.98997995992 5.14381649958e-13
5.01002004008 5.00127547229e-13
5.03006012024 4.86235851248e-13
5.0501002004 4.72454612763e-13
5.07014028056 4.59503212168e-13
5.09018036072 4.46668781342e-13
5.11022044088 4.33935198428e-13
5.13026052104 4.21301277308e-13
5.1503006012 4.08765850437e-13
5.17034068136 3.97213951632e-13
5.19038076152 3.85808363212e-13
5.21042084168 3.74490667308e-13
5.23046092184 3.63259850027e-13
5.250501002 3.52114913047e-13
5.27054108216 3.42065263232e-13
5.29058116232 3.32204964168e-13
5.31062124248 3.22419214329e-13
5.33066132265 3.12707169886e-13
5.35070140281 3.03067999729e-13
5.37074148297 2.93777886107e-13
5.39078156313 2.84602408353e-13
5.41082164329 2.75495010799e-13
5.43086172345 2.66454937182e-13
5.45090180361 2.57481442425e-13
5.47094188377 2.49453354498e-13
5.49098196393 2.41678678788e-13
5.51102204409 2.33960640985e-13
5.53106212425 2.26298623277e-13
5.55110220441 2.18692016829e-13
5.57114228457 2.11460602714e-13
5.59118236473 2.04372331388e-13
5.61122244489 1.97334771795e-13
5.63126252505 1.9034738067e-13
5.65130260521 1.83409622498e-13
5.67134268537 1.77103842597e-13
5.69138276553 1.71049425906e-13
5.71142284569 1.65037564391e-13
5.73146292585 1.59067810106e-13
5.75150300601 1.53139721388e-13
5.77154308617 1.4746391655e-13
5.79158316633 1.41918901073e-13
5.81162324649 1.36412185519e-13
5.83166332665 1.3094337371e-13
5.85170340681 1.25512074927e-13
5.87174348697 1.20375848446e-13
5.89178356713 1.15409083849e-13
5.91182364729 1.10476042057e-13
5.93186372745 1.05576380148e-13
5.95190380762 1.00709759849e-13
5.97194388778 9.63521206573e-14
5.99198396794 9.23193773007e-14
6.0120240481 8.83135600165e-14
6.03206412826 8.43343994928e-14
6.05210420842 8.03816300085e-14
6.07214428858 7.66525310979e-14
6.09218436874 7.30930782975e-14
6.1122244489 6.95570010997e-14
6.13226452906 6.60440695288e-14
6.15230460922 6.25540566256e-14
6.17234468938 5.92013755603e-14
6.19238476954 5.59695968048e-14
6.2124248497 5.27586981904e-14
6.23246492986 4.95684776146e-14
6.25250501002 4.6398735583e-14
6.27254509018 4.34906859716e-14
6.29258517034 4.08467250374e-14
6.3126252505 3.8219576024e-14
6.33266533066 3.56090787495e-14
6.35270541082 3.30150750675e-14
6.37274549098 3.06038205102e-14
6.39278557114 2.84067586043e-14
6.4128256513 2.62234491186e-14
6.43286573146 2.40537630417e-14
6.45290581162 2.18975729767e-14
6.47294589178 2.00015177382e-14
6.49298597194 1.84651551075e-14
6.5130260521 1.69382636593e-14
6.53306613226 1.54207558375e-14
6.55310621242 1.39125451672e-14
6.57314629259 1.25854289648e-14
6.59318637275 1.15535653222e-14
6.61322645291 1.05279687813e-14
6.63326653307 9.50858221176e-15
6.65330661323 8.49534918041e-15
6.67334669339 7.52234588498e-15
6.69338677355 6.62324536344e-15
6.71342685371 5.72952400512e-15
6.73346693387 4.84113350134e-15
6.75350701403 3.95802612414e-15
6.77354709419 3.17249662307e-15
6.79358717435 2.61386043025e-15
6.81362725451 2.05851953338e-15
6.83366733467 1.50644470892e-15
6.85370741483 9.57607081286e-16
6.87374749499 5.25223545285e-16
6.89378757515 4.2960508767e-16
6.91382765531 3.34547942343e-16
6.93386773547 2.40047054541e-16
6.95390781563 1.46097432857e-16
6.97394789579 7.03248576624e-17
6.99398797595 6.02910555331e-17
7.01402805611 5.03204391362e-17
7.03406813627 4.04123092399e-17
7.05410821643 3.05659788947e-17
7.07414829659 2.18814771743e-17
7.09418837675 1.85453595249e-17
7.11422845691 1.52330463413e-17
7.13426853707 1.19442005375e-17
7.15430861723 8.67849252518e-18
7.17434869739 5.83541291517e-18
7.19438877756 5.64995348343e-18
7.21442885772 5.46981946663e-18
7.23446893788 5.29484950251e-18
7.25450901804 5.12488720489e-18
7.2745490982 4.96083066406e-18
7.29458917836 4.81194354926e-18
7.31462925852 4.66756017814e-18
7.33466933868 4.52754307865e-18
7.35470941884 4.39175901892e-18
7.374749499 4.26007887492e-18
7.39478957916 4.13237750225e-18
7.41482965932 4.00853361202e-18
7.43486973948 3.88842965066e-18
7.45490981964 3.77195168349e-18
7.4749498998 3.65898928202e-18
7.49498997996 3.54943541476e-18
7.51503006012 3.44318634152e-18
7.53507014028 3.34014151101e-18
7.55511022044 3.24020346169e-18
7.5751503006 3.14327772573e-18
7.59519038076 3.04927273602e-18
7.61523046092 2.95809973605e-18
7.63527054108 2.86967269272e-18
7.65531062124 2.78390821176e-18
7.6753507014 2.70072545599e-18
7.69539078156 2.62004606593e-18
7.71543086172 2.5417940831e-18
7.73547094188 2.4658958756e-18
7.75551102204 2.39228006609e-18
7.7755511022 2.32087746201e-18
7.79559118236 2.25162098793e-18
7.81563126253 2.18444562017e-18
7.83567134269 2.11928832327e-18
7.85571142285 2.05608798863e-18
7.87575150301 1.99478537491e-18
7.89579158317 1.93532305046e-18
7.91583166333 1.87764533737e-18
7.93587174349 1.82169825745e-18
7.95591182365 1.76742947971e-18
7.97595190381 1.71478826965e-18
7.99599198397 1.66372544004e-18
8.01603206413 1.61419330323e-18
8.03607214429 1.56614562497e-18
8.05611222445 1.51953757969e-18
8.07615230461 1.47432570715e-18
8.09619238477 1.4304678704e-18
8.11623246493 1.38792321514e-18
8.13627254509 1.34665213026e-18
8.15631262525 1.30661620963e-18
8.17635270541 1.26777821512e-18
8.19639278557 1.2301020407e-18
8.21643286573 1.19355267772e-18
8.23647294589 1.15809618122e-18
8.25651302605 1.12369963728e-18
8.27655310621 1.09033113145e-18
8.29659318637 1.0579597181e-18
8.31663326653 1.0265553907e-18
8.33667334669 9.9608905309e-19
8.35671342685 9.66532491592e-19
8.37675350701 9.37858347995e-19
8.39679358717 9.10040093377e-19
8.41683366733 8.83052002737e-19
8.43687374749 8.56869130412e-19
8.45691382766 8.31467286252e-19
8.47695390782 8.06823012529e-19
8.49699398798 7.82913561566e-19
8.51703406814 7.59716874049e-19
8.5370741483 7.3721155801e-19
8.55711422846 7.15376868463e-19
8.57715430862 6.94192687661e-19
8.59719438878 6.73639505966e-19
8.61723446894 6.53698403306e-19
8.6372745491 6.34351031205e-19
8.65731462926 6.15579595366e-19
8.67735470942 5.97366838787e-19
8.69739478958 5.79696025401e-19
8.71743486974 5.62550924213e-19
8.7374749499 5.45915793934e-19
8.75751503006 5.29775368077e-19
8.77755511022 5.14114840517e-19
8.79759519038 4.98919851494e-19
8.81763527054 4.84176474042e-19
8.8376753507 4.69871200839e-19
8.85771543086 4.55990931457e-19
8.87775551102 4.42522960006e-19
8.89779559118 4.29454963153e-19
8.91783567134 4.16774988514e-19
8.9378757515 4.04471443392e-19
8.95791583166 3.92533083872e-19
8.97795591182 3.80949004239e-19
8.99799599198 3.69708626728e-19
9.01803607214 3.58801691579e-19
9.0380761523 3.48218247408e-19
9.05811623246 3.37948641861e-19
9.07815631263 3.27983512559e-19
9.09819639279 3.18313778319e-19
9.11823647295 3.08930630644e-19
9.13827655311 2.99825525471e-19
9.15831663327 2.90990175173e-19
9.17835671343 2.82416540801e-19
9.19839679359 2.74096824569e-19
9.21843687375 2.66023462562e-19
9.23847695391 2.5818911767e-19
9.25851703407 2.50586672738e-19
9.27855711423 2.43209223919e-19
9.29859719439 2.36050074238e-19
9.31863727455 2.29102727344e-19
9.33867735471 2.22360881457e-19
9.35871743487 2.15818423499e-19
9.37875751503 2.094694234e-19
9.39879759519 2.0330812858e-19
9.41883767535 1.97328958601e-19
9.43887775551 1.91526499975e-19
9.45891783567 1.85895501137e-19
9.47895791583 1.80430867564e-19
9.49899799599 1.75127657049e-19
9.51903807615 1.69981075112e-19
9.53907815631 1.64986470556e-19
9.55911823647 1.6013933115e-19
9.57915831663 1.55435279457e-19
9.59919839679 1.5087006877e-19
9.61923847695 1.46439579186e-19
9.63927855711 1.42139813795e-19
9.65931863727 1.37966894979e-19
9.67935871743 1.33917060828e-19
9.6993987976 1.29986661669e-19
9.71943887776 1.26172156687e-19
9.73947895792 1.22470110663e-19
9.75951903808 1.18877190801e-19
9.77955911824 1.15390163653e-19
9.7995991984 1.12005892139e-19
9.81963927856 1.08721332657e-19
9.83967935872 1.05533532277e-19
9.85971943888 1.02439626024e-19
9.87975951904 9.94368342404e-20
9.8997995992 0.0
9.91983967936 0.0
9.93987975952 0.0
9.95991983968 0.0
9.97995991984 0.0
10.0 0.0
