0.0 0.0
0.0200400801603 0.0
0.0400801603206 0.0
0.060120240481 0.0
0.0801603206413 0.0
0.100200400802 0.0
0.120240480962 0.0
0.140280561122 0.0
0.160320641283 0.0
0.180360721443 0.0
0.200400801603 0.0
0.220440881764 0.0
0.240480961924 0.0
0.260521042084 0.0
0.280561122244 0.0
0.300601202405 0.0
0.320641282565 0.0
0.340681362725 0.0
0.360721442886 0.0
0.380761523046 0.0
0.400801603206 0.0
0.420841683367 0.0
0.440881763527 0.0
0.460921843687 3.25260490428e-11
0.480961923848 7.1486923732e-12
0.501002004008 5.33244484993e-12
0.521042084168 4.54822579237e-12
0.541082164329 4.08946612898e-12
0.561122244489 3.78595552651e-12
0.581162324649 3.57007207282e-12
0.60120240481 3.40628648929e-12
0.62124248497 3.27564703614e-12
0.64128256513 3.16980728022e-12
0.661322645291 3.08409410012e-12
0.681362725451 3.01162692357e-12
0.701402805611 2.93968530576e-12
0.721442885772 2.87765629539e-12
0.741482965932 2.82051000034e-12
0.761523046092 2.76647596632e-12
0.781563126253 2.71811493444e-12
0.801603206413 2.67717457395e-12
0.821643286573 2.63221721846e-12
0.841683366733 2.58477953697e-12
0.861723446894 2.54064433934e-12
0.881763527054 2.49318060792e-12
0.901803607214 2.43526971309e-12
0.921843687375 2.38129279371e-12
0.941883767535 2.32976719978e-12
0.961923847695 2.27398714383e-12
0.981963927856 2.22095455908e-12
1.00200400802 2.17286422046e-12
1.02204408818 2.13193299576e-12
1.04208416834 2.0953643006e-12
1.0621242485 2.05955564921e-12
1.08216432866 2.0217533702e-12
1.10220440882 1.98371438621e-12
1.12224448898 1.94747839859e-12
1.14228456914 1.91686184217e-12
1.1623246493 1.88006576726e-12
1.18236472946 1.84436584161e-12
1.20240480962 1.81012226498e-12
1.22244488978 1.7766831239e-12
1.24248496994 1.74422474025e-12
1.2625250501 1.71284831459e-12
1.28256513026 1.68258403493e-12
1.30260521042 1.65441619781e-12
1.32264529058 1.62728413822e-12
1.34268537074 1.6010548438e-12
1.3627254509 1.57828232788e-12
1.38276553106 1.55643619387e-12
1.40280561122 1.5346882171e-12
1.42284569138 1.51141640893e-12
1.44288577154 1.48777059827e-12
1.4629258517 1.46473714013e-12
1.48296593186 1.44235027087e-12
1.50300601202 1.42127502237e-12
1.52304609218 1.40083928658e-12
1.54308617234 1.38291585708e-12
1.56312625251 1.36256908902e-12
1.58316633267 1.34268264361e-12
1.60320641283 1.32337266033e-12
1.62324649299 1.30466540426e-12
1.64328657315 1.28650532857e-12
1.66332665331 1.26860966707e-12
1.68336673347 1.25137954989e-12
1.70340681363 1.23619287572e-12
1.72344689379 1.22140115619e-12
1.74348697395 1.20684252478e-12
1.76352705411 1.18576503764e-12
1.78356713427 1.16499440507e-12
1.80360721443 1.14474230094e-12
1.82364729459 1.12718709939e-12
1.84368737475 1.11127433389e-12
1.86372745491 1.09573542693e-12
1.88376753507 1.08244902314e-12
1.90380761523 1.07363454355e-12
1.92384769539 1.06502270734e-12
1.94388777555 1.05660643746e-12
1.96392785571 1.04117568743e-12
1.98396793587 1.02593567531e-12
2.00400801603 1.00848392306e-12
2.02404809619 9.97039733809e-13
2.04408817635 9.83323525416e-13
2.06412825651 9.69912085138e-13
2.08416833667 9.56845193308e-13
2.10420841683 9.44167148194e-13
2.12424849699 9.31761734388e-13
2.14428857715 9.19620170513e-13
2.16432865731 9.07261385086e-13
2.18436873747 8.95154489399e-13
2.20440881764 8.83296155052e-13
2.2244488978 8.70281293734e-13
2.24448897796 8.56814258829e-13
2.26452905812 8.43612177091e-13
2.28456913828 8.30454455447e-13
2.30460921844 8.17123196154e-13
2.3246492986 8.0404565617e-13
2.34468937876 7.91216173732e-13
2.36472945892 7.81042016388e-13
2.38476953908 7.71058341192e-13
2.40480961924 7.61259773522e-13
2.4248496994 7.51385939488e-13
2.44488977956 7.41567202802e-13
2.46492985972 7.31924933049e-13
2.48496993988 7.21276531001e-13
2.50501002004 7.08556239219e-13
2.5250501002 6.96054658024e-13
2.54509018036 6.83818094828e-13
2.56513026052 6.76425409012e-13
2.58517034068 6.69159876328e-13
2.60521042084 6.62018189973e-13
2.625250501 6.52523267586e-13
2.64529058116 6.42035374732e-13
2.66533066132 6.31717627946e-13
2.68537074148 6.21643254387e-13
2.70541082164 6.1187151708e-13
2.7254509018 6.02254484787e-13
2.74549098196 5.9281702345e-13
2.76553106212 5.84827657267e-13
2.78557114228 5.76962545653e-13
2.80561122244 5.69218756868e-13
2.82565130261 5.58680708628e-13
2.84569138277 5.47010133422e-13
2.86573146293 5.3551235979e-13
2.88577154309 5.25669783297e-13
2.90581162325 5.18577233872e-13
2.92585170341 5.1158900973e-13
2.94589178357 5.04641702481e-13
2.96593186373 4.95940497372e-13
2.98597194389 4.8736315604e-13
3.00601202405 4.78907001874e-13
3.02605210421 4.70440677473e-13
3.04609218437 4.62037803323e-13
3.06613226453 4.53750964141e-13
3.08617234469 4.45747622777e-13
3.10621242485 4.38138326979e-13
3.12625250501 4.30632036925e-13
3.14629258517 4.23254887647e-13
3.16633266533 4.16616378066e-13
3.18637274549 4.10066108874e-13
3.20641282565 4.03602296442e-13
3.22645290581 3.95977552348e-13
3.24649298597 3.87951138526e-13
3.26653306613 3.80027774591e-13
3.28657314629 3.71918625778e-13
3.30661322645 3.63451397145e-13
3.32665330661 3.55090487204e-13
3.34669338677 3.46932619538e-13
3.36673346693 3.40652889999e-13
3.38677354709 3.34450954168e-13
3.40681362725 3.28325346867e-13
3.42685370741 3.21964499322e-13
3.44689378758 3.15562389687e-13
3.46693386774 3.09237430587e-13
3.4869739479 3.03091484738e-13
3.50701402806 2.9717757119e-13
3.52705410822 2.91333656512e-13
3.54709418838 2.85514995143e-13
3.56713426854 2.79117733278e-13
3.5871743487 2.72794616715e-13
3.60721442886 2.66544340744e-13
3.62725450902 2.60657466013e-13
3.64729458918 2.54943477882e-13
3.66733466934 2.49294218056e-13
3.6873747495 2.43891281285e-13
3.70741482966 2.38818151952e-13
3.72745490982 2.33801572524e-13
3.74749498998 2.28855239644e-13
3.76753507014 2.24148459311e-13
3.7875751503 2.19493275862e-13
3.80761523046 2.14888829314e-13
3.82765531062 2.09727547911e-13
3.84769539078 2.04413132821e-13
3.86773547094 1.99155491244e-13
3.8877755511 1.9424783089e-13
3.90781563126 1.89807530803e-13
3.92785571142 1.85413992629e-13
3.94789579158 1.81096935166e-13
3.96793587174 1.77158203104e-13
3.9879759519 1.7326033324e-13
4.00801603206 1.69402680971e-13
4.02805611222 1.65223133884e-13
4.04809619238 1.60968494745e-13
4.06813627255 1.56756965907e-13
4.08817635271 1.52865886814e-13
4.10821643287 1.49390315865e-13
4.12825651303 1.45949499612e-13
4.14829659319 1.42530304533e-13
4.16833667335 1.3902359053e-13
4.18837675351 1.35551374437e-13
4.20841683367 1.32113140593e-13
4.22845691383 1.28945603617e-13
4.24849699399 1.25881794098e-13
4.26853707415 1.2284755539e-13
4.28857715431 1.19769920061e-13
4.30861723447 1.16627494069e-13
4.32865731463 1.1351491753e-13
4.34869739479 1.10465697325e-13
4.36873747495 1.07736126694e-13
4.38877755511 1.05032141063e-13
4.40881763527 1.02353375802e-13
4.42885771543 9.98843979629e-14
4.44889779559 9.74919579405e-14
4.46893787575 9.51215379085e-14
4.48897795591 9.27531277003e-14
4.50901803607 9.03817669277e-14
4.52905811623 8.80319124201e-14
4.54909819639 8.57147789306e-14
4.56913827655 8.3507218705e-14
4.58917835671 8.13194077793e-14
4.60921843687 7.91510774712e-14
4.62925851703 7.70256890482e-14
4.64929859719 7.49255421223e-14
4.66933867735 7.28438388304e-14
4.68937875752 7.08887651564e-14
4.70941883768 6.9080257605e-14
4.72945891784 6.72874402048e-14
4.749498998 6.54921761825e-14
4.76953907816 6.35870143312e-14
4.78957915832 6.16981408867e-14
4.80961923848 5.98253442236e-14
4.82965931864 5.81408583444e-14
4.8496993988 5.6514933399e-14
4.86973947896 5.49026840354e-14
4.88977955912 5.33388538451e-14
4.90981963928 5.18280882345e-14
4.92985971944 5.03298700567e-14
4.9498997996 4.88637286454e-14
4.96993987976 4.75352672611e-14
4.98997995992 4.62177100284e-14
5.01002004008 4.49350074696e-14
5.03006012024 4.36850068313e-14
5.0501002004 4.24451389973e-14
5.07014028056 4.12798076778e-14
5.09018036072 4.01251738692e-14
5.11022044088 3.89797872309e-14
5.13026052104 3.78435349738e-14
5.1503006012 3.6716306176e-14
5.17034068136 3.5677326248e-14
5.19038076152 3.46516336597e-14
5.21042084168 3.36339927874e-14
5.23046092184 3.26243073527e-14
5.250501002 3.16224826411e-14
5.27054108216 3.07188669952e-14
5.29058116232 2.98323585929e-14
5.31062124248 2.89526763784e-14
5.33066132265 2.80797402402e-14
5.35070140281 2.72134713458e-14
5.37074148297 2.63785836617e-14
5.39078156313 2.55540910428e-14
5.41082164329 2.47358226455e-14
5.43086172345 2.39237068935e-14
5.45090180361 2.31176733304e-14
5.47094188377 2.23963636332e-14
5.49098196393 2.1697844276e-14
5.51102204409 2.10045023994e-14
5.53106212425 2.03162794943e-14
5.55110220441 1.96331179527e-14
5.57114228457 1.89836282681e-14
5.59118236473 1.83470425842e-14
5.61122244489 1.77150873108e-14
5.63126252505 1.70877111111e-14
5.65130260521 1.64648634239e-14
5.67134268537 1.58986433284e-14
5.69138276553 1.53549926069e-14
5.71142284569 1.4815226746e-14
5.73146292585 1.42793034001e-14
5.75150300601 1.37471808537e-14
5.77154308617 1.32376987381e-14
5.79158316633 1.2739985236e-14
5.81162324649 1.22457641531e-14
5.83166332665 1.17549981224e-14
5.85170340681 1.12676503228e-14
5.87174348697 1.08067577336e-14
5.89178356713 1.03610815705e-14
5.91182364729 9.91847800098e-15
5.93186372745 9.47891472551e-15
5.95190380762 9.04235990861e-15
5.97194388778 8.65138101819e-15
5.99198396794 8.2895095721e-15
6.0120240481 7.93009267495e-15
6.03206412826 7.57310489953e-15
6.05210420842 7.21852117959e-15
6.07214428858 6.88398375855e-15
6.09218436874 6.56465894802e-15
6.1122244489 6.24746379264e-15
6.13226452906 5.93237659589e-15
6.15230460922 5.61937596448e-15
6.17234468938 5.31869239559e-15
6.19238476954 5.02885513759e-15
6.2124248497 4.74091842804e-15
6.23246492986 4.4548632352e-15
6.25250501002 4.17067078884e-15
6.27254509018 3.90990933401e-15
6.29258517034 3.67279124139e-15
6.3126252505 3.4372040535e-15
6.33266533066 3.20313265202e-15
6.35270541082 2.97056212411e-15
6.37274549098 2.75435700683e-15
6.39278557114 2.55732729761e-15
6.4128256513 2.3615502227e-15
6.43286573146 2.16701358369e-15
6.45290581162 1.97370534614e-15
6.47294589178 1.80367580038e-15
6.49298597194 1.66582429701e-15
6.5130260521 1.52883803798e-15
6.53306613226 1.39270865784e-15
6.55310621242 1.25742790377e-15
6.57314629259 1.13835384894e-15
6.59318637275 1.04569089854e-15
6.61322645291 9.53603113883e-16
6.63326653307 8.62084949863e-16
6.65330661323 7.71130936829e-16
6.67334669339 6.83786850261e-16
6.69338677355 6.03062279164e-16
6.71342685371 5.22831200943e-16
6.73346693387 4.43088926149e-16
6.75350701403 3.63830828375e-16
6.77354709419 2.93306571505e-16
6.79358717435 2.43074568821e-16
6.81362725451 1.93147348426e-16
6.83366733467 1.43521994393e-16
6.85370741483 9.41956310942e-17
6.87374749499 5.52875467979e-17
6.89378757515 4.64887444444e-17
6.91382765531 3.77479847814e-17
6.93386773547 2.90645757848e-17
6.95390781563 2.04378385247e-17
6.97394789579 1.3442885695e-17
6.99398797595 1.2330317452e-17
7.01402805611 1.12299747775e-17
7.03406813627 1.0141593401e-17
7.05410821643 9.06491641186e-18
7.07414829659 8.09806605992e-18
7.09418837675 7.61501189261e-18
7.11422845691 7.13970316811e-18
7.13426853707 6.67193764525e-18
7.15430861723 6.21151908573e-18
7.17434869739 5.79398718596e-18
7.19438877756 5.61891682398e-18
7.21442885772 5.44912596309e-18
7.23446893788 5.2844532257e-18
7.25450901804 5.12474222398e-18
7.2745490982 4.96993520351e-18
7.29458917836 4.82072623232e-18
7.31462925852 4.67603257591e-18
7.33466933868 4.53571633849e-18
7.35470941884 4.39964388032e-18
7.374749499 4.26768568471e-18
7.39478957916 4.13971622924e-18
7.41482965932 4.0156138611e-18
7.43486973948 3.89526067634e-18
7.45490981964 3.77854240293e-18
7.4749498998 3.66534828758e-18
7.49498997996 3.55557098606e-18
7.51503006012 3.44910645706e-18
7.53507014028 3.3458538593e-18
7.55511022044 3.24571545203e-18
7.5751503006 3.14859649853e-18
7.59519038076 3.05440517275e-18
7.61523046092 2.9630524688e-18
7.63527054108 2.87445211341e-18
7.65531062124 2.78852048104e-18
7.6753507014 2.70517651171e-18
7.69539078156 2.62434163139e-18
7.71543086172 2.54593967492e-18
7.73547094188 2.46989681136e-18
7.75551102204 2.3961414716e-18
7.7755511022 2.32460427838e-18
7.79559118236 2.25521797837e-18
7.81563126253 2.18791737644e-18
7.83567134269 2.12263927206e-18
7.85571142285 2.05932239751e-18
7.87575150301 1.99790735823e-18
7.89579158317 1.9383365749e-18
7.91583166333 1.88055422738e-18
7.93587174349 1.82450620037e-18
7.95591182365 1.77014003085e-18
7.97595190381 1.71740485707e-18
7.99599198397 1.66625136917e-18
8.01603206413 1.61663176135e-18
8.03607214429 1.56849968551e-18
8.05611222445 1.52181020637e-18
8.07615230461 1.47651975795e-18
8.09619238477 1.43258610142e-18
8.11623246493 1.38996828426e-18
8.13627254509 1.34862660073e-18
8.15631262525 1.3085225535e-18
8.17635270541 1.26961881651e-18
8.19639278557 1.23187919902e-18
8.21643286573 1.19526861069e-18
8.23647294589 1.15975302785e-18
8.25651302605 1.12529946071e-18
8.27655310621 1.09187592167e-18
8.29659318637 1.05945139459e-18
8.31663326653 1.02799580499e-18
8.33667334669 9.97479991172e-19
8.35671342685 9.67875676308e-19
8.37675350701 9.39155441292e-19
8.39679358717 9.11292698495e-19
8.41683366733 8.84261666321e-19
8.43687374749 8.58037344538e-19
8.45691382766 8.32595490386e-19
8.47695390782 8.07912595411e-19
8.49699398798 7.83965863026e-19
8.51703406814 7.60733186758e-19
8.5370741483 7.38193129166e-19
8.55711422846 7.16324901414e-19
8.57715430862 6.95108343473e-19
8.59719438878 6.74523904932e-19
8.61723446894 6.545526264e-19
8.6372745491 6.35176121484e-19
8.65731462926 6.16376559319e-19
8.67735470942 5.98136647638e-19
8.69739478958 5.80439616363e-19
8.71743486974 5.63269201699e-19
8.7374749499 5.46609630721e-19
8.75751503006 5.30445606429e-19
8.77755511022 5.14762293269e-19
8.79759519038 4.99545303096e-19
8.81763527054 4.84780681564e-19
8.8376753507 4.70454894943e-19
8.85771543086 4.56554817329e-19
8.87775551102 4.4306771826e-19
8.89779559118 4.299812507e-19
8.91783567134 4.17283439396e-19
8.9378757515 4.04962669595e-19
8.95791583166 3.93007676102e-19
8.97795591182 3.81407532671e-19
8.99799599198 3.70151641732e-19
9.01803607214 3.59229724421e-19
9.0380761523 3.48631810916e-19
9.05811623246 3.38348231078e-19
9.07815631263 3.2836960537e-19
9.09819639279 3.18686836051e-19
9.11823647295 3.09291098649e-19
9.13827655311 3.00173833689e-19
9.15831663327 2.91326738669e-19
9.17835671343 2.8274176029e-19
9.19839679359 2.74411086918e-19
9.21843687375 2.66327141276e-19
9.23847695391 2.5848257336e-19
9.25851703407 2.50870253569e-19
9.27855711423 2.43483266051e-19
9.29859719439 2.3631490224e-19
9.31863727455 2.29358654605e-19
9.33867735471 2.22608210571e-19
9.35871743487 2.16057446645e-19
9.37875751503 2.09700422704e-19
9.39879759519 2.03531376468e-19
9.41883767535 1.97544718133e-19
9.43887775551 1.91735025175e-19
9.45891783567 1.86097037305e-19
9.47895791583 1.80625651581e-19
9.49899799599 1.75315917669e-19
9.51903807615 1.70163033245e-19
9.53907815631 1.6516233954e-19
9.55911823647 1.60309317016e-19
9.57915831663 1.55599581179e-19
9.59919839679 1.51028878513e-19
9.61923847695 1.46593082541e-19
9.63927855711 1.42288190006e-19
9.65931863727 1.38110317163e-19
9.67935871743 1.34055696189e-19
9.6993987976 1.301206717e-19
9.71943887776 1.26301697369e-19
9.73947895792 1.22595332656e-19
9.75951903808 1.18998239627e-19
9.77955911824 1.15507179872e-19
9.7995991984 1.12119011524e-19
9.81963927856 1.08830686355e-19
9.83967935872 1.05639246972e-19
9.85971943888 1.02541824089e-19
9.87975951904 9.9535633885e-20
9.8997995992 0.0
9.91983967936 0.0
9.93987975952 0.0
9.95991983968 0.0
9.97995991984 0.0
10.0 0.0
