0.0 0.0
0.0200400801603 0.0
0.0400801603206 0.0
0.060120240481 0.0
0.0801603206413 0.0
0.100200400802 0.0
0.120240480962 0.0
0.140280561122 0.0
0.160320641283 0.0
0.180360721443 0.0
0.200400801603 0.0
0.220440881764 0.0
0.240480961924 0.0
0.260521042084 0.0
0.280561122244 0.0
0.300601202405 0.0
0.320641282565 0.0
0.340681362725 0.0
0.360721442886 0.0
0.380761523046 0.0
0.400801603206 4.57382101498e-11
0.420841683367 3.31850082284e-11
0.440881763527 2.8527973946e-11
0.460921843687 2.6063765489e-11
0.480961923848 2.45339744891e-11
0.501002004008 2.34647858733e-11
0.521042084168 2.2705290292e-11
0.541082164329 2.21392179324e-11
0.561122244489 2.17018188383e-11
0.581162324649 2.13620830353e-11
0.60120240481 2.10927996819e-11
0.62124248497 2.08636409501e-11
0.64128256513 2.06687441476e-11
0.661322645291 2.05095989452e-11
0.681362725451 2.03527426369e-11
0.701402805611 2.01395367186e-11
0.721442885772 1.99527288951e-11
0.741482965932 1.97851920111e-11
0.761523046092 1.96096946751e-11
0.781563126253 1.94498706359e-11
0.801603206413 1.9307907567e-11
0.821643286573 1.91048193768e-11
0.841683366733 1.88663128676e-11
0.861723446894 1.86445450888e-11
0.881763527054 1.83969094351e-11
0.901803607214 1.80546041346e-11
0.921843687375 1.77327432621e-11
0.941883767535 1.74284360147e-11
0.961923847695 1.70818208509e-11
0.981963927856 1.6749141767e-11
1.00200400802 1.64354110402e-11
1.02204408818 1.61648535531e-11
1.04208416834 1.59248094584e-11
1.0621242485 1.56951297234e-11
1.08216432866 1.54668690162e-11
1.10220440882 1.52320115717e-11
1.12224448898 1.50074536351e-11
1.14228456914 1.47963421721e-11
1.1623246493 1.45309849575e-11
1.18236472946 1.42722293037e-11
1.20240480962 1.40235781722e-11
1.22244488978 1.37797558607e-11
1.24248496994 1.35421285691e-11
1.2625250501 1.33130452684e-11
1.28256513026 1.30948427046e-11
1.30260521042 1.28922076127e-11
1.32264529058 1.26966007524e-11
1.34268537074 1.25075772946e-11
1.3627254509 1.23456310515e-11
1.38276553106 1.21901226279e-11
1.40280561122 1.20390152718e-11
1.42284569138 1.18769889535e-11
1.44288577154 1.17107033067e-11
1.4629258517 1.15493573459e-11
1.48296593186 1.13946416303e-11
1.50300601202 1.12496120181e-11
1.52304609218 1.11088091426e-11
1.54308617234 1.09739209211e-11
1.56312625251 1.08181165047e-11
1.58316633267 1.06655895244e-11
1.60320641283 1.0517235503e-11
1.62324649299 1.03733438431e-11
1.64328657315 1.02335368467e-11
1.66332665331 1.00971581203e-11
1.68336673347 9.96948225606e-12
1.70340681363 9.85818012029e-12
1.72344689379 9.74967934785e-12
1.74348697395 9.6437286203e-12
1.76352705411 9.48351117681e-12
1.78356713427 9.32537619264e-12
1.80360721443 9.17099669979e-12
1.82364729459 9.03843458089e-12
1.84368737475 8.91907045072e-12
1.86372745491 8.80243779988e-12
1.88376753507 8.70409227644e-12
1.90380761523 8.64242107235e-12
1.92384769539 8.58213046631e-12
1.94388777555 8.52317381404e-12
1.96392785571 8.40587586465e-12
1.98396793587 8.28987199857e-12
2.00400801603 8.17379267874e-12
2.02404809619 8.06782126112e-12
2.04408817635 7.96265930957e-12
2.06412825651 7.85966099022e-12
2.08416833667 7.75917283017e-12
2.10420841683 7.66157815672e-12
2.12424849699 7.56592918254e-12
2.14428857715 7.47216746622e-12
2.16432865731 7.37631782251e-12
2.18436873747 7.28228177134e-12
2.20440881764 7.19004405734e-12
2.2244488978 7.08796152407e-12
2.24448897796 6.98188421154e-12
2.26452905812 6.87777066764e-12
2.28456913828 6.77380084178e-12
2.30460921844 6.66817573232e-12
2.3246492986 6.56444967083e-12
2.34468937876 6.4625846868e-12
2.36472945892 6.38257312522e-12
2.38476953908 6.30396553319e-12
2.40480961924 6.22672481994e-12
2.4248496994 6.14869604973e-12
2.44488977956 6.07096810491e-12
2.46492985972 5.99455529466e-12
2.48496993988 5.90964097903e-12
2.50501002004 5.80737539286e-12
2.5250501002 5.70678904877e-12
2.54509018036 5.60827244309e-12
2.56513026052 5.54987701459e-12
2.58517034068 5.4924227307e-12
2.60521042084 5.43588676257e-12
2.625250501 5.35968663665e-12
2.64529058116 5.27512798686e-12
2.66533066132 5.19188101367e-12
2.68537074148 5.11055857924e-12
2.70541082164 5.03165745317e-12
2.7254509018 4.95395177698e-12
2.74549098196 4.87765191335e-12
2.76553106212 4.81330912085e-12
2.78557114228 4.74992036001e-12
2.80561122244 4.68746434975e-12
2.82565130261 4.60169657381e-12
2.84569138277 4.50643623136e-12
2.86573146293 4.41254139725e-12
2.88577154309 4.33234539922e-12
2.90581162325 4.27496024721e-12
2.92585170341 4.21838274697e-12
2.94589178357 4.1620876844e-12
2.96593186373 4.09114479747e-12
2.98597194389 4.02117713372e-12
3.00601202405 3.95216453657e-12
3.02605210421 3.88301601272e-12
3.04609218437 3.8143459802e-12
3.06613226453 3.74659384814e-12
3.08617234469 3.68115506976e-12
3.10621242485 3.61895160283e-12
3.12625250501 3.55756312432e-12
3.14629258517 3.49720874325e-12
3.16633266533 3.44296323592e-12
3.18637274549 3.3894148338e-12
3.20641282565 3.33655006989e-12
3.22645290581 3.27398623305e-12
3.24649298597 3.20804419522e-12
3.26653306613 3.14292666686e-12
3.28657314629 3.07623016045e-12
3.30661322645 3.00652108446e-12
3.32665330661 2.93766683977e-12
3.34669338677 2.87047391021e-12
3.36673346693 2.81889162143e-12
3.38677354709 2.76793093207e-12
3.40681362725 2.71758058625e-12
3.42685370741 2.66524686344e-12
3.44689378758 2.6125458178e-12
3.46693386774 2.56046436537e-12
3.4869739479 2.5098516845e-12
3.50701402806 2.46115022532e-12
3.52705410822 2.41301130038e-12
3.54709418838 2.36506294304e-12
3.56713426854 2.31227605899e-12
3.5871743487 2.26008802106e-12
3.60721442886 2.20848862571e-12
3.62725450902 2.15989892665e-12
3.64729458918 2.11273268219e-12
3.66733466934 2.06608952901e-12
3.6873747495 2.02148286666e-12
3.70741482966 1.97960887146e-12
3.72745490982 1.93819166047e-12
3.74749498998 1.89734584577e-12
3.76753507014 1.85848251969e-12
3.7875751503 1.82003623563e-12
3.80761523046 1.78200027223e-12
3.82765531062 1.73931260321e-12
3.84769539078 1.69533711547e-12
3.86773547094 1.65182318234e-12
3.8877755511 1.61121445552e-12
3.90781563126 1.57448960436e-12
3.92785571142 1.53814428423e-12
3.94789579158 1.50242649983e-12
3.96793587174 1.4698520458e-12
3.9879759519 1.43760908566e-12
4.00801603206 1.40569255373e-12
4.02805611222 1.37108486964e-12
4.04809619238 1.33584305509e-12
4.06813627255 1.30095247996e-12
4.08817635271 1.26872492329e-12
4.10821643287 1.23995306697e-12
4.12825651303 1.21146379864e-12
4.14829659319 1.18314788706e-12
4.16833667335 1.15409585108e-12
4.18837675351 1.12532491064e-12
4.20841683367 1.09683098267e-12
4.22845691383 1.0705874438e-12
4.24849699399 1.04520277552e-12
4.26853707415 1.02005903595e-12
4.28857715431 9.94548147943e-13
4.30861723447 9.6849191459e-13
4.32865731463 9.42679422731e-13
4.34869739479 9.17390169555e-13
4.36873747495 8.94760946824e-13
4.38877755511 8.72340485474e-13
4.40881763527 8.50125894324e-13
4.42885771543 8.29656051117e-13
4.44889779559 8.09820246452e-13
4.46893787575 7.90164104674e-13
4.48897795591 7.70520921632e-13
4.50901803607 7.50849456691e-13
4.52905811623 7.3135373204e-13
4.54909819639 7.12127368977e-13
4.56913827655 6.9381126456e-13
4.58917835671 6.75656610037e-13
4.60921843687 6.5766126914e-13
4.62925851703 6.40020966439e-13
4.64929859719 6.22588216265e-13
4.66933867735 6.05306431446e-13
4.68937875752 5.89077810601e-13
4.70941883768 5.74068718162e-13
4.72945891784 5.5918794328e-13
4.749498998 5.44284327639e-13
4.76953907816 5.28461918661e-13
4.78957915832 5.12773021733e-13
4.80961923848 4.97215945992e-13
4.82965931864 4.83227056396e-13
4.8496993988 4.69724449664e-13
4.86973947896 4.56333887931e-13
4.88977955912 4.43345178309e-13
4.90981963928 4.30797132686e-13
4.92985971944 4.18351921846e-13
4.9498997996 4.0617247285e-13
4.96993987976 3.95139561204e-13
4.98997995992 3.84195971116e-13
5.01002004008 3.73541501505e-13
5.03006012024 3.63158253809e-13
5.0501002004 3.52858050653e-13
5.07014028056 3.43178082813e-13
5.09018036072 3.33585970748e-13
5.11022044088 3.2406966116e-13
5.13026052104 3.14628254807e-13
5.1503006012 3.0526086669e-13
5.17034068136 2.96628329538e-13
5.19038076152 2.88105463546e-13
5.21042084168 2.796486365e-13
5.23046092184 2.71257080264e-13
5.250501002 2.62930038632e-13
5.27054108216 2.55421145519e-13
5.29058116232 2.4805397128e-13
5.31062124248 2.40742792007e-13
5.33066132265 2.33486968783e-13
5.35070140281 2.26285872426e-13
5.37074148297 2.19345680082e-13
5.39078156313 2.1249136778e-13
5.41082164329 2.056881707e-13
5.43086172345 1.98935516647e-13
5.45090180361 1.92232841978e-13
5.47094188377 1.86236180328e-13
5.49098196393 1.80428930923e-13
5.51102204409 1.7466419415e-13
5.53106212425 1.68941502796e-13
5.55110220441 1.63260396505e-13
5.57114228457 1.57859566065e-13
5.59118236473 1.52565787261e-13
5.61122244489 1.47310059855e-13
5.63126252505 1.42091973261e-13
5.65130260521 1.36911122811e-13
5.67134268537 1.32202156029e-13
5.69138276553 1.27680969236e-13
5.71142284569 1.23191705372e-13
5.73146292585 1.18734026046e-13
5.75150300601 1.14307597658e-13
5.77154308617 1.10069607217e-13
5.79158316633 1.05929370719e-13
5.81162324649 1.01817856014e-13
5.83166332665 9.77347639876e-14
5.85170340681 9.36797996875e-14
5.87174348697 8.98451714802e-14
5.89178356713 8.61371292671e-14
5.91182364729 8.2454369283e-14
5.93186372745 7.87966327547e-14
5.95190380762 7.51636644478e-14
5.97194388778 7.19106240333e-14
5.99198396794 6.89001267724e-14
6.0120240481 6.59098124072e-14
6.03206412826 6.29394777727e-14
6.05210420842 5.99889224371e-14
6.07214428858 5.72053522775e-14
6.09218436874 5.45484480814e-14
6.1122244489 5.19090611572e-14
6.13226452906 4.92870180899e-14
6.15230460922 4.66821477597e-14
6.17234468938 4.41798175265e-14
6.19238476954 4.17677641526e-14
6.2124248497 3.93713539603e-14
6.23246492986 3.69904346242e-14
6.25250501002 3.46248558015e-14
6.27254509018 3.24545874054e-14
6.29258517034 3.04814101729e-14
6.3126252505 2.85208260016e-14
6.33266533066 2.65727141954e-14
6.35270541082 2.46369556052e-14
6.37274549098 2.28375871282e-14
6.39278557114 2.11980627168e-14
6.4128256513 1.9568837745e-14
6.43286573146 1.79498150316e-14
6.45290581162 1.63408986217e-14
6.47294589178 1.4926088049e-14
6.49298597194 1.37796497322e-14
6.5130260521 1.26403041391e-14
6.53306613226 1.15079853117e-14
6.55310621242 1.03826281139e-14
6.57314629259 9.39239219778e-15
6.59318637275 8.62243425715e-15
6.61322645291 7.8571696124e-15
6.63326653307 7.09655521462e-15
6.65330661323 6.34054854508e-15
6.67334669339 5.61456879004e-15
6.69338677355 4.94373351712e-15
6.71342685371 4.27692580569e-15
6.73346693387 3.61410926556e-15
6.75350701403 2.95524794817e-15
6.77354709419 2.36918707365e-15
6.79358717435 1.95238423326e-15
6.81362725451 1.53804899177e-15
6.83366733467 1.12615932008e-15
6.85370741483 7.16693454252e-16
6.87374749499 3.94099757885e-16
6.89378757515 3.22704844163e-16
6.91382765531 2.51731908263e-16
6.93386773547 1.81177089081e-16
6.95390781563 1.11036575342e-16
6.97394789579 5.44568508745e-17
6.99398797595 4.69122023502e-17
7.01402805611 3.94166334831e-17
7.03406813627 3.19695638626e-17
7.05410821643 2.4570424044e-17
7.07414829659 1.80396083468e-17
7.09418837675 1.54995378557e-17
7.11422845691 1.29788290265e-17
7.13426853707 1.04771814836e-17
7.15430861723 7.99430195405e-18
7.17434869739 5.82809123416e-18
7.19438877756 5.64538108085e-18
7.21442885772 5.46798906874e-18
7.23446893788 5.29575362956e-18
7.25450901804 5.12851818242e-18
7.2745490982 4.96691380181e-18
7.29458917836 4.81781167025e-18
7.31462925852 4.67322101121e-18
7.33466933868 4.53300406966e-18
7.35470941884 4.39702734134e-18
7.374749499 4.26516144e-18
7.39478957916 4.13728096878e-18
7.41482965932 4.01326439575e-18
7.43486973948 3.89299393335e-18
7.45490981964 3.77635542159e-18
7.4749498998 3.66323821507e-18
7.49498997996 3.55353507343e-18
7.51503006012 3.44714205536e-18
7.53507014028 3.34395841592e-18
7.55511022044 3.24388650707e-18
7.5751503006 3.14683168141e-18
7.59519038076 3.05270219886e-18
7.61523046092 2.96140913638e-18
7.63527054108 2.87286630045e-18
7.65531062124 2.78699014234e-18
7.6753507014 2.70369967604e-18
7.69539078156 2.62291639879e-18
7.71543086172 2.54456421406e-18
7.73547094188 2.468569357e-18
7.75551102204 2.39486032219e-18
7.7755511022 2.32336779369e-18
7.79559118236 2.25402457725e-18
7.81563126253 2.18676553469e-18
7.83567134269 2.12152752026e-18
7.85571142285 2.05824931909e-18
7.87575150301 1.9968715875e-18
7.89579158317 1.9373367952e-18
7.91583166333 1.87958916927e-18
7.93587174349 1.82357463993e-18
7.95591182365 1.76924078801e-18
7.97595190381 1.71653679401e-18
7.99599198397 1.66541338878e-18
8.01603206413 1.61582280573e-18
8.03607214429 1.56771873459e-18
8.05611222445 1.52105627649e-18
8.07615230461 1.47579190054e-18
8.09619238477 1.43188340176e-18
8.11623246493 1.38928986022e-18
8.13627254509 1.3479716016e-18
8.15631262525 1.30789015885e-18
8.17635270541 1.2690082351e-18
8.19639278557 1.23128966773e-18
8.21643286573 1.19469939352e-18
8.23647294589 1.15920341493e-18
8.25651302605 1.12476876735e-18
8.27655310621 1.09136348747e-18
8.29659318637 1.05895658254e-18
8.31663326653 1.02751800065e-18
8.33667334669 9.97018601863e-19
8.35671342685 9.67430130302e-19
8.37675350701 9.38725187076e-19
8.39679358717 9.10877204044e-19
8.41683366733 8.83860418396e-19
8.43687374749 8.57649848012e-19
8.45691382766 8.32221267594e-19
8.47695390782 8.07551185526e-19
8.49699398798 7.83616821455e-19
8.51703406814 7.60396084559e-19
8.5370741483 7.37867552491e-19
8.55711422846 7.16010450969e-19
8.57715430862 6.94804633998e-19
8.59719438878 6.74230564698e-19
8.61723446894 6.54269296728e-19
8.6372745491 6.3490245628e-19
8.65731462926 6.16112224625e-19
8.67735470942 5.978813212e-19
8.69739478958 5.80192987214e-19
8.71743486974 5.63030969758e-19
8.7374749499 5.46379506406e-19
8.75751503006 5.30223310285e-19
8.77755511022 5.14547555608e-19
8.79759519038 4.99337863647e-19
8.81763527054 4.84580289145e-19
8.8376753507 4.70261307134e-19
8.85771543086 4.56367800166e-19
8.87775551102 4.42887045932e-19
8.89779559118 4.29806705263e-19
8.91783567134 4.17114810493e-19
8.9378757515 4.0479975419e-19
8.95791583166 3.92850278219e-19
8.97795591182 3.81255463148e-19
8.99799599198 3.70004717979e-19
9.01803607214 3.59087770186e-19
9.0380761523 3.48494656066e-19
9.05811623246 3.38215711382e-19
9.07815631263 3.28241562289e-19
9.09819639279 3.18563116542e-19
9.11823647295 3.09171554969e-19
9.13827655311 3.00058323208e-19
9.15831663327 2.91215123693e-19
9.17835671343 2.82633907888e-19
9.19839679359 2.74306868752e-19
9.21843687375 2.66226433442e-19
9.23847695391 2.58385256232e-19
9.25851703407 2.50776211651e-19
9.27855711423 2.4339238783e-19
9.29859719439 2.36227080049e-19
9.31863727455 2.29273784485e-19
9.33867735471 2.22526192147e-19
9.35871743487 2.15978182996e-19
9.37875751503 2.09623820244e-19
9.39879759519 2.0345734483e-19
9.41883767535 1.97473170058e-19
9.43887775551 1.916658764e-19
9.45891783567 1.86030206463e-19
9.47895791583 1.80561060098e-19
9.49899799599 1.75253489666e-19
9.51903807615 1.70102695447e-19
9.53907815631 1.65104021182e-19
9.55911823647 1.6025294976e-19
9.57915831663 1.55545099026e-19
9.59919839679 1.50976217723e-19
9.61923847695 1.46542181556e-19
9.63927855711 1.42238989372e-19
9.65931863727 1.3806275946e-19
9.67935871743 1.34009725959e-19
9.6993987976 1.30076235377e-19
9.71943887776 1.26258743219e-19
9.73947895792 1.22553810708e-19
9.75951903808 1.18958101614e-19
9.77955911824 1.15468379175e-19
9.7995991984 1.12081503111e-19
9.81963927856 1.08794426728e-19
9.83967935872 1.05604194113e-19
9.85971943888 1.02507937412e-19
9.87975951904 9.95028741841e-20
9.8997995992 0.0
9.91983967936 0.0
9.93987975952 0.0
9.95991983968 0.0
9.97995991984 0.0
10.0 0.0
