0.0 0.0
0.0200400801603 0.0
0.0400801603206 0.0
0.060120240481 7.74667773992e-11
0.0801603206413 5.29959117541e-11
0.100200400802 4.92442871831e-11
0.120240480962 4.88709960654e-11
0.140280561122 4.16939821485e-11
0.160320641283 3.282028854e-11
0.180360721443 2.84017790594e-11
0.200400801603 2.55054510989e-11
0.220440881764 1.39664121528e-10
0.240480961924 1.380857449e-10
0.260521042084 2.13707215984e-11
0.280561122244 2.04757955428e-11
0.300601202405 1.96611637192e-11
0.320641282565 1.89841509397e-11
0.340681362725 1.84451686794e-11
0.360721442886 1.78645395486e-11
0.380761523046 1.73291070066e-11
0.400801603206 1.68166237773e-11
0.420841683367 1.63589188967e-11
0.440881763527 1.59483804294e-11
0.460921843687 1.55556550599e-11
0.480961923848 1.51896554662e-11
0.501002004008 1.48390646159e-11
0.521042084168 1.45231622064e-11
0.541082164329 1.42308613553e-11
0.561122244489 1.39568395689e-11
0.581162324649 1.37038869489e-11
0.60120240481 1.34748496727e-11
0.62124248497 1.32546939487e-11
0.64128256513 1.30449075241e-11
0.661322645291 1.28585102282e-11
0.681362725451 1.26748854428e-11
0.701402805611 1.24675043549e-11
0.721442885772 1.22716466129e-11
0.741482965932 1.20843809808e-11
0.761523046092 1.18952012277e-11
0.781563126253 1.17173239302e-11
0.801603206413 1.1557181541e-11
0.821643286573 1.1372022846e-11
0.841683366733 1.11723707614e-11
0.861723446894 1.09889135016e-11
0.881763527054 1.07948628298e-11
0.901803607214 1.05584426092e-11
0.921843687375 1.03341054127e-11
0.941883767535 1.01201631368e-11
0.961923847695 9.88748484571e-12
0.981963927856 9.66366993682e-12
1.00200400802 9.45383049233e-12
1.02204408818 9.26576968398e-12
1.04208416834 9.09317518384e-12
1.0621242485 8.93255276881e-12
1.08216432866 8.77251873227e-12
1.10220440882 8.61025626679e-12
1.12224448898 8.45113870768e-12
1.14228456914 8.30027154724e-12
1.1623246493 8.12443433401e-12
1.18236472946 7.95541975103e-12
1.20240480962 7.7998895786e-12
1.22244488978 7.64718141298e-12
1.24248496994 7.49797166184e-12
1.2625250501 7.35366755732e-12
1.28256513026 7.21508571575e-12
1.30260521042 7.08460076998e-12
1.32264529058 6.95923742492e-12
1.34268537074 6.83836722042e-12
1.3627254509 6.7311922447e-12
1.38276553106 6.62845198856e-12
1.40280561122 6.53003342116e-12
1.42284569138 6.42651388411e-12
1.44288577154 6.32133462414e-12
1.4629258517 6.22070934644e-12
1.48296593186 6.12374373779e-12
1.50300601202 6.03188111224e-12
1.52304609218 5.94333696293e-12
1.54308617234 5.85926229383e-12
1.56312625251 5.76518385553e-12
1.58316633267 5.67362337382e-12
1.60320641283 5.58589372715e-12
1.62324649299 5.50057119617e-12
1.64328657315 5.41749256897e-12
1.66332665331 5.33721838982e-12
1.68336673347 5.26128020635e-12
1.70340681363 5.1936341802e-12
1.72344689379 5.12839102741e-12
1.74348697395 5.06499856125e-12
1.76352705411 4.97482555946e-12
1.78356713427 4.88591771116e-12
1.80360721443 4.79920652604e-12
1.82364729459 4.723459163e-12
1.84368737475 4.65445462175e-12
1.86372745491 4.58836036049e-12
1.88376753507 4.53156324018e-12
1.90380761523 4.49313061662e-12
1.92384769539 4.45591494206e-12
1.94388777555 4.4196898547e-12
1.96392785571 4.35446986682e-12
1.98396793587 4.29012527644e-12
2.00400801603 4.22490794268e-12
2.02404809619 4.16738463874e-12
2.04408817635 4.10905607581e-12
2.06412825651 4.05261151465e-12
2.08416833667 3.99752785711e-12
2.10420841683 3.94394617252e-12
2.12424849699 3.89187772112e-12
2.14428857715 3.84100073052e-12
2.16432865731 3.78912110518e-12
2.18436873747 3.73816790305e-12
2.20440881764 3.68820815685e-12
2.2244488978 3.63335817568e-12
2.24448897796 3.5766199321e-12
2.26452905812 3.5217433667e-12
2.28456913828 3.46698124294e-12
2.30460921844 3.41106360782e-12
2.3246492986 3.35645785937e-12
2.34468937876 3.3029160159e-12
2.36472945892 3.2604604079e-12
2.38476953908 3.21882994104e-12
2.40480961924 3.1779993591e-12
2.4248496994 3.13688063635e-12
2.44488977956 3.09601392906e-12
2.46492985972 3.05590276036e-12
2.48496993988 3.01161105194e-12
2.50501002004 2.95868500222e-12
2.5250501002 2.90667735486e-12
2.54509018036 2.85578029394e-12
2.56513026052 2.82511730317e-12
2.58517034068 2.79499691994e-12
2.60521042084 2.76540385067e-12
2.625250501 2.72598308601e-12
2.64529058116 2.68241298708e-12
2.66533066132 2.6395531804e-12
2.68537074148 2.59770927073e-12
2.70541082164 2.5571287898e-12
2.7254509018 2.51719254262e-12
2.74549098196 2.4780040841e-12
2.76553106212 2.44487336639e-12
2.78557114228 2.41226023871e-12
2.80561122244 2.3801519347e-12
2.82565130261 2.33633547674e-12
2.84569138277 2.28776539833e-12
2.86573146293 2.2399082859e-12
2.88577154309 2.19897693782e-12
2.90581162325 2.16956399231e-12
2.92585170341 2.14058296627e-12
2.94589178357 2.11176775462e-12
2.96593186373 2.07559074305e-12
2.98597194389 2.03992442456e-12
3.00601202405 2.0047575652e-12
3.02605210421 1.96953901264e-12
3.04609218437 1.93457750087e-12
3.06613226453 1.90009368777e-12
3.08617234469 1.86679061993e-12
3.10621242485 1.83513281275e-12
3.12625250501 1.80389877623e-12
3.14629258517 1.77319834252e-12
3.16633266533 1.74559164291e-12
3.18637274549 1.71834769693e-12
3.20641282565 1.69145907824e-12
3.22645290581 1.65968456319e-12
3.24649298597 1.62621293816e-12
3.26653306613 1.59316484447e-12
3.28657314629 1.55932637984e-12
3.30661322645 1.5239729876e-12
3.32665330661 1.4890566888e-12
3.34669338677 1.45498441042e-12
3.36673346693 1.42880084319e-12
3.38677354709 1.40293680232e-12
3.40681362725 1.3773862636e-12
3.42685370741 1.35083868968e-12
3.44689378758 1.32410990596e-12
3.46693386774 1.29769814399e-12
3.4869739479 1.27203220289e-12
3.50701402806 1.24733549936e-12
3.52705410822 1.22292641298e-12
3.54709418838 1.19861674855e-12
3.56713426854 1.17186459409e-12
3.5871743487 1.14541742303e-12
3.60721442886 1.11926991267e-12
3.62725450902 1.09464572458e-12
3.64729458918 1.07074306194e-12
3.66733466934 1.04710668424e-12
3.6873747495 1.0245016013e-12
3.70741482966 1.00327981419e-12
3.72745490982 9.82290621577e-13
3.74749498998 9.61591859616e-13
3.76753507014 9.41897008747e-13
3.7875751503 9.22414409948e-13
3.80761523046 9.03140562192e-13
3.82765531062 8.81515118457e-13
3.84769539078 8.59239053285e-13
3.86773547094 8.37197041066e-13
3.8877755511 8.16625147149e-13
3.90781563126 7.98018583613e-13
3.92785571142 7.79604686766e-13
3.94789579158 7.61508866454e-13
3.96793587174 7.45003952643e-13
3.9879759519 7.28667367752e-13
4.00801603206 7.1249649265e-13
4.02805611222 6.9496431579e-13
4.04809619238 6.77111527748e-13
4.06813627255 6.5943668495e-13
4.08817635271 6.43109714532e-13
4.10821643287 6.28531916795e-13
4.12825651303 6.14097448716e-13
4.14829659319 5.99750986419e-13
4.16833667335 5.85032135757e-13
4.18837675351 5.7045571273e-13
4.20841683367 5.5601962294e-13
4.22845691383 5.4272282748e-13
4.24849699399 5.29860960015e-13
4.26853707415 5.17121185393e-13
4.28857715431 5.04195617175e-13
4.30861723447 4.90993977394e-13
4.32865731463 4.77915739309e-13
4.34869739479 4.65102408273e-13
4.36873747495 4.53635975935e-13
4.38877755511 4.42275281988e-13
4.40881763527 4.31018846452e-13
4.42885771543 4.20645965368e-13
4.44889779559 4.10594205004e-13
4.46893787575 4.00633455833e-13
4.48897795591 3.90679274571e-13
4.50901803607 3.80710753187e-13
4.52905811623 3.70831207314e-13
4.54909819639 3.61088047303e-13
4.56913827655 3.51805901302e-13
4.58917835671 3.42605490294e-13
4.60921843687 3.33485723689e-13
4.62925851703 3.24545742872e-13
4.64929859719 3.15710834987e-13
4.66933867735 3.06952328614e-13
4.68937875752 2.98727288277e-13
4.70941883768 2.91120033003e-13
4.72945891784 2.83577744355e-13
4.749498998 2.76023830338e-13
4.76953907816 2.68004323049e-13
4.78957915832 2.60052365643e-13
4.80961923848 2.52167097885e-13
4.82965931864 2.45076343834e-13
4.8496993988 2.38231926844e-13
4.86973947896 2.31444216268e-13
4.88977955912 2.24860069463e-13
4.90981963928 2.18499162974e-13
4.92985971944 2.12190301851e-13
4.9498997996 2.06016053204e-13
4.96993987976 2.00422799968e-13
4.98997995992 1.94874764975e-13
5.01002004008 1.89473208851e-13
5.03006012024 1.84209064481e-13
5.0501002004 1.78986958273e-13
5.07014028056 1.74079169181e-13
5.09018036072 1.69215864872e-13
5.11022044088 1.64390933977e-13
5.13026052104 1.59603918775e-13
5.1503006012 1.54854368966e-13
5.17034068136 1.50477269995e-13
5.19038076152 1.4615572115e-13
5.21042084168 1.41867603432e-13
5.23046092184 1.3761252605e-13
5.250501002 1.33390104422e-13
5.27054108216 1.29582406061e-13
5.29058116232 1.25846517544e-13
5.31062124248 1.22138979152e-13
5.33066132265 1.18459465842e-13
5.35070140281 1.14807657629e-13
5.37074148297 1.11288089081e-13
5.39078156313 1.07812023466e-13
5.41082164329 1.04361833974e-13
5.43086172345 1.00937229823e-13
5.45090180361 9.75379246652e-14
5.47094188377 9.44965690616e-14
5.49098196393 9.15512260631e-14
5.51102204409 8.86274088132e-14
5.53106212425 8.57248798015e-14
5.55110220441 8.28434050731e-14
5.57114228457 8.01040261871e-14
5.59118236473 7.7418904043e-14
5.61122244489 7.47530482256e-14
5.63126252505 7.21062501502e-14
5.65130260521 6.94783042929e-14
5.67134268537 6.70896417175e-14
5.69138276553 6.47961874178e-14
5.71142284569 6.25188994315e-14
5.73146292585 6.02576058084e-14
5.75150300601 5.80121370778e-14
5.77154308617 5.58622165432e-14
5.79158316633 5.37618530119e-14
5.81162324649 5.16760344318e-14
5.83166332665 4.96046089034e-14
5.85170340681 4.7547426676e-14
5.87174348697 4.56019808275e-14
5.89178356713 4.37207222627e-14
5.91182364729 4.18522676131e-14
5.93186372745 3.99964855022e-14
5.95190380762 3.81532463779e-14
5.97194388778 3.65027092466e-14
5.99198396794 3.49751904205e-14
6.0120240481 3.34578963043e-14
6.03206412826 3.19507236655e-14
6.05210420842 3.04535706837e-14
6.07214428858 2.90411141958e-14
6.09218436874 2.76929029736e-14
6.1122244489 2.63535668879e-14
6.13226452906 2.5023017832e-14
6.15230460922 2.37011688839e-14
6.17234468938 2.24313292273e-14
6.19238476954 2.12072788352e-14
6.2124248497 1.99911543049e-14
6.23246492986 1.87828782734e-14
6.25250501002 1.75823743997e-14
6.27254509018 1.64809519773e-14
6.29258517034 1.54795176781e-14
6.3126252505 1.44844657303e-14
6.33266533066 1.34957347888e-14
6.35270541082 1.25132643079e-14
6.37274549098 1.15999890643e-14
6.39278557114 1.07678115024e-14
6.4128256513 9.94085517914e-15
6.43286573146 9.11907067223e-15
6.45290581162 8.3024091938e-15
6.47294589178 7.58423497692e-15
6.49298597194 7.00223531904e-15
6.5130260521 6.4238340383e-15
6.53306613226 5.84899750043e-15
6.55310621242 5.27769249951e-15
6.57314629259 4.77495257389e-15
6.59318637275 4.38399216917e-15
6.61322645291 3.99541533624e-15
6.63326653307 3.60920003813e-15
6.65330661323 3.22532451734e-15
6.67334669339 2.85668803062e-15
6.69338677355 2.51603728508e-15
6.71342685371 2.177432158e-15
6.73346693387 1.84085402254e-15
6.75350701403 1.50628448451e-15
6.77354709419 1.20866183197e-15
6.79358717435 9.9693886636e-16
6.81362725451 7.86471319042e-16
6.83366733467 5.77247842256e-16
6.85370741483 3.69257230579e-16
6.87374749499 2.05358204134e-16
6.89378757515 1.68950850808e-16
6.91382765531 1.32762940134e-16
6.93386773547 9.67923159337e-17
6.95390781563 6.10368548734e-17
6.97394789579 3.21687152365e-17
6.99398797595 2.81925955557e-17
7.01402805611 2.42462764439e-17
7.03406813627 2.03292903926e-17
7.05410821643 1.64411818613e-17
7.07414829659 1.29981892697e-17
7.09418837675 1.15849953025e-17
7.11422845691 1.01857542926e-17
7.13426853707 8.80016966642e-18
7.15430861723 7.42795372814e-18
7.17434869739 6.22018112413e-18
7.19438877756 6.02278322383e-18
7.21442885772 5.83155805122e-18
7.23446893788 5.64630353692e-18
7.25450901804 5.46682448886e-18
7.2745490982 5.29332970882e-18
7.29458917836 5.12919953112e-18
7.31462925852 4.97027423214e-18
7.33466933868 4.81638397009e-18
7.35470941884 4.667364644e-18
7.374749499 4.5230576914e-18
7.39478957916 4.38330989356e-18
7.41482965932 4.24797318784e-18
7.43486973948 4.116904487e-18
7.45490981964 3.98996550507e-18
7.4749498998 3.86702258966e-18
7.49498997996 3.74794656035e-18
7.51503006012 3.63261255297e-18
7.53507014028 3.52089986962e-18
7.55511022044 3.4126918341e-18
7.5751503006 3.30787565251e-18
7.59519038076 3.20634227906e-18
7.61523046092 3.10798628658e-18
7.63527054108 3.01270574178e-18
7.65531062124 2.92040208499e-18
7.6753507014 2.83098001422e-18
7.69539078156 2.74434737336e-18
7.71543086172 2.66041504443e-18
7.73547094188 2.57909684366e-18
7.75551102204 2.50030942125e-18
7.7755511022 2.42397216475e-18
7.79559118236 2.35000710584e-18
7.81563126253 2.27833883048e-18
7.83567134269 2.20889439215e-18
7.85571142285 2.14160322823e-18
7.87575150301 2.07639707932e-18
7.89579158317 2.01320991142e-18
7.91583166333 1.95197784078e-18
7.93587174349 1.89263906151e-18
7.95591182365 1.83513377559e-18
7.97595190381 1.77940412545e-18
7.99599198397 1.72539412886e-18
8.01603206413 1.67304961606e-18
8.03607214429 1.62231816918e-18
8.05611222445 1.57314906361e-18
8.07615230461 1.52549321158e-18
8.09619238477 1.4793031076e-18
8.11623246493 1.43453277577e-18
8.13627254509 1.39113771899e-18
8.15631262525 1.34907486986e-18
8.17635270541 1.30830254329e-18
8.19639278557 1.26878039077e-18
8.21643286573 1.23046935614e-18
8.23647294589 1.19333163296e-18
8.25651302605 1.15733062331e-18
8.27655310621 1.12243089793e-18
8.29659318637 1.08859815786e-18
8.31663326653 1.05579919725e-18
8.33667334669 1.02400186753e-18
8.35671342685 9.93175042741e-19
8.37675350701 9.63288586086e-19
8.39679358717 9.34313317578e-19
8.41683366733 9.06220982808e-19
8.43687374749 8.78984222753e-19
8.45691382766 8.52576544613e-19
8.47695390782 8.26972293627e-19
8.49699398798 8.02146625832e-19
8.51703406814 7.78075481749e-19
8.5370741483 7.54735560941e-19
8.55711422846 7.32104297426e-19
8.57715430862 7.1015983592e-19
8.59719438878 6.88881008864e-19
8.61723446894 6.68247314225e-19
8.6372745491 6.48238894028e-19
8.65731462926 6.28836513615e-19
8.67735470942 6.10021541583e-19
8.69739478958 5.91775930392e-19
8.71743486974 5.74082197615e-19
8.7374749499 5.56923407809e-19
8.75751503006 5.40283154988e-19
8.77755511022 5.24145545667e-19
8.79759519038 5.08495182476e-19
8.81763527054 4.93317148306e-19
8.8376753507 4.78596990978e-19
8.85771543086 4.6432070842e-19
8.87775551102 4.50474734323e-19
8.89779559118 4.37045924273e-19
8.91783567134 4.24021542337e-19
8.9378757515 4.11389248085e-19
8.95791583166 3.99137084035e-19
8.97795591182 3.87253463512e-19
8.99799599198 3.757271589e-19
9.01803607214 3.64547290276e-19
9.0380761523 3.53703314416e-19
9.05811623246 3.4318501415e-19
9.07815631263 3.32982488078e-19
9.09819639279 3.23086140601e-19
9.11823647295 3.13486672291e-19
9.13827655311 3.04175070558e-19
9.15831663327 2.9514260063e-19
9.17835671343 2.86380796818e-19
9.19839679359 2.77881454063e-19
9.21843687375 2.69636619757e-19
9.23847695391 2.61638585825e-19
9.25851703407 2.53879881066e-19
9.27855711423 2.4635326373e-19
9.29859719439 2.39051714344e-19
9.31863727455 2.31968428765e-19
9.33867735471 2.25096811447e-19
9.35871743487 2.18430468934e-19
9.37875751503 2.11963203557e-19
9.39879759519 2.05689007331e-19
9.41883767535 1.99602056046e-19
9.43887775551 1.93696703547e-19
9.45891783567 1.87967476199e-19
9.47895791583 1.82409067525e-19
9.49899799599 1.77016333012e-19
9.51903807615 1.71784285088e-19
9.53907815631 1.6670808825e-19
9.55911823647 1.61783054357e-19
9.57915831663 1.57004638063e-19
9.59919839679 1.52368432394e-19
9.61923847695 1.47870164476e-19
9.63927855711 1.43505691383e-19
9.65931863727 1.39270996126e-19
9.67935871743 1.35162183765e-19
9.6993987976 1.31175477644e-19
9.71943887776 1.27307215742e-19
9.73947895792 1.23553847144e-19
9.75951903808 1.1991192862e-19
9.77955911824 1.16378121306e-19
9.7995991984 1.129491875e-19
9.81963927856 1.09621987549e-19
9.83967935872 1.0639347684e-19
9.85971943888 1.03260702877e-19
9.87975951904 1.00220802463e-19
9.8997995992 0.0
9.91983967936 0.0
9.93987975952 0.0
9.95991983968 0.0
9.97995991984 0.0
10.0 0.0
