0.0 0.0
0.0200400801603 0.0
0.0400801603206 0.0
0.060120240481 0.0
0.0801603206413 0.0
0.100200400802 0.0
0.120240480962 0.0
0.140280561122 0.0
0.160320641283 0.0
0.180360721443 0.0
0.200400801603 0.0
0.220440881764 0.0
0.240480961924 0.0
0.260521042084 0.0
0.280561122244 0.0
0.300601202405 0.0
0.320641282565 0.0
0.340681362725 2.32556907744e-10
0.360721442886 7.16404901385e-11
0.380761523046 5.64384653806e-11
0.400801603206 5.0213904222e-11
0.420841683367 4.69032149016e-11
0.440881763527 4.49194875969e-11
0.460921843687 4.36360603002e-11
0.480961923848 4.27431637546e-11
0.501002004008 4.20395233037e-11
0.521042084168 4.15310823863e-11
0.541082164329 4.11543159329e-11
0.561122244489 4.08624501035e-11
0.581162324649 4.06451181329e-11
0.60120240481 4.04836722108e-11
0.62124248497 4.03396106735e-11
0.64128256513 4.02144288134e-11
0.661322645291 4.01207277298e-11
0.681362725451 3.99987440562e-11
0.701402805611 3.97398423548e-11
0.721442885772 3.95120143106e-11
0.741482965932 3.93078408496e-11
0.761523046092 3.90727839311e-11
0.781563126253 3.88561303516e-11
0.801603206413 3.86619641483e-11
0.821643286573 3.83334939165e-11
0.841683366733 3.79248600586e-11
0.861723446894 3.75430283487e-11
0.881763527054 3.71038191103e-11
0.901803607214 3.64662063447e-11
0.921843687375 3.58641325135e-11
0.941883767535 3.52935810508e-11
0.961923847695 3.4632233302e-11
0.981963927856 3.39949010482e-11
1.00200400802 3.33903695322e-11
1.02204408818 3.2869367438e-11
1.04208416834 3.24078448649e-11
1.0621242485 3.19661941809e-11
1.08216432866 3.15282451618e-11
1.10220440882 3.10745377362e-11
1.12224448898 3.06398570426e-11
1.14228456914 3.0226775067e-11
1.1623246493 2.97006314986e-11
1.18236472946 2.91865033566e-11
1.20240480962 2.86917750175e-11
1.22244488978 2.82057208454e-11
1.24248496994 2.77312228342e-11
1.2625250501 2.72734108997e-11
1.28256513026 2.68374720992e-11
1.30260521042 2.64326366799e-11
1.32264529058 2.60414257675e-11
1.34268537074 2.5663071742e-11
1.3627254509 2.53397666738e-11
1.38276553106 2.50290846521e-11
1.40280561122 2.47275603725e-11
1.42284569138 2.44033601138e-11
1.44288577154 2.40698200231e-11
1.4629258517 2.37460874965e-11
1.48296593186 2.34358830849e-11
1.50300601202 2.31451884087e-11
1.52304609218 2.28627772041e-11
1.54308617234 2.25901542517e-11
1.56312625251 2.22739612711e-11
1.58316633267 2.19642093563e-11
1.60320641283 2.16627559566e-11
1.62324649299 2.13702261152e-11
1.64328657315 2.10858670666e-11
1.66332665331 2.08085814583e-11
1.68336673347 2.05495688391e-11
1.70340681363 2.03241597686e-11
1.72344689379 2.01043257145e-11
1.74348697395 1.9889715026e-11
1.76352705411 1.95627097022e-11
1.78356713427 1.92397951117e-11
1.80360721443 1.89244288172e-11
1.82364729459 1.86539865305e-11
1.84368737475 1.84106723e-11
1.86372745491 1.81728496239e-11
1.88376753507 1.7972712726e-11
1.90380761523 1.78483278354e-11
1.92384769539 1.77266844159e-11
1.94388777555 1.76076915772e-11
1.96392785571 1.73678351451e-11
1.98396793587 1.71305346728e-11
2.00400801603 1.68956668585e-11
2.02404809619 1.66758580439e-11
2.04408817635 1.64605257849e-11
2.06412825651 1.62495562664e-11
2.08416833667 1.60436731699e-11
2.10420841683 1.58436762952e-11
2.12424849699 1.56476083478e-11
2.14428857715 1.54553533344e-11
2.16432865731 1.52586814235e-11
2.18436873747 1.50656780555e-11
2.20440881764 1.48763159587e-11
2.2244488978 1.46664756825e-11
2.24448897796 1.44482781811e-11
2.26452905812 1.42340722162e-11
2.28456913828 1.40200899111e-11
2.30460921844 1.38026059745e-11
2.3246492986 1.3588989015e-11
2.34468937876 1.33791636316e-11
2.36472945892 1.32145717793e-11
2.38476953908 1.30528343401e-11
2.40480961924 1.28938769732e-11
2.4248496994 1.27332348222e-11
2.44488977956 1.25731669726e-11
2.46492985972 1.24157782464e-11
2.48496993988 1.22407176248e-11
2.50501002004 1.20296351676e-11
2.5250501002 1.18219878682e-11
2.54509018036 1.16185875876e-11
2.56513026052 1.14983429954e-11
2.58517034068 1.1380015437e-11
2.60521042084 1.12635590307e-11
2.625250501 1.11062887238e-11
2.64529058116 1.09316489854e-11
2.66533066132 1.07596958288e-11
2.68537074148 1.05917018871e-11
2.70541082164 1.04286991073e-11
2.7254509018 1.02681462837e-11
2.74549098196 1.01104810453e-11
2.76553106212 9.97759243166e-12
2.78557114228 9.84665802547e-12
2.80561122244 9.71763470013e-12
2.82565130261 9.54022536233e-12
2.84569138277 9.34309687627e-12
2.86573146293 9.14877602006e-12
2.88577154309 8.98285301266e-12
2.90581162325 8.86423710385e-12
2.92585170341 8.74727821102e-12
2.94589178357 8.63088727761e-12
2.96593186373 8.48408435197e-12
2.98597194389 8.33928662477e-12
3.00601202405 8.19645300902e-12
3.02605210421 8.05332021244e-12
3.04609218437 7.91116381061e-12
3.06613226453 7.77089628881e-12
3.08617234469 7.6354142931e-12
3.10621242485 7.50663203062e-12
3.12625250501 7.37952723176e-12
3.14629258517 7.25455519008e-12
3.16633266533 7.14224917139e-12
3.18637274549 7.03137798935e-12
3.20641282565 6.92191414865e-12
3.22645290581 6.7923074128e-12
3.24649298597 6.65567698501e-12
3.26653306613 6.52074642387e-12
3.28657314629 6.38252712935e-12
3.30661322645 6.23804341429e-12
3.32665330661 6.09532331784e-12
3.34669338677 5.95604140602e-12
3.36673346693 5.84915560057e-12
3.38677354709 5.74355155829e-12
3.40681362725 5.63920623062e-12
3.42685370741 5.5307353392e-12
3.44689378758 5.42149391118e-12
3.46693386774 5.31353105126e-12
3.4869739479 5.20861002927e-12
3.50701402806 5.1076497904e-12
3.52705410822 5.00785061323e-12
3.54709418838 4.9084404664e-12
3.56713426854 4.79897797497e-12
3.5871743487 4.69075230743e-12
3.60721442886 4.58374251388e-12
3.62725450902 4.48297571259e-12
3.64729458918 4.38515873507e-12
3.66733466934 4.28842236421e-12
3.6873747495 4.19590923138e-12
3.70741482966 4.10906521547e-12
3.72745490982 4.0231648904e-12
3.74749498998 3.93844641442e-12
3.76753507014 3.85784011309e-12
3.7875751503 3.77809554716e-12
3.80761523046 3.69919890645e-12
3.82765531062 3.6106385773e-12
3.84769539078 3.51939982461e-12
3.86773547094 3.42911548191e-12
3.8877755511 3.34486032947e-12
3.90781563126 3.26866706266e-12
3.92785571142 3.1932585429e-12
3.94789579158 3.11914992541e-12
3.96793587174 3.05156602454e-12
3.9879759519 2.98466757787e-12
4.00801603206 2.91844416475e-12
4.02805611222 2.84662891607e-12
4.04809619238 2.77349383898e-12
4.06813627255 2.70108544251e-12
4.08817635271 2.63420510711e-12
4.10821643287 2.57449938257e-12
4.12825651303 2.51537823878e-12
4.14829659319 2.45661488553e-12
4.16833667335 2.39632043645e-12
4.18837675351 2.33660764829e-12
4.20841683367 2.27746811115e-12
4.22845691383 2.22300062389e-12
4.24849699399 2.17031513147e-12
4.26853707415 2.11812823184e-12
4.28857715431 2.06517696667e-12
4.30861723447 2.01109123139e-12
4.32865731463 1.95751005508e-12
4.34869739479 1.90501404139e-12
4.36873747495 1.85804166238e-12
4.38877755511 1.81150143153e-12
4.40881763527 1.76538739019e-12
4.42885771543 1.72289611491e-12
4.44889779559 1.68172055773e-12
4.46893787575 1.64091694464e-12
4.48897795591 1.600139032e-12
4.50901803607 1.55930118345e-12
4.52905811623 1.51882723386e-12
4.54909819639 1.47891169635e-12
4.56913827655 1.44088593829e-12
4.58917835671 1.40319452232e-12
4.60921843687 1.36583304274e-12
4.62925851703 1.32920811529e-12
4.64929859719 1.29301339958e-12
4.66933867735 1.25713137493e-12
4.68937875752 1.22343627137e-12
4.70941883768 1.19227375487e-12
4.72945891784 1.16137701401e-12
4.749498998 1.13043205479e-12
4.76953907816 1.09757762164e-12
4.78957915832 1.06499979516e-12
4.80961923848 1.03269508544e-12
4.82965931864 1.00364750649e-12
4.8496993988 9.7560950715e-13
4.86973947896 9.47803646886e-13
4.88977955912 9.2083201787e-13
4.90981963928 8.94775280601e-13
4.92985971944 8.68931617281e-13
4.9498997996 8.43639530763e-13
4.96993987976 8.20728891298e-13
4.98997995992 7.98003327154e-13
5.01002004008 7.75877948014e-13
5.03006012024 7.5431558893e-13
5.0501002004 7.32925314793e-13
5.07014028056 7.12823204331e-13
5.09018036072 6.92903211697e-13
5.11022044088 6.73140307089e-13
5.13026052104 6.53532633863e-13
5.1503006012 6.34078364615e-13
5.17034068136 6.16150487746e-13
5.19038076152 5.98450124084e-13
5.21042084168 5.80886631638e-13
5.23046092184 5.63458424139e-13
5.250501002 5.46163939815e-13
5.27054108216 5.30569009589e-13
5.29058116232 5.15268242222e-13
5.31062124248 5.00083538486e-13
5.33066132265 4.85013578823e-13
5.35070140281 4.70057063666e-13
5.37074148297 4.55642383191e-13
5.39078156313 4.41405894113e-13
5.41082164329 4.27275371391e-13
5.43086172345 4.13249632889e-13
5.45090180361 3.99327514047e-13
5.47094188377 3.86872117309e-13
5.49098196393 3.74810076208e-13
5.51102204409 3.6283617199e-13
5.53106212425 3.50949439375e-13
5.55110220441 3.39148927176e-13
5.57114228457 3.27930598137e-13
5.59118236473 3.16934532082e-13
5.61122244489 3.0601736395e-13
5.63126252505 2.95178245255e-13
5.65130260521 2.84416339672e-13
5.67134268537 2.74634789548e-13
5.69138276553 2.65243278275e-13
5.71142284569 2.55917961333e-13
5.73146292585 2.46658139398e-13
5.75150300601 2.37463122993e-13
5.77154308617 2.28659534501e-13
5.79158316633 2.20058947893e-13
5.81162324649 2.1151792512e-13
5.83166332665 2.03035847879e-13
5.85170340681 1.94612106423e-13
5.87174348697 1.866461001e-13
5.89178356713 1.78943028616e-13
5.91182364729 1.71292392912e-13
5.93186372745 1.63693657983e-13
5.95190380762 1.56146296105e-13
5.97194388778 1.49388319857e-13
5.99198396794 1.43134256734e-13
6.0120240481 1.36922053171e-13
6.03206412826 1.30751289179e-13
6.05210420842 1.24621550389e-13
6.07214428858 1.18838732394e-13
6.09218436874 1.13319056398e-13
6.1122244489 1.07835714175e-13
6.13226452906 1.02388347193e-13
6.15230460922 9.69766016399e-14
6.17234468938 9.17778749923e-14
6.19238476954 8.67666869948e-14
6.2124248497 8.17879488146e-14
6.23246492986 7.68413454614e-14
6.25250501002 7.19265660223e-14
6.27254509018 6.74175995427e-14
6.29258517034 6.33181509023e-14
6.3126252505 5.92448250059e-14
6.33266533066 5.51973722952e-14
6.35270541082 5.11755463923e-14
6.37274549098 4.7437107467e-14
6.39278557114 4.4030798015e-14
6.4128256513 4.06458537258e-14
6.43286573146 3.72820736764e-14
6.45290581162 3.39392594651e-14
6.47294589178 3.09997831227e-14
6.49298597194 2.86179824337e-14
6.5130260521 2.62508922316e-14
6.53306613226 2.3898376244e-14
6.55310621242 2.15602998841e-14
6.57314629259 1.95029967583e-14
6.59318637275 1.7903436813e-14
6.61322645291 1.63136080015e-14
6.63326653307 1.47334214808e-14
6.65330661323 1.31627894921e-14
6.67334669339 1.16545376761e-14
6.69338677355 1.02608653097e-14
6.71342685371 8.875544185e-15
6.73346693387 7.49849919821e-15
6.75350701403 6.12965614828e-15
6.77354709419 4.91208823744e-15
6.79358717435 4.04625343481e-15
6.81362725451 3.18553246713e-15
6.83366733467 2.32987996078e-15
6.85370741483 1.47925108137e-15
6.87374749499 8.09146863549e-16
6.89378757515 6.61073112232e-16
6.91382765531 5.13866646767e-16
6.93386773547 3.67519734812e-16
6.95390781563 2.22024738637e-16
6.97394789579 1.04703234621e-16
6.99398797595 8.92792048225e-17
7.01402805611 7.39493553229e-17
7.03406813627 5.87127193329e-17
7.05410821643 4.35683454319e-17
7.07414829659 3.02214354914e-17
7.09418837675 2.51613720218e-17
7.11422845691 2.01348889678e-17
7.13426853707 1.51415659114e-17
7.15430861723 1.01809908845e-17
7.17434869739 5.87247053501e-18
7.19438877756 5.6803091088e-18
7.21442885772 5.49351643358e-18
7.23446893788 5.31193058615e-18
7.25450901804 5.13539463234e-18
7.2745490982 4.96538339691e-18
7.29458917836 4.81633537075e-18
7.31462925852 4.6717968718e-18
7.33466933868 4.53163021628e-18
7.35470941884 4.3957019685e-18
7.374749499 4.26388280822e-18
7.39478957916 4.13604740216e-18
7.41482965932 4.01207427957e-18
7.43486973948 3.89184571178e-18
7.45490981964 3.77524759554e-18
7.4749498998 3.66216934005e-18
7.49498997996 3.55250375753e-18
7.51503006012 3.44614695731e-18
7.53507014028 3.34299824318e-18
7.55511022044 3.24296001406e-18
7.5751503006 3.14593766775e-18
7.59519038076 3.05183950772e-18
7.61523046092 2.96057665284e-18
7.63527054108 2.87206294997e-18
7.65531062124 2.78621488926e-18
7.6753507014 2.70295152217e-18
7.69539078156 2.62219438199e-18
7.71543086172 2.54386740696e-18
7.73547094188 2.46789686569e-18
7.75551102204 2.39421128499e-18
7.7755511022 2.32274137997e-18
7.79559118236 2.2534199863e-18
7.81563126253 2.1861819946e-18
7.83567134269 2.1209642869e-18
7.85571142285 2.05770567507e-18
7.87575150301 1.99634684119e-18
7.89579158317 1.93683027979e-18
7.91583166333 1.87910024186e-18
7.93587174349 1.82310268069e-18
7.95591182365 1.76878519928e-18
7.97595190381 1.71609699953e-18
7.99599198397 1.66498883291e-18
8.01603206413 1.6154129527e-18
8.03607214429 1.56732306775e-18
8.05611222445 1.52067429764e-18
8.07615230461 1.47542312928e-18
8.09619238477 1.43152737478e-18
8.11623246493 1.38894613075e-18
8.13627254509 1.34763973876e-18
8.15631262525 1.30756974709e-18
8.17635270541 1.26869887368e-18
8.19639278557 1.23099097012e-18
8.21643286573 1.19441098693e-18
8.23647294589 1.1589249398e-18
8.25651302605 1.12449987689e-18
8.27655310621 1.09110384717e-18
8.29659318637 1.05870586976e-18
8.31663326653 1.02727590415e-18
8.33667334669 9.96784821439e-19
8.35671342685 9.67204376355e-19
8.37675350701 9.38507180248e-19
8.39679358717 9.10666674845e-19
8.41683366733 8.83657106849e-19
8.43687374749 8.57453503314e-19
8.45691382766 8.32031647786e-19
8.47695390782 8.07368057176e-19
8.49699398798 7.83439959351e-19
8.51703406814 7.60225271419e-19
8.5370741483 7.37702578676e-19
8.55711422846 7.1585111421e-19
8.57715430862 6.94650739135e-19
8.59719438878 6.74081923424e-19
8.61723446894 6.54125727346e-19
8.6372745491 6.34763783467e-19
8.65731462926 6.15978279203e-19
8.67735470942 5.97751939921e-19
8.69739478958 5.80068012546e-19
8.71743486974 5.62910249684e-19
8.7374749499 5.46262894225e-19
8.75751503006 5.30110664425e-19
8.77755511022 5.14438739445e-19
8.79759519038 4.99232745328e-19
8.81763527054 4.8447874142e-19
8.8376753507 4.70163207191e-19
8.85771543086 4.56273029475e-19
8.87775551102 4.42795490095e-19
8.89779559118 4.29718253864e-19
8.91783567134 4.17029356962e-19
8.9378757515 4.04717195664e-19
8.95791583166 3.92770515411e-19
8.97795591182 3.81178400224e-19
8.99799599198 3.69930262431e-19
9.01803607214 3.59015832719e-19
9.0380761523 3.48425150486e-19
9.05811623246 3.38148554481e-19
9.07815631263 3.28176673745e-19
9.09819639279 3.18500418816e-19
9.11823647295 3.09110973207e-19
9.13827655311 2.99999785146e-19
9.15831663327 2.91158559569e-19
9.17835671343 2.8257925035e-19
9.19839679359 2.74254052776e-19
9.21843687375 2.66175396252e-19
9.23847695391 2.58335937217e-19
9.25851703407 2.50728552292e-19
9.27855711423 2.43346331628e-19
9.29859719439 2.36182572451e-19
9.31863727455 2.29230772819e-19
9.33867735471 2.22484625554e-19
9.35871743487 2.15938012367e-19
9.37875751503 2.09584998162e-19
9.39879759519 2.03419825507e-19
9.41883767535 1.9743690928e-19
9.43887775551 1.91630831473e-19
9.45891783567 1.85996336158e-19
9.47895791583 1.80528324602e-19
9.49899799599 1.75221850532e-19
9.51903807615 1.70072115546e-19
9.53907815631 1.65074464658e-19
9.55911823647 1.60224381984e-19
9.57915831663 1.55517486556e-19
9.59919839679 1.50949528263e-19
9.61923847695 1.46516383912e-19
9.63927855711 1.4221405342e-19
9.65931863727 1.38038656103e-19
9.67935871743 1.33986427094e-19
9.6993987976 1.30053713864e-19
9.71943887776 1.26236972841e-19
9.73947895792 1.22532766144e-19
9.75951903808 1.18937758406e-19
9.77955911824 1.15448713698e-19
9.7995991984 1.12062492547e-19
9.81963927856 1.08776049035e-19
9.83967935872 1.05586428e-19
9.85971943888 1.02490762312e-19
9.87975951904 9.9486270229e-20
9.8997995992 0.0
9.91983967936 0.0
9.93987975952 0.0
9.95991983968 0.0
9.97995991984 0.0
10.0 0.0
