0.0 0.0
0.0200400801603 0.0
0.0400801603206 0.0
0.060120240481 0.0
0.0801603206413 0.0
0.100200400802 0.0
0.120240480962 0.0
0.140280561122 4.97349898362e-11
0.160320641283 1.76493258222e-11
0.180360721443 1.08063810161e-11
0.200400801603 8.75273352518e-12
0.220440881764 3.36128885383e-10
0.240480961924 3.258204057e-10
0.260521042084 1.06309804795e-11
0.280561122244 1.17049529447e-11
0.300601202405 1.25987567264e-11
0.320641282565 1.35846291428e-11
0.340681362725 1.47433069251e-11
0.360721442886 1.54948024868e-11
0.380761523046 1.61352041838e-11
0.400801603206 1.670798564e-11
0.420841683367 1.72355544073e-11
0.440881763527 1.77231005871e-11
0.460921843687 1.81679761458e-11
0.480961923848 1.85634907993e-11
0.501002004008 1.88903635905e-11
0.521042084168 1.91925347195e-11
0.541082164329 1.94681654185e-11
0.561122244489 1.97170345884e-11
0.581162324649 1.99485046232e-11
0.60120240481 2.01635015936e-11
0.62124248497 2.03510317272e-11
0.64128256513 2.05180817626e-11
0.661322645291 2.0676078171e-11
0.681362725451 2.07986075272e-11
0.701402805611 2.08306829247e-11
0.721442885772 2.08614710417e-11
0.741482965932 2.08885512606e-11
0.761523046092 2.08859494188e-11
0.781563126253 2.08814037457e-11
0.801603206413 2.08794105936e-11
0.821643286573 2.07962160595e-11
0.841683366733 2.06606839609e-11
0.861723446894 2.05312744095e-11
0.881763527054 2.03625349679e-11
0.901803607214 2.00781609652e-11
0.921843687375 1.98065747074e-11
0.941883767535 1.95459840962e-11
0.961923847695 1.92297524553e-11
0.981963927856 1.89217329691e-11
1.00200400802 1.86280710726e-11
1.02204408818 1.83772883888e-11
1.04208416834 1.81561174614e-11
1.0621242485 1.79424408346e-11
1.08216432866 1.77268226748e-11
1.10220440882 1.74997573988e-11
1.12224448898 1.72809774821e-11
1.14228456914 1.70736710425e-11
1.1623246493 1.68005937282e-11
1.18236472946 1.65322285503e-11
1.20240480962 1.62729118214e-11
1.22244488978 1.60167524164e-11
1.24248496994 1.57655371939e-11
1.2625250501 1.55222381089e-11
1.28256513026 1.52898287829e-11
1.30260521042 1.50738770685e-11
1.32264529058 1.48645607172e-11
1.34268537074 1.46615072273e-11
1.3627254509 1.44889024179e-11
1.38276553106 1.43226603431e-11
1.40280561122 1.41606161492e-11
1.42284569138 1.39847356691e-11
1.44288577154 1.38028196597e-11
1.4629258517 1.36258074182e-11
1.48296593186 1.34558075935e-11
1.50300601202 1.32964352492e-11
1.52304609218 1.31413013776e-11
1.54308617234 1.29920605395e-11
1.56312625251 1.28173475845e-11
1.58316633267 1.26458681593e-11
1.60320641283 1.24787264831e-11
1.62324649299 1.23163103535e-11
1.64328657315 1.21582126024e-11
1.66332665331 1.20037372104e-11
1.68336673347 1.18592539285e-11
1.70340681363 1.17338343311e-11
1.72344689379 1.16113554253e-11
1.74348697395 1.14915733629e-11
1.76352705411 1.13066858612e-11
1.78356713427 1.11238817084e-11
1.80360721443 1.09451791099e-11
1.82364729459 1.07921861147e-11
1.84368737475 1.06546524381e-11
1.86372745491 1.05200954559e-11
1.88376753507 1.04071448026e-11
1.90380761523 1.03378488472e-11
1.92384769539 1.02700074945e-11
1.94388777555 1.02035753285e-11
1.96392785571 1.00670494492e-11
1.98396793587 9.93185271356e-12
2.00400801603 9.79689753734e-12
2.02404809619 9.67270875936e-12
2.04408817635 9.549888612e-12
2.06412825651 9.42948408189e-12
2.08416833667 9.31192115958e-12
2.10420841683 9.19767002333e-12
2.12424849699 9.08560158958e-12
2.14428857715 8.97565381751e-12
2.16432865731 8.8630557059e-12
2.18436873747 8.75250219267e-12
2.20440881764 8.64398194318e-12
2.2244488978 8.52349402558e-12
2.24448897796 8.39807422959e-12
2.26452905812 8.27489591841e-12
2.28456913828 8.15177414222e-12
2.30460921844 8.02654701918e-12
2.3246492986 7.90349850654e-12
2.34468937876 7.78258835209e-12
2.36472945892 7.68791221907e-12
2.38476953908 7.59484351018e-12
2.40480961924 7.5033415591e-12
2.4248496994 7.4108119947e-12
2.44488977956 7.31857012871e-12
2.46492985972 7.22784220229e-12
2.48496993988 7.12678911612e-12
2.50501002004 7.00472994375e-12
2.5250501002 6.88462209597e-12
2.54509018036 6.7669404839e-12
2.56513026052 6.6976237687e-12
2.58517034068 6.62939242603e-12
2.60521042084 6.56222110445e-12
2.625250501 6.4712535591e-12
2.64529058116 6.37013710193e-12
2.66533066132 6.27055160612e-12
2.68537074148 6.17323998893e-12
2.70541082164 6.07880518885e-12
2.7254509018 5.98576839558e-12
2.74549098196 5.89438594752e-12
2.76553106212 5.81741549658e-12
2.78557114228 5.74156045624e-12
2.80561122244 5.66679670279e-12
2.82565130261 5.56380533246e-12
2.84569138277 5.44929182206e-12
2.86573146293 5.33638786867e-12
2.88577154309 5.24001599422e-12
2.90581162325 5.17120775057e-12
2.92585170341 5.10334823461e-12
2.94589178357 5.03580300224e-12
2.96593186373 4.95050277972e-12
2.98597194389 4.86635351363e-12
3.00601202405 4.78333201989e-12
3.02605210421 4.7001186301e-12
3.04609218437 4.61745801493e-12
3.06613226453 4.53588318205e-12
3.08617234469 4.45708508555e-12
3.10621242485 4.38218179451e-12
3.12625250501 4.30824344801e-12
3.14629258517 4.23553634035e-12
3.16633266533 4.17020917715e-12
3.18637274549 4.10570780678e-12
3.20641282565 4.04201663633e-12
3.22645290581 3.96655521771e-12
3.24649298597 3.88698108844e-12
3.26653306613 3.80838719513e-12
3.28657314629 3.7278611972e-12
3.30661322645 3.64366547943e-12
3.32665330661 3.56048779325e-12
3.34669338677 3.47930653878e-12
3.36673346693 3.41703444567e-12
3.38677354709 3.35550228298e-12
3.40681362725 3.29469691453e-12
3.42685370741 3.23147362033e-12
3.44689378758 3.16779205215e-12
3.46693386774 3.10484936824e-12
3.4869739479 3.04367596855e-12
3.50701402806 2.98480916054e-12
3.52705410822 2.92661368984e-12
3.54709418838 2.8686387291e-12
3.56713426854 2.80478349493e-12
3.5871743487 2.74164399698e-12
3.60721442886 2.67920824775e-12
3.62725450902 2.62041425601e-12
3.64729458918 2.56333807638e-12
3.66733466934 2.50688762959e-12
3.6873747495 2.45289985034e-12
3.70741482966 2.40222024452e-12
3.72745490982 2.35208730024e-12
3.74749498998 2.30264039853e-12
3.76753507014 2.25559263305e-12
3.7875751503 2.20904427009e-12
3.80761523046 2.16298738514e-12
3.82765531062 2.11127691957e-12
3.84769539078 2.05799616304e-12
3.86773547094 2.00526898848e-12
3.8877755511 1.95606263097e-12
3.90781563126 1.91156604162e-12
3.92785571142 1.86752474869e-12
3.94789579158 1.82424009845e-12
3.96793587174 1.78476744583e-12
3.9879759519 1.7456926076e-12
4.00801603206 1.70700958894e-12
4.02805611222 1.66505358846e-12
4.04809619238 1.62232273169e-12
4.06813627255 1.58001389071e-12
4.08817635271 1.54093528854e-12
4.10821643287 1.50605029211e-12
4.12825651303 1.47150486121e-12
4.14829659319 1.43716641927e-12
4.16833667335 1.40193017171e-12
4.18837675351 1.36703192542e-12
4.20841683367 1.33246683182e-12
4.22845691383 1.30063264401e-12
4.24849699399 1.26983897162e-12
4.26853707415 1.23933513827e-12
4.28857715431 1.20838234745e-12
4.30861723447 1.17676407529e-12
4.32865731463 1.14543921516e-12
4.34869739479 1.11474751104e-12
4.36873747495 1.0872858851e-12
4.38877755511 1.06007562176e-12
4.40881763527 1.03311327945e-12
4.42885771543 1.00826927459e-12
4.44889779559 9.8419385337e-13
4.46893787575 9.60334847064e-13
4.48897795591 9.36489684925e-13
4.50901803607 9.1260827711e-13
4.52905811623 8.88938662832e-13
4.54909819639 8.65594704179e-13
4.56913827655 8.43355568161e-13
4.58917835671 8.2131106986e-13
4.60921843687 7.99458660656e-13
4.62925851703 7.78036338939e-13
4.64929859719 7.56864859827e-13
4.66933867735 7.35875473255e-13
4.68937875752 7.16165152783e-13
4.70941883768 6.97936302624e-13
4.72945891784 6.79862253502e-13
4.749498998 6.61759242066e-13
4.76953907816 6.42537842525e-13
4.78957915832 6.23477592682e-13
4.80961923848 6.04576471007e-13
4.82965931864 5.87581206361e-13
4.8496993988 5.71176272662e-13
4.86973947896 5.54906616332e-13
4.88977955912 5.39124710414e-13
4.90981963928 5.23877807691e-13
4.92985971944 5.08755096049e-13
4.9498997996 4.9395475504e-13
4.96993987976 4.80548060867e-13
4.98997995992 4.6724925735e-13
5.01002004008 4.54301380178e-13
5.03006012024 4.41682694534e-13
5.0501002004 4.29164344577e-13
5.07014028056 4.17399773504e-13
5.09018036072 4.0574145372e-13
5.11022044088 3.94174740925e-13
5.13026052104 3.82698557578e-13
5.1503006012 3.71311843009e-13
5.17034068136 3.6081851193e-13
5.19038076152 3.5045808348e-13
5.21042084168 3.40177494045e-13
5.23046092184 3.29975822534e-13
5.250501002 3.19852162004e-13
5.27054108216 3.1072340231e-13
5.29058116232 3.01766640945e-13
5.31062124248 2.92877598394e-13
5.33066132265 2.84055508051e-13
5.35070140281 2.75299614864e-13
5.37074148297 2.66860788e-13
5.39078156313 2.58526092262e-13
5.41082164329 2.50253238863e-13
5.43086172345 2.42041540755e-13
5.45090180361 2.33890321052e-13
5.47094188377 2.26597861581e-13
5.49098196393 2.19535590661e-13
5.51102204409 2.12524768634e-13
5.53106212425 2.05564834217e-13
5.55110220441 1.98655234285e-13
5.57114228457 1.92086441798e-13
5.59118236473 1.85647674734e-13
5.61122244489 1.79254973307e-13
5.63126252505 1.72907843961e-13
5.65130260521 1.66605800183e-13
5.67134268537 1.60877815878e-13
5.69138276553 1.55378159237e-13
5.71142284569 1.49917159238e-13
5.73146292585 1.44494408914e-13
5.75150300601 1.39109507008e-13
5.77154308617 1.33953769079e-13
5.79158316633 1.28916835361e-13
5.81162324649 1.23914692815e-13
5.83166332665 1.18946981508e-13
5.85170340681 1.14013346467e-13
5.87174348697 1.09347742502e-13
5.89178356713 1.04836071046e-13
5.91182364729 1.00355033002e-13
5.93186372745 9.59043168231e-14
5.95190380762 9.14836151817e-14
5.97194388778 8.75252498722e-14
5.99198396794 8.38620064095e-14
6.0120240481 8.0223222592e-14
6.03206412826 7.66086537355e-14
6.05210420842 7.30180584199e-14
6.07214428858 6.96306365861e-14
6.09218436874 6.63973148702e-14
6.1122244489 6.31852276047e-14
6.13226452906 5.9994165843e-14
6.15230460922 5.68239233805e-14
6.17234468938 5.3778428147e-14
6.19238476954 5.0842756294e-14
6.2124248497 4.79260519901e-14
6.23246492986 4.50281316139e-14
6.25250501002 4.21488139147e-14
6.27254509018 3.95072073381e-14
6.29258517034 3.71054886446e-14
6.3126252505 3.4719042097e-14
6.33266533066 3.23477221556e-14
6.35270541082 2.99913851315e-14
6.37274549098 2.78010506383e-14
6.39278557114 2.58052807382e-14
6.4128256513 2.38220038188e-14
6.43286573146 2.18511026577e-14
6.45290581162 1.98924615011e-14
6.47294589178 1.81701170331e-14
6.49298597194 1.67745036272e-14
6.5130260521 1.53874943455e-14
6.53306613226 1.40090096233e-14
6.55310621242 1.26389708792e-14
6.57314629259 1.14334319566e-14
6.59318637275 1.04960896167e-14
6.61322645291 9.56444093956e-15
6.63326653307 8.63843400015e-15
6.65330661323 7.71801750756e-15
6.67334669339 6.83414492865e-15
6.69338677355 6.01740353803e-15
6.71342685371 5.20554913206e-15
6.73346693387 4.39853780292e-15
6.75350701403 3.59632617119e-15
6.77354709419 2.88275125108e-15
6.79358717435 2.37527829823e-15
6.81362725451 1.87079939561e-15
6.83366733467 1.36928797369e-15
6.85370741483 8.70717779799e-16
6.87374749499 4.77930794449e-16
6.89378757515 3.91049356854e-16
6.91382765531 3.04678535299e-16
6.93386773547 2.18813715195e-16
6.95390781563 1.33450340225e-16
6.97394789579 6.45990025061e-17
6.99398797595 5.54630264597e-17
7.01402805611 4.63851008936e-17
7.03406813627 3.73645705328e-17
7.05410821643 2.84007918847e-17
7.07414829659 2.04929729531e-17
7.09418837675 1.744401299e-17
7.11422845691 1.44172381106e-17
7.13426853707 1.14123248996e-17
7.15430861723 8.42895728515e-18
7.17434869739 5.8300022776e-18
7.19438877756 5.64563233284e-18
7.21442885772 5.4665815886e-18
7.23446893788 5.2926887396e-18
7.25450901804 5.1237974558e-18
7.2745490982 4.96070969802e-18
7.29458917836 4.81182685773e-18
7.31462925852 4.66744760752e-18
7.33466933868 4.52743448096e-18
7.35470941884 4.39165425161e-18
7.374749499 4.25997780062e-18
7.39478957916 4.13227998862e-18
7.41482965932 4.00843953156e-18
7.43486973948 3.88833888049e-18
7.45490981964 3.77186410524e-18
7.4749498998 3.65890478161e-18
7.49498997996 3.54935388226e-18
7.51503006012 3.443107671e-18
7.53507014028 3.34006560039e-18
7.55511022044 3.24013021259e-18
7.5751503006 3.14320704334e-18
7.59519038076 3.04920452897e-18
7.61523046092 2.95803391628e-18
7.63527054108 2.86960917534e-18
7.65531062124 2.78384691498e-18
7.6753507014 2.70066630094e-18
7.69539078156 2.61998897662e-18
7.71543086172 2.54173898627e-18
7.73547094188 2.46584270063e-18
7.75551102204 2.39222874492e-18
7.7755511022 2.320827929e-18
7.79559118236 2.25157317984e-18
7.81563126253 2.18439947601e-18
7.83567134269 2.11924378425e-18
7.85571142285 2.05604499806e-18
7.87575150301 1.99474387816e-18
7.89579158317 1.93528299484e-18
7.91583166333 1.87760667209e-18
7.93587174349 1.82166093352e-18
7.95591182365 1.76739344991e-18
7.97595190381 1.71475348845e-18
7.99599198397 1.66369186354e-18
8.01603206413 1.61416088908e-18
8.03607214429 1.56611433235e-18
8.05611222445 1.51950736923e-18
8.07615230461 1.47429654088e-18
8.09619238477 1.43043971172e-18
8.11623246493 1.38789602874e-18
8.13627254509 1.34662588207e-18
8.15631262525 1.30659086683e-18
8.17635270541 1.26775374603e-18
8.19639278557 1.23007841477e-18
8.21643286573 1.19352986549e-18
8.23647294589 1.15807415427e-18
8.25651302605 1.1236783682e-18
8.27655310621 1.09031059381e-18
8.29659318637 1.05793988638e-18
8.31663326653 1.02653624031e-18
8.33667334669 9.960705603e-19
8.35671342685 9.66514633511e-19
8.37675350701 9.3784110254e-19
8.39679358717 9.10023439246e-19
8.41683366733 8.83035919379e-19
8.43687374749 8.56853598002e-19
8.45691382766 8.31452285661e-19
8.47695390782 8.06808525305e-19
8.49699398798 7.82899569905e-19
8.51703406814 7.59703360773e-19
8.5370741483 7.37198506546e-19
8.55711422846 7.15364262821e-19
8.57715430862 6.94180512411e-19
8.59719438878 6.7362774622e-19
8.61723446894 6.536870447e-19
8.6372745491 6.34340059877e-19
8.65731462926 6.15568997941e-19
8.67735470942 5.97356602357e-19
8.69739478958 5.7968613751e-19
8.71743486974 5.62541372842e-19
8.7374749499 5.45906567484e-19
8.75751503006 5.29766455354e-19
8.77755511022 5.14106230718e-19
8.79759519038 4.98911534193e-19
8.81763527054 4.84168439176e-19
8.8376753507 4.69863438697e-19
8.85771543086 4.55983432667e-19
8.87775551102 4.42515715522e-19
8.89779559118 4.29447964244e-19
8.91783567134 4.16768226751e-19
8.9378757515 4.04464910642e-19
8.95791583166 3.92526772283e-19
8.97795591182 3.80942906232e-19
8.99799599198 3.69702734986e-19
9.01803607214 3.58795999042e-19
9.0380761523 3.48212747259e-19
9.05811623246 3.37943327519e-19
9.07815631263 3.27978377672e-19
9.09819639279 3.18308816755e-19
9.11823647295 3.08925836482e-19
9.13827655311 2.99820892997e-19
9.15831663327 2.90985698868e-19
9.17835671343 2.82412215339e-19
9.19839679359 2.74092644806e-19
9.21843687375 2.66019423533e-19
9.23847695391 2.58185214582e-19
9.25851703407 2.50582900961e-19
9.27855711423 2.43205578985e-19
9.29859719439 2.36046551832e-19
9.31863727455 2.29099323299e-19
9.33867735471 2.22357591751e-19
9.35871743487 2.15815244247e-19
9.37875751503 2.0946635085e-19
9.39879759519 2.03305159112e-19
9.41883767535 1.97326088717e-19
9.43887775551 1.91523726297e-19
9.45891783567 1.85892820404e-19
9.47895791583 1.80428276628e-19
9.49899799599 1.75125152867e-19
9.51903807615 1.69978654747e-19
9.53907815631 1.64984131171e-19
9.55911823647 1.60137070006e-19
9.57915831663 1.55433093908e-19
9.59919839679 1.50867956262e-19
9.61923847695 1.46437537251e-19
9.63927855711 1.42137840049e-19
9.65931863727 1.3796498712e-19
9.67935871743 1.33915216634e-19
9.6993987976 1.29984878991e-19
9.71943887776 1.26170433452e-19
9.73947895792 1.22468444868e-19
9.75951903808 1.1887558051e-19
9.77955911824 1.15388606997e-19
9.7995991984 1.12004387313e-19
9.81963927856 1.08719877916e-19
9.83967935872 1.05532125938e-19
9.85971943888 1.02438266459e-19
9.87975951904 9.94355198767e-20
9.8997995992 0.0
9.91983967936 0.0
9.93987975952 0.0
9.95991983968 0.0
9.97995991984 0.0
10.0 0.0
