0.0 0.0
0.0200400801603 0.0
0.0400801603206 0.0
0.060120240481 0.0
0.0801603206413 0.0
0.100200400802 0.0
0.120240480962 1.15954001548e-10
0.140280561122 7.17200095115e-11
0.160320641283 4.63792299467e-11
0.180360721443 3.68795024992e-11
0.200400801603 3.18304621267e-11
0.220440881764 2.80792081991e-10
0.240480961924 2.73992497892e-10
0.260521042084 2.67485081017e-11
0.280561122244 2.60177632057e-11
0.300601202405 2.53655271971e-11
0.320641282565 2.49368642858e-11
0.340681362725 2.47521376569e-11
0.360721442886 2.43861747452e-11
0.380761523046 2.40391935133e-11
0.400801603206 2.37019784452e-11
0.420841683367 2.34128244915e-11
0.440881763527 2.31630621434e-11
0.460921843687 2.29200121302e-11
0.480961923848 2.26890035504e-11
0.501002004008 2.24498553012e-11
0.521042084168 2.22388972225e-11
0.541082164329 2.20453780973e-11
0.561122244489 2.1861578404e-11
0.581162324649 2.16935330555e-11
0.60120240481 2.15448093408e-11
0.62124248497 2.13953860931e-11
0.64128256513 2.12489570972e-11
0.661322645291 2.11228298715e-11
0.681362725451 2.09850599928e-11
0.701402805611 2.07877000468e-11
0.721442885772 2.06018247048e-11
0.741482965932 2.04244409215e-11
0.761523046092 2.02335886252e-11
0.781563126253 2.00535233045e-11
0.801603206413 1.98916932867e-11
0.821643286573 1.96719070128e-11
0.841683366733 1.94168131456e-11
0.861723446894 1.9180831732e-11
0.881763527054 1.89192414506e-11
0.901803607214 1.85689527296e-11
0.921843687375 1.82359877268e-11
0.941883767535 1.79182952056e-11
0.961923847695 1.75596106059e-11
0.981963927856 1.72131380556e-11
1.00200400802 1.68857732828e-11
1.02204408818 1.65970114663e-11
1.04208416834 1.6335659361e-11
1.0621242485 1.60897865447e-11
1.08216432866 1.58448527704e-11
1.10220440882 1.55930815839e-11
1.12224448898 1.53477525192e-11
1.14228456914 1.51138081298e-11
1.1623246493 1.48284618209e-11
1.18236472946 1.45518693244e-11
1.20240480962 1.42924606318e-11
1.22244488978 1.40371740611e-11
1.24248496994 1.37873881414e-11
1.2625250501 1.35457717841e-11
1.28256513026 1.3314432998e-11
1.30260521042 1.30977958389e-11
1.32264529058 1.28889476293e-11
1.34268537074 1.26871361127e-11
1.3627254509 1.25112296361e-11
1.38276553106 1.23423097582e-11
1.40280561122 1.21796420706e-11
1.42284569138 1.2006461085e-11
1.44288577154 1.18291878057e-11
1.4629258517 1.16584794725e-11
1.48296593186 1.14943543439e-11
1.50300601202 1.13395743482e-11
1.52304609218 1.11897957337e-11
1.54308617234 1.1046104776e-11
1.56312625251 1.08821792866e-11
1.58316633267 1.07220710368e-11
1.60320641283 1.05675315589e-11
1.62324649299 1.04172917678e-11
1.64328657315 1.02710277361e-11
1.66332665331 1.0129109727e-11
1.68336673347 9.99572352845e-12
1.70340681363 9.87826307021e-12
1.72344689379 9.76437857736e-12
1.74348697395 9.65347607013e-12
1.76352705411 9.48969588647e-12
1.78356713427 9.32800899882e-12
1.80360721443 9.17015069462e-12
1.82364729459 9.0335485533e-12
1.84368737475 8.90987740623e-12
1.86372745491 8.7903043178e-12
1.88376753507 8.6886795253e-12
1.90380761523 8.62290487013e-12
1.92384769539 8.55892337181e-12
1.94388777555 8.49649036641e-12
1.96392785571 8.37697002647e-12
1.98396793587 8.2588517755e-12
2.00400801603 8.14094177346e-12
2.02404809619 8.03292845605e-12
2.04408817635 7.92571500429e-12
2.06412825651 7.82134203227e-12
2.08416833667 7.71945688658e-12
2.10420841683 7.62038942606e-12
2.12424849699 7.52369942854e-12
2.14428857715 7.42904039903e-12
2.16432865731 7.33230697594e-12
2.18436873747 7.23730963107e-12
2.20440881764 7.1441112968e-12
2.2244488978 7.04121931862e-12
2.24448897796 6.93445497573e-12
2.26452905812 6.83044308592e-12
2.28456913828 6.72656065881e-12
2.30460921844 6.62067166155e-12
2.3246492986 6.5169606032e-12
2.34468937876 6.41516345562e-12
2.36472945892 6.33495588817e-12
2.38476953908 6.25621112745e-12
2.40480961924 6.17888786295e-12
2.4248496994 6.10085897195e-12
2.44488977956 6.02319176874e-12
2.46492985972 5.94688123015e-12
2.48496993988 5.86224873083e-12
2.50501002004 5.76056198372e-12
2.5250501002 5.66057070961e-12
2.54509018036 5.56265750797e-12
2.56513026052 5.50434866289e-12
2.58517034068 5.4470128973e-12
2.60521042084 5.39062492352e-12
2.625250501 5.3148728356e-12
2.64529058116 5.23090217669e-12
2.66533066132 5.1482515198e-12
2.68537074148 5.06752419736e-12
2.70541082164 4.98920938577e-12
2.7254509018 4.91209562651e-12
2.74549098196 4.83638927312e-12
2.76553106212 4.77251075685e-12
2.78557114228 4.70959373975e-12
2.80561122244 4.64761589775e-12
2.82565130261 4.56262014033e-12
2.84569138277 4.46825288832e-12
2.86573146293 4.37524097363e-12
2.88577154309 4.29577469493e-12
2.90581162325 4.23886552583e-12
2.92585170341 4.18276607053e-12
2.94589178357 4.12695617212e-12
2.96593186373 4.05667050819e-12
2.98597194389 3.98735462e-12
3.00601202405 3.91898805626e-12
3.02605210421 3.85049113299e-12
3.04609218437 3.78247093291e-12
3.06613226453 3.71536167439e-12
3.08617234469 3.65054377501e-12
3.10621242485 3.58892964232e-12
3.12625250501 3.52812428209e-12
3.14629258517 3.46834424299e-12
3.16633266533 3.41461254286e-12
3.18637274549 3.36157300073e-12
3.20641282565 3.30921199287e-12
3.22645290581 3.24724934144e-12
3.24649298597 3.18194107603e-12
3.26653306613 3.11744782493e-12
3.28657314629 3.05138921932e-12
3.30661322645 2.98234476831e-12
3.32665330661 2.91414416197e-12
3.34669338677 2.84758624695e-12
3.36673346693 2.79648989006e-12
3.38677354709 2.74600848797e-12
3.40681362725 2.69613078777e-12
3.42685370741 2.64428672088e-12
3.44689378758 2.59207705402e-12
3.46693386774 2.54047954973e-12
3.4869739479 2.49033574118e-12
3.50701402806 2.44208427673e-12
3.52705410822 2.39438859228e-12
3.54709418838 2.34687994904e-12
3.56713426854 2.29457293315e-12
3.5871743487 2.24285693002e-12
3.60721442886 2.19172183776e-12
3.62725450902 2.14356808374e-12
3.64729458918 2.09682329929e-12
3.66733466934 2.05059485863e-12
3.6873747495 2.00638352427e-12
3.70741482966 1.96487995539e-12
3.72745490982 1.92382741974e-12
3.74749498998 1.88333959594e-12
3.76753507014 1.84481610863e-12
3.7875751503 1.80670443208e-12
3.80761523046 1.7689979072e-12
3.82765531062 1.72667499771e-12
3.84769539078 1.68307213148e-12
3.86773547094 1.63992464666e-12
3.8877755511 1.59965704645e-12
3.90781563126 1.5632407434e-12
3.92785571142 1.52719910078e-12
3.94789579158 1.49177823409e-12
3.96793587174 1.45947469535e-12
3.9879759519 1.42749848827e-12
4.00801603206 1.39584460383e-12
4.02805611222 1.36151824502e-12
4.04809619238 1.32656064611e-12
4.06813627255 1.29194973537e-12
4.08817635271 1.25998017142e-12
4.10821643287 1.23143909713e-12
4.12825651303 1.20317709406e-12
4.14829659319 1.17508574898e-12
4.16833667335 1.14626219706e-12
4.18837675351 1.11771621441e-12
4.20841683367 1.08944377255e-12
4.22845691383 1.06340415642e-12
4.24849699399 1.0382159916e-12
4.26853707415 1.01326579871e-12
4.28857715431 9.87949806203e-13
4.30861723447 9.62091024813e-13
4.32865731463 9.36472976545e-13
4.34869739479 9.11373241705e-13
4.36873747495 8.88913894185e-13
4.38877755511 8.66660790471e-13
4.40881763527 8.44611077804e-13
4.42885771543 8.24293163876e-13
4.44889779559 8.04604038797e-13
4.46893787575 7.85092453009e-13
4.48897795591 7.65592838314e-13
4.50901803607 7.46064230637e-13
4.52905811623 7.26709290279e-13
4.54909819639 7.07621033771e-13
4.56913827655 6.89436149519e-13
4.58917835671 6.71410833199e-13
4.60921843687 6.53542977491e-13
4.62925851703 6.36027045653e-13
4.64929859719 6.18716541038e-13
4.66933867735 6.01555261498e-13
4.68937875752 5.85439610233e-13
4.70941883768 5.70534970818e-13
4.72945891784 5.5575719989e-13
4.749498998 5.4095611205e-13
4.76953907816 5.25241431772e-13
4.78957915832 5.09658756007e-13
4.80961923848 4.94206417741e-13
4.82965931864 4.80311800343e-13
4.8496993988 4.66899866668e-13
4.86973947896 4.53598741735e-13
4.88977955912 4.40696448857e-13
4.90981963928 4.28231591134e-13
4.92985971944 4.15868447938e-13
4.9498997996 4.03768958256e-13
4.96993987976 3.92808545792e-13
4.98997995992 3.81936498275e-13
5.01002004008 3.71351412388e-13
5.03006012024 3.61035518189e-13
5.0501002004 3.50801788908e-13
5.07014028056 3.41184203965e-13
5.09018036072 3.31653603049e-13
5.11022044088 3.22198011632e-13
5.13026052104 3.12816542152e-13
5.1503006012 3.03508321167e-13
5.17034068136 2.94930295838e-13
5.19038076152 2.86461001287e-13
5.21042084168 2.78057068532e-13
5.23046092184 2.69717739345e-13
5.250501002 2.61442267322e-13
5.27054108216 2.53979925771e-13
5.29058116232 2.46658238582e-13
5.31062124248 2.39391984478e-13
5.33066132265 2.3218053263e-13
5.35070140281 2.25023261861e-13
5.37074148297 2.18125177975e-13
5.39078156313 2.11312267248e-13
5.41082164329 2.04549967789e-13
5.43086172345 1.97837714709e-13
5.45090180361 1.91174951586e-13
5.47094188377 1.85214031344e-13
5.49098196393 1.79441282896e-13
5.51102204409 1.73710637387e-13
5.53106212425 1.68021633414e-13
5.55110220441 1.62373816367e-13
5.57114228457 1.57004558939e-13
5.59118236473 1.51741607493e-13
5.61122244489 1.4651634768e-13
5.63126252505 1.41328374011e-13
5.65130260521 1.36177286856e-13
5.67134268537 1.31495364002e-13
5.69138276553 1.27000070552e-13
5.71142284569 1.22536404812e-13
5.73146292585 1.18104032498e-13
5.75150300601 1.13702624068e-13
5.77154308617 1.09488522228e-13
5.79158316633 1.0537153898e-13
5.81162324649 1.0128301696e-13
5.83166332665 9.72226606724e-14
5.85170340681 9.31901787389e-14
5.87174348697 8.93767596698e-14
5.89178356713 8.56891602328e-14
5.91182364729 8.20266183355e-14
5.93186372745 7.83888783006e-14
5.95190380762 7.47756879515e-14
5.97194388778 7.15403438806e-14
5.99198396794 6.85461962268e-14
6.0120240481 6.55720563954e-14
6.03206412826 6.26177235653e-14
6.05210420842 5.9682999622e-14
6.07214428858 5.69143280056e-14
6.09218436874 5.4271604811e-14
6.1122244489 5.16462500277e-14
6.13226452906 4.90380922139e-14
6.15230460922 4.64469621993e-14
6.17234468938 4.39577906023e-14
6.19238476954 4.15583809519e-14
6.2124248497 3.9174484143e-14
6.23246492986 3.68059495687e-14
6.25250501002 3.44526285844e-14
6.27254509018 3.22935792635e-14
6.29258517034 3.03305801979e-14
6.3126252505 2.83800717781e-14
6.33266533066 2.64419346253e-14
6.35270541082 2.45160508924e-14
6.37274549098 2.27258357901e-14
6.39278557114 2.10946304338e-14
6.4128256513 1.94736427035e-14
6.43286573146 1.78627764474e-14
6.45290581162 1.62619367293e-14
6.47294589178 1.4854209843e-14
6.49298597194 1.37135001979e-14
6.5130260521 1.25798287872e-14
6.53306613226 1.1453130299e-14
6.55310621242 1.03333402375e-14
6.57314629259 9.34798841398e-15
6.59318637275 8.58181762145e-15
6.61322645291 7.82030545511e-15
6.63326653307 7.06340924396e-15
6.65330661323 6.31108684532e-15
6.67334669339 5.58863382373e-15
6.69338677355 4.92104652305e-15
6.71342685371 4.25745757188e-15
6.73346693387 3.59783089666e-15
6.75350701403 2.94213086378e-15
6.77354709419 2.35887065216e-15
6.79358717435 1.94404523173e-15
6.81362725451 1.53167046571e-15
6.83366733467 1.12172448426e-15
6.85370741483 7.14185683088e-16
6.87374749499 3.93098642273e-16
6.89378757515 3.22007703543e-16
6.91382765531 2.51337356852e-16
6.93386773547 1.81083700828e-16
6.95390781563 1.11242887076e-16
6.97394789579 5.48990203616e-17
6.99398797595 4.73587563794e-17
7.01402805611 3.98686686674e-17
7.03406813627 3.24281154286e-17
7.05410821643 2.50364688171e-17
7.07414829659 1.85102078192e-17
7.09418837675 1.59570606746e-17
7.11422845691 1.34242920131e-17
7.13426853707 1.09115510553e-17
7.15430861723 8.41849650906e-18
7.17434869739 6.24159272909e-18
7.19438877756 6.03987162624e-18
7.21442885772 5.84434787048e-18
7.23446893788 5.65481916656e-18
7.25450901804 5.47109009982e-18
7.2745490982 5.29375109312e-18
7.29458917836 5.12960560877e-18
7.31462925852 4.97066557415e-18
7.33466933868 4.81676112555e-18
7.35470941884 4.66772814087e-18
7.374749499 4.52340803741e-18
7.39478957916 4.38364757698e-18
7.41482965932 4.24829867827e-18
7.43486973948 4.11721823611e-18
7.45490981964 3.99026794729e-18
7.4749498998 3.86731414288e-18
7.49498997996 3.74822762653e-18
7.51503006012 3.63288351884e-18
7.53507014028 3.52116110721e-18
7.55511022044 3.41294370134e-18
7.5751503006 3.30811849381e-18
7.59519038076 3.20657642578e-18
7.61523046092 3.10821205758e-18
7.63527054108 3.0129234439e-18
7.65531062124 2.92061201353e-18
7.6753507014 2.83118245335e-18
7.69539078156 2.74454259659e-18
7.71543086172 2.66060331501e-18
7.73547094188 2.57927841498e-18
7.75551102204 2.50048453719e-18
7.7755511022 2.4241410601e-18
7.79559118236 2.35017000663e-18
7.81563126253 2.27849595428e-18
7.83567134269 2.20904594844e-18
7.85571142285 2.14174941871e-18
7.87575150301 2.07653809819e-18
7.89579158317 2.01334594565e-18
7.91583166333 1.95210907043e-18
7.93587174349 1.89276565996e-18
7.95591182365 1.83525590981e-18
7.97595190381 1.77952195624e-18
7.99599198397 1.72550781108e-18
8.01603206413 1.67315929888e-18
8.03607214429 1.62242399623e-18
8.05611222445 1.57325117328e-18
8.07615230461 1.52559173717e-18
8.09619238477 1.47939817749e-18
8.11623246493 1.43462451365e-18
8.13627254509 1.39122624401e-18
8.15631262525 1.34916029681e-18
8.17635270541 1.30838498277e-18
8.19639278557 1.26885994933e-18
8.21643286573 1.23054613646e-18
8.23647294589 1.19340573396e-18
8.25651302605 1.15740214031e-18
8.27655310621 1.12249992279e-18
8.29659318637 1.08866477909e-18
8.31663326653 1.05586350016e-18
8.33667334669 1.02406393432e-18
8.35671342685 9.93234952644e-19
8.37675350701 9.63346415462e-19
8.39679358717 9.34369140028e-19
8.41683366733 9.06274869269e-19
8.43687374749 8.79036241604e-19
8.45691382766 8.52626761767e-19
8.47695390782 8.27020772619e-19
8.49699398798 8.02193427912e-19
8.51703406814 7.78120665963e-19
8.5370741483 7.54779184211e-19
8.55711422846 7.32146414633e-19
8.57715430862 7.10200499974e-19
8.59719438878 6.88920270781e-19
8.61723446894 6.6828522319e-19
8.6372745491 6.48275497469e-19
8.65731462926 6.28871857265e-19
8.67735470942 6.10055669539e-19
8.69739478958 5.91808885179e-19
8.71743486974 5.7411402024e-19
8.7374749499 5.56954137818e-19
8.75751503006 5.4031283052e-19
8.77755511022 5.24174203504e-19
8.79759519038 5.08522858092e-19
8.81763527054 4.93343875916e-19
8.8376753507 4.78622803583e-19
8.85771543086 4.6434563785e-19
8.87775551102 4.5049881128e-19
8.89779559118 4.37069178372e-19
8.91783567134 4.24044002147e-19
8.9378757515 4.11410941162e-19
8.95791583166 3.99158036964e-19
8.97795591182 3.8727370194e-19
8.99799599198 3.75746707569e-19
9.01803607214 3.64566173056e-19
9.0380761523 3.53721554335e-19
9.05811623246 3.43202633428e-19
9.07815631263 3.32999508152e-19
9.09819639279 3.23102582156e-19
9.11823647295 3.13502555283e-19
9.13827655311 3.04190414246e-19
9.15831663327 2.95157423597e-19
9.17835671343 2.86395116995e-19
9.19839679359 2.77895288753e-19
9.21843687375 2.69649985658e-19
9.23847695391 2.61651499052e-19
9.25851703407 2.5389235717e-19
9.27855711423 2.46365317719e-19
9.29859719439 2.39063360703e-19
9.31863727455 2.31979681473e-19
9.33867735471 2.25107683996e-19
9.35871743487 2.18440974347e-19
9.37875751503 2.11973354404e-19
9.39879759519 2.05698815743e-19
9.41883767535 1.99611533734e-19
9.43887775551 1.93705861815e-19
9.45891783567 1.87976325958e-19
9.47895791583 1.82417619309e-19
9.49899799599 1.77024596988e-19
9.51903807615 1.71792271071e-19
9.53907815631 1.66715805717e-19
9.55911823647 1.61790512456e-19
9.57915831663 1.57011845624e-19
9.59919839679 1.52375397945e-19
9.61923847695 1.47876896248e-19
9.63927855711 1.43512197324e-19
9.65931863727 1.3927728391e-19
9.67935871743 1.351682608e-19
9.6993987976 1.31181351084e-19
9.71943887776 1.27312892495e-19
9.73947895792 1.2355933388e-19
9.75951903808 1.19917231778e-19
9.77955911824 1.16383247106e-19
9.7995991984 1.12954141947e-19
9.81963927856 1.09626776442e-19
9.83967935872 1.06398105779e-19
9.85971943888 1.03265177271e-19
9.87975951904 1.00225127533e-19
9.8997995992 0.0
9.91983967936 0.0
9.93987975952 0.0
9.95991983968 0.0
9.97995991984 0.0
10.0 0.0
