0.0 0.0
0.0200400801603 0.0
0.0400801603206 0.0
0.060120240481 0.0
0.0801603206413 0.0
0.100200400802 0.0
0.120240480962 0.0
0.140280561122 0.0
0.160320641283 0.0
0.180360721443 0.0
0.200400801603 0.0
0.220440881764 0.0
0.240480961924 0.0
0.260521042084 0.0
0.280561122244 0.0
0.300601202405 0.0
0.320641282565 0.0
0.340681362725 0.0
0.360721442886 0.0
0.380761523046 0.0
0.400801603206 4.70553454955e-11
0.420841683367 3.51791141312e-11
0.440881763527 3.05244758108e-11
0.460921843687 2.80152257692e-11
0.480961923848 2.64427765945e-11
0.501002004008 2.53362846067e-11
0.521042084168 2.45480704436e-11
0.541082164329 2.39600288717e-11
0.561122244489 2.35051329197e-11
0.581162324649 2.31518425074e-11
0.60120240481 2.28721158571e-11
0.62124248497 2.26337955187e-11
0.64128256513 2.24309513422e-11
0.661322645291 2.22655320892e-11
0.681362725451 2.21013265564e-11
0.701402805611 2.18749946069e-11
0.721442885772 2.16766488362e-11
0.741482965932 2.14989268248e-11
0.761523046092 2.13120524352e-11
0.781563126253 2.11417899466e-11
0.801603206413 2.09903892744e-11
0.821643286573 2.07720306361e-11
0.841683366733 2.05148542482e-11
0.861723446894 2.02757103929e-11
0.881763527054 2.00083522029e-11
0.901803607214 1.96377401181e-11
0.921843687375 1.9289192989e-11
0.941883767535 1.89596798105e-11
0.961923847695 1.85839582652e-11
0.981963927856 1.82232679094e-11
1.00200400802 1.7882916943e-11
1.02204408818 1.75893646776e-11
1.04208416834 1.73289512984e-11
1.0621242485 1.70798488498e-11
1.08216432866 1.68324817661e-11
1.10220440882 1.65778522941e-11
1.12224448898 1.63343670017e-11
1.14228456914 1.61051153728e-11
1.1623246493 1.58167179359e-11
1.18236472946 1.5535465019e-11
1.20240480962 1.52651803868e-11
1.22244488978 1.50001198081e-11
1.24248496994 1.4741771666e-11
1.2625250501 1.44927142317e-11
1.28256513026 1.42555194443e-11
1.30260521042 1.40352525023e-11
1.32264529058 1.38226145611e-11
1.34268537074 1.36171297052e-11
1.3627254509 1.34411175645e-11
1.38276553106 1.3272097446e-11
1.40280561122 1.31079092735e-11
1.42284569138 1.29318401128e-11
1.44288577154 1.27511109672e-11
1.4629258517 1.25757566987e-11
1.48296593186 1.24076366121e-11
1.50300601202 1.22500507458e-11
1.52304609218 1.20970528373e-11
1.54308617234 1.19503144254e-11
1.56312625251 1.17807736683e-11
1.58316633267 1.16147935359e-11
1.60320641283 1.14533491599e-11
1.62324649299 1.12967569673e-11
1.64328657315 1.11446066767e-11
1.66332665331 1.09962038362e-11
1.68336673347 1.08573192704e-11
1.70340681363 1.0736265452e-11
1.72344689379 1.0618255969e-11
1.74348697395 1.05030303983e-11
1.76352705411 1.03286731354e-11
1.78356713427 1.01565770497e-11
1.80360721443 9.98856415716e-12
1.82364729459 9.84431438055e-12
1.84368737475 9.71443801823e-12
1.86372745491 9.58753177968e-12
1.88376753507 9.48054470004e-12
1.90380761523 9.41351127115e-12
1.92384769539 9.34797742912e-12
1.94388777555 9.2838925529e-12
1.96392785571 9.1562361117e-12
1.98396793587 9.02998500414e-12
2.00400801603 8.90387334136e-12
2.02404809619 8.78828983654e-12
2.04408817635 8.67382701523e-12
2.06412825651 8.56171631424e-12
2.08416833667 8.45233556824e-12
2.10420841683 8.34610270191e-12
2.12424849699 8.24198523772e-12
2.14428857715 8.13991971538e-12
2.16432865731 8.03557491228e-12
2.18436873747 7.93320215982e-12
2.20440881764 7.83278502295e-12
2.2244488978 7.72163698108e-12
2.24448897796 7.60613247372e-12
2.26452905812 7.49276424466e-12
2.28456913828 7.37954926049e-12
2.30460921844 7.26452739473e-12
2.3246492986 7.15157171183e-12
2.34468937876 7.04064097675e-12
2.36472945892 6.95351993413e-12
2.38476953908 6.86792611595e-12
2.40480961924 6.78381921933e-12
2.4248496994 6.69885121478e-12
2.44488977956 6.61420869876e-12
2.46492985972 6.53099701479e-12
2.48496993988 6.43851943283e-12
2.50501002004 6.32713269932e-12
2.5250501002 6.21757369953e-12
2.54509018036 6.11026803465e-12
2.56513026052 6.04667934995e-12
2.58517034068 5.98411452983e-12
2.60521042084 5.92254876653e-12
2.625250501 5.83955387302e-12
2.64529058116 5.74744930718e-12
2.66533066132 5.65677251337e-12
2.68537074148 5.5681913803e-12
2.70541082164 5.48224729417e-12
2.7254509018 5.39760451774e-12
2.74549098196 5.31449233575e-12
2.76553106212 5.24440839969e-12
2.78557114228 5.17536289621e-12
2.80561122244 5.10733268175e-12
2.82565130261 5.01389868565e-12
2.84569138277 4.91011956554e-12
2.86573146293 4.80782733477e-12
2.88577154309 4.72046165174e-12
2.90581162325 4.65795197239e-12
2.92585170341 4.59632150718e-12
2.94589178357 4.53499796283e-12
2.96593186373 4.45771179692e-12
2.98597194389 4.3814875053e-12
3.00601202405 4.30630315548e-12
3.02605210421 4.23096991393e-12
3.04609218437 4.15615734357e-12
3.06613226453 4.08234430027e-12
3.08617234469 4.01105145359e-12
3.10621242485 3.94328350437e-12
3.12625250501 3.87640302545e-12
3.14629258517 3.81064880724e-12
3.16633266533 3.7515509408e-12
3.18637274549 3.69321216633e-12
3.20641282565 3.63561782925e-12
3.22645290581 3.56745370532e-12
3.24649298597 3.49560776667e-12
3.26653306613 3.42465980474e-12
3.28657314629 3.35199070379e-12
3.30661322645 3.27603825671e-12
3.32665330661 3.20101687197e-12
3.34669338677 3.1278054129e-12
3.36673346693 3.07160484625e-12
3.38677354709 3.01608126089e-12
3.40681362725 2.96122240523e-12
3.42685370741 2.90420184056e-12
3.44689378758 2.84678063593e-12
3.46693386774 2.79003427448e-12
3.4869739479 2.73488814502e-12
3.50701402806 2.68182441386e-12
3.52705410822 2.62937338634e-12
3.54709418838 2.57712972884e-12
3.56713426854 2.51961307307e-12
3.5871743487 2.46274871455e-12
3.60721442886 2.40652554429e-12
3.62725450902 2.35358188345e-12
3.64729458918 2.30218915964e-12
3.66733466934 2.25136622335e-12
3.6873747495 2.20276229357e-12
3.70741482966 2.15713603258e-12
3.72745490982 2.11200733156e-12
3.74749498998 2.06750109549e-12
3.76753507014 2.02515505779e-12
3.7875751503 1.98326329519e-12
3.80761523046 1.94181848981e-12
3.82765531062 1.89530433829e-12
3.84769539078 1.8473866133e-12
3.86773547094 1.79997168811e-12
3.8877755511 1.75572252648e-12
3.90781563126 1.71570563932e-12
3.92785571142 1.67610219135e-12
3.94789579158 1.63718245015e-12
3.96793587174 1.60168800193e-12
3.9879759519 1.56655466294e-12
4.00801603206 1.5317769174e-12
4.02805611222 1.49406636444e-12
4.04809619238 1.45566464212e-12
4.06813627255 1.41764556006e-12
4.08817635271 1.38252838494e-12
4.10821643287 1.3511769501e-12
4.12825651303 1.32013335977e-12
4.14829659319 1.28927858253e-12
4.16833667335 1.25762151225e-12
4.18837675351 1.22627066928e-12
4.20841683367 1.19522160729e-12
4.22845691383 1.16662482426e-12
4.24849699399 1.13896391251e-12
4.26853707415 1.11156547057e-12
4.28857715431 1.08376684595e-12
4.30861723447 1.05537384942e-12
4.32865731463 1.02724639471e-12
4.34869739479 9.99689068218e-13
4.36873747495 9.75030456247e-13
4.38877755511 9.50599275748e-13
4.40881763527 9.26392378228e-13
4.42885771543 9.04086770271e-13
4.44889779559 8.82472050746e-13
4.46893787575 8.61053062219e-13
4.48897795591 8.39648139174e-13
4.50901803607 8.18212340857e-13
4.52905811623 7.96968004014e-13
4.54909819639 7.76017155124e-13
4.56913827655 7.56058220362e-13
4.58917835671 7.36275179493e-13
4.60921843687 7.16665706019e-13
4.62925851703 6.97443094563e-13
4.64929859719 6.78446622465e-13
4.66933867735 6.59614624584e-13
4.68937875752 6.41930284694e-13
4.70941883768 6.25574902788e-13
4.72945891784 6.09359319501e-13
4.749498998 5.93118809151e-13
4.76953907816 5.75876995839e-13
4.78957915832 5.58780644573e-13
4.80961923848 5.41827913795e-13
4.82965931864 5.26584104738e-13
4.8496993988 5.11870199111e-13
4.86973947896 4.97278366669e-13
4.88977955912 4.83124430222e-13
4.90981963928 4.69450686795e-13
4.92985971944 4.55888982599e-13
4.9498997996 4.42616870945e-13
4.96993987976 4.30594192818e-13
4.98997995992 4.18668830718e-13
5.01002004008 4.07058519746e-13
5.03006012024 3.95743755496e-13
5.0501002004 3.84519469109e-13
5.07014028056 3.73971074721e-13
5.09018036072 3.63518402903e-13
5.11022044088 3.53148318964e-13
5.13026052104 3.4285984353e-13
5.1503006012 3.32652012727e-13
5.17034068136 3.23244982506e-13
5.19038076152 3.13957451811e-13
5.21042084168 3.04741872106e-13
5.23046092184 2.95597406794e-13
5.250501002 2.86523232263e-13
5.27054108216 2.78340637178e-13
5.29058116232 2.70312469111e-13
5.31062124248 2.623453091e-13
5.33066132265 2.54438461284e-13
5.35070140281 2.46591240399e-13
5.37074148297 2.39028332889e-13
5.39078156313 2.31559003024e-13
5.41082164329 2.24145365452e-13
5.43086172345 2.16786796961e-13
5.45090180361 2.09482683648e-13
5.47094188377 2.02947953542e-13
5.49098196393 1.9661962972e-13
5.51102204409 1.90337625291e-13
5.53106212425 1.8410143139e-13
5.55110220441 1.77910546617e-13
5.57114228457 1.72025090245e-13
5.59118236473 1.66256287412e-13
5.61122244489 1.60528943724e-13
5.63126252505 1.54842611982e-13
5.65130260521 1.4919685143e-13
5.67134268537 1.44065330256e-13
5.69138276553 1.39138439821e-13
5.71142284569 1.34246331253e-13
5.73146292585 1.2938863599e-13
5.75150300601 1.24564990683e-13
5.77154308617 1.19946694122e-13
5.79158316633 1.15434921332e-13
5.81162324649 1.10954442938e-13
5.83166332665 1.06504933148e-13
5.85170340681 1.020860707e-13
5.87174348697 9.79073199481e-14
5.89178356713 9.3866514464e-14
5.91182364729 8.98532559399e-14
5.93186372745 8.58672625189e-14
5.95190380762 8.19082561958e-14
5.97194388778 7.8363282114e-14
5.99198396794 7.50826217636e-14
6.0120240481 7.18239521097e-14
6.03206412826 6.85870518704e-14
6.05210420842 6.53717027387e-14
6.07214428858 6.23383265906e-14
6.09218436874 5.94429845987e-14
6.1122244489 5.65667290179e-14
6.13226452906 5.37093709684e-14
6.15230460922 5.08707240679e-14
6.17234468938 4.81438199675e-14
6.19238476954 4.55152945781e-14
6.2124248497 4.29038137893e-14
6.23246492986 4.0309211688e-14
6.25250501002 3.77313245193e-14
6.27254509018 3.53662799182e-14
6.29258517034 3.32160186497e-14
6.3126252505 3.10794785346e-14
6.33266533066 2.89565281141e-14
6.35270541082 2.68470376133e-14
6.37274549098 2.48861800725e-14
6.39278557114 2.30995152663e-14
6.4128256513 2.13240724855e-14
6.43286573146 1.95597458853e-14
6.45290581162 1.78064309559e-14
6.47294589178 1.62646469453e-14
6.49298597194 1.50153281171e-14
6.5130260521 1.37737370941e-14
6.53306613226 1.25398020471e-14
6.55310621242 1.13134520408e-14
6.57314629259 1.02343531506e-14
6.59318637275 9.39530767389e-15
6.61322645291 8.5613754674e-15
6.63326653307 7.73250965877e-15
6.65330661323 6.90866395217e-15
6.67334669339 6.11753976233e-15
6.69338677355 5.38650981559e-15
6.71342685371 4.6598678462e-15
6.73346693387 3.93757423208e-15
6.75350701403 3.21958983134e-15
6.77354709419 2.58094100772e-15
6.79358717435 2.12674564127e-15
6.81362725451 1.6752384478e-15
6.83366733467 1.22639544958e-15
6.85370741483 7.8019295691e-16
6.87374749499 4.28661408509e-16
6.89378757515 3.50881262942e-16
6.91382765531 2.73560211862e-16
6.93386773547 1.96694071041e-16
6.95390781563 1.20278709824e-16
6.97394789579 5.86409747204e-17
6.99398797595 5.04401955943e-17
7.01402805611 4.22922552584e-17
7.03406813627 3.41965410501e-17
7.05410821643 2.61524516414e-17
7.07414829659 1.90540584726e-17
7.09418837675 1.63041454059e-17
7.11422845691 1.35747791428e-17
7.13426853707 1.0865649286e-17
7.15430861723 8.17645265375e-18
7.17434869739 5.83185288911e-18
7.19438877756 5.64835338826e-18
7.21442885772 5.4701763314e-18
7.23446893788 5.29716011751e-18
7.25450901804 5.12914813321e-18
7.2745490982 4.96684170674e-18
7.29458917836 4.81774212417e-18
7.31462925852 4.67315392246e-18
7.33466933868 4.53293934995e-18
7.35470941884 4.39696490562e-18
7.374749499 4.26510120629e-18
7.39478957916 4.13722285813e-18
7.41482965932 4.01320833209e-18
7.43486973948 3.89293984337e-18
7.45490981964 3.77630323467e-18
7.4749498998 3.66318786315e-18
7.49498997996 3.55348649093e-18
7.51503006012 3.44709517909e-18
7.53507014028 3.34391318498e-18
7.55511022044 3.24384286278e-18
7.5751503006 3.14678956721e-18
7.59519038076 3.05266156026e-18
7.61523046092 2.96136992085e-18
7.63527054108 2.87282845736e-18
7.65531062124 2.7869536229e-18
7.6753507014 2.70366443322e-18
7.69539078156 2.62288238726e-18
7.71543086172 2.54453139013e-18
7.73547094188 2.46853767856e-18
7.75551102204 2.39482974864e-18
7.7755511022 2.32333828591e-18
7.79559118236 2.25399609751e-18
7.81563126253 2.18673804661e-18
7.83567134269 2.1215009888e-18
7.85571142285 2.05822371045e-18
7.87575150301 1.9968468691e-18
7.89579158317 1.93731293561e-18
7.91583166333 1.87956613821e-18
7.93587174349 1.82355240821e-18
7.95591182365 1.76921932747e-18
7.97595190381 1.71651607749e-18
7.99599198397 1.66539339011e-18
8.01603206413 1.61580349968e-18
8.03607214429 1.56770009681e-18
8.05611222445 1.52103828351e-18
8.07615230461 1.47577452973e-18
8.09619238477 1.43186663129e-18
8.11623246493 1.38927366905e-18
8.13627254509 1.34795596943e-18
8.15631262525 1.3078750661e-18
8.17635270541 1.26899366289e-18
8.19639278557 1.23127559785e-18
8.21643286573 1.19468580842e-18
8.23647294589 1.15919029765e-18
8.25651302605 1.12475610157e-18
8.27655310621 1.09135125743e-18
8.29659318637 1.05894477304e-18
8.31663326653 1.02750659703e-18
8.33667334669 9.97007589978e-19
8.35671342685 9.6741949651e-19
8.37675350701 9.38714918216e-19
8.39679358717 9.10867287422e-19
8.41683366733 8.83850841764e-19
8.43687374749 8.57640599555e-19
8.45691382766 8.32212335915e-19
8.47695390782 8.07542559628e-19
8.49699398798 7.83608490729e-19
8.51703406814 7.60388038769e-19
8.5370741483 7.37859781762e-19
8.55711422846 7.16002945772e-19
8.57715430862 6.9479738514e-19
8.59719438878 6.74223563308e-19
8.61723446894 6.54262534248e-19
8.6372745491 6.3489592445e-19
8.65731462926 6.16105915476e-19
8.67735470942 5.97875227041e-19
8.69739478958 5.80187100625e-19
8.71743486974 5.63025283579e-19
8.7374749499 5.46374013725e-19
8.75751503006 5.30218004434e-19
8.77755511022 5.1454243015e-19
8.79759519038 4.99332912372e-19
8.81763527054 4.84575506058e-19
8.8376753507 4.7025668645e-19
8.85771543086 4.56363336302e-19
8.87775551102 4.42882733499e-19
8.89779559118 4.2980253906e-19
8.91783567134 4.171107855e-19
8.9378757515 4.04795865561e-19
8.95791583166 3.92846521277e-19
8.97795591182 3.8125183338e-19
8.99799599198 3.70001211026e-19
9.01803607214 3.59084381842e-19
9.0380761523 3.48491382271e-19
9.05811623246 3.38212548217e-19
9.07815631263 3.2823850597e-19
9.09819639279 3.18560163416e-19
9.11823647295 3.09168701511e-19
9.13827655311 3.00055566014e-19
9.15831663327 2.91212459476e-19
9.17835671343 2.82631333476e-19
9.19839679359 2.74304381082e-19
9.21843687375 2.66224029557e-19
9.23847695391 2.58382933276e-19
9.25851703407 2.50773966869e-19
9.27855711423 2.4339021856e-19
9.29859719439 2.36224983722e-19
9.31863727455 2.29271758619e-19
9.33867735471 2.22524234347e-19
9.35871743487 2.15976290948e-19
9.37875751503 2.09621991716e-19
9.39879759519 2.03455577664e-19
9.41883767535 1.97471462171e-19
9.43887775551 1.91664225782e-19
9.45891783567 1.86028611171e-19
9.47895791583 1.80559518257e-19
9.49899799599 1.75251999466e-19
9.51903807615 1.70101255138e-19
9.53907815631 1.65102629076e-19
9.55911823647 1.60251604225e-19
9.57915831663 1.55543798487e-19
9.59919839679 1.50974960659e-19
9.61923847695 1.46540966497e-19
9.63927855711 1.422378149e-19
9.65931863727 1.38061624204e-19
9.67935871743 1.34008628595e-19
9.6993987976 1.30075174627e-19
9.71943887776 1.26257717848e-19
9.73947895792 1.22552819524e-19
9.75951903808 1.18957143464e-19
9.77955911824 1.15467452947e-19
9.7995991984 1.12080607729e-19
9.81963927856 1.08793561154e-19
9.83967935872 1.05603357346e-19
9.85971943888 1.02507128481e-19
9.87975951904 9.95020921546e-20
9.8997995992 0.0
9.91983967936 0.0
9.93987975952 0.0
9.95991983968 0.0
9.97995991984 0.0
10.0 0.0
