0.0 0.0
0.0200400801603 0.0
0.0400801603206 0.0
0.060120240481 0.0
0.0801603206413 0.0
0.100200400802 0.0
0.120240480962 0.0
0.140280561122 0.0
0.160320641283 0.0
0.180360721443 0.0
0.200400801603 0.0
0.220440881764 0.0
0.240480961924 0.0
0.260521042084 4.96105292346e-11
0.280561122244 4.09611376568e-11
0.300601202405 3.83083194857e-11
0.320641282565 3.79115069612e-11
0.340681362725 3.88309526421e-11
0.360721442886 3.91178429744e-11
0.380761523046 3.94457057054e-11
0.400801603206 3.98331214453e-11
0.420841683367 4.02736821546e-11
0.440881763527 4.07384959502e-11
0.460921843687 4.11954148017e-11
0.480961923848 4.16116881983e-11
0.501002004008 4.19317304559e-11
0.521042084168 4.22454051479e-11
0.541082164329 4.25456784943e-11
0.561122244489 4.28208452635e-11
0.581162324649 4.30860790277e-11
0.60120240481 4.33409909709e-11
0.62124248497 4.35580398956e-11
0.64128256513 4.37487154052e-11
0.661322645291 4.39346792349e-11
0.681362725451 4.40564043597e-11
0.701402805611 4.39982129109e-11
0.721442885772 4.39490200564e-11
0.741482965932 4.39049233563e-11
0.761523046092 4.38073896987e-11
0.781563126253 4.37138843065e-11
0.801603206413 4.36308536373e-11
0.821643286573 4.33827743829e-11
0.841683366733 4.30316574608e-11
0.861723446894 4.27000491957e-11
0.881763527054 4.22935073499e-11
0.901803607214 4.16511397717e-11
0.921843687375 4.10404998246e-11
0.941883767535 4.04582666593e-11
0.961923847695 3.97646662018e-11
0.981963927856 3.90919972965e-11
1.00200400802 3.84507890399e-11
1.02204408818 3.79003942083e-11
1.04208416834 3.7414075422e-11
1.0621242485 3.69468647355e-11
1.08216432866 3.64807761562e-11
1.10220440882 3.59930216966e-11
1.12224448898 3.55241746251e-11
1.14228456914 3.50768335442e-11
1.1623246493 3.44954830997e-11
1.18236472946 3.39255076894e-11
1.20240480962 3.33757370026e-11
1.22244488978 3.28338986184e-11
1.24248496994 3.23035231808e-11
1.2625250501 3.1790795638e-11
1.28256513026 3.13019819622e-11
1.30260521042 3.08479335241e-11
1.32264529058 3.04083945757e-11
1.34268537074 2.99825991937e-11
1.3627254509 2.9619984233e-11
1.38276553106 2.92710777979e-11
1.40280561122 2.89320270248e-11
1.42284569138 2.85655743106e-11
1.44288577154 2.81872955174e-11
1.4629258517 2.78196981101e-11
1.48296593186 2.74672408622e-11
1.50300601202 2.71369407021e-11
1.52304609218 2.68156909648e-11
1.54308617234 2.65049592131e-11
1.56312625251 2.61424862336e-11
1.58316633267 2.57870045489e-11
1.60320641283 2.54407320879e-11
1.62324649299 2.5104441796e-11
1.64328657315 2.47772855062e-11
1.66332665331 2.44580468055e-11
1.68336673347 2.41599760013e-11
1.70340681363 2.39010515478e-11
1.72344689379 2.36483399096e-11
1.74348697395 2.34014756874e-11
1.76352705411 2.30219884695e-11
1.78356713427 2.26469671553e-11
1.80360721443 2.22805012552e-11
1.82364729459 2.1966639947e-11
1.84368737475 2.16844632836e-11
1.86372745491 2.14085053741e-11
1.88376753507 2.11767260991e-11
1.90380761523 2.10340330623e-11
1.92384769539 2.08943996064e-11
1.94388777555 2.07577276514e-11
1.96392785571 2.04783522448e-11
1.98396793587 2.02017985959e-11
2.00400801603 1.99283996999e-11
2.02404809619 1.96715969123e-11
2.04408817635 1.9420417156e-11
2.06412825651 1.91742287456e-11
2.08416833667 1.89338945243e-11
2.10420841683 1.87003671869e-11
2.12424849699 1.84713441191e-11
2.14428857715 1.8246695469e-11
2.16432865731 1.80167085609e-11
2.18436873747 1.7790936393e-11
2.20440881764 1.7569352842e-11
2.2244488978 1.73234692747e-11
2.24448897796 1.70676032705e-11
2.26452905812 1.68163476542e-11
2.28456913828 1.65652551913e-11
2.30460921844 1.63099269955e-11
2.3246492986 1.60590750529e-11
2.34468937876 1.58126150021e-11
2.36472945892 1.56195435663e-11
2.38476953908 1.54297733837e-11
2.40480961924 1.5243220065e-11
2.4248496994 1.50546072957e-11
2.44488977956 1.48666085401e-11
2.46492985972 1.468171558e-11
2.48496993988 1.44758608013e-11
2.50501002004 1.42273362499e-11
2.5250501002 1.39828100789e-11
2.54509018036 1.37432458556e-11
2.56513026052 1.36020043573e-11
2.58517034068 1.34629868945e-11
2.60521042084 1.33261410983e-11
2.625250501 1.31409576569e-11
2.64529058116 1.29351733857e-11
2.66533066132 1.27325221143e-11
2.68537074148 1.25345121812e-11
2.70541082164 1.2342367311e-11
2.7254509018 1.21530818662e-11
2.74549098196 1.19671756858e-11
2.76553106212 1.18105635852e-11
2.78557114228 1.16562320559e-11
2.80561122244 1.15041314333e-11
2.82565130261 1.12947101397e-11
2.84569138277 1.10619043552e-11
2.86573146293 1.08323865902e-11
2.88577154309 1.06364623592e-11
2.90581162325 1.04965308999e-11
2.92585170341 1.0358537098e-11
2.94589178357 1.02211921188e-11
2.96593186373 1.00478035745e-11
2.98597194389 9.87676457157e-12
3.00601202405 9.70802749601e-12
3.02605210421 9.53891233118e-12
3.04609218437 9.37093078913e-12
3.06613226453 9.20516466282e-12
3.08617234469 9.04504654795e-12
3.10621242485 8.89284558712e-12
3.12625250501 8.74261285959e-12
3.14629258517 8.59488858101e-12
3.16633266533 8.46215431713e-12
3.18637274549 8.33110396933e-12
3.20641282565 8.20170558385e-12
3.22645290581 8.04842238802e-12
3.24649298597 7.88679936114e-12
3.26653306613 7.72717436751e-12
3.28657314629 7.56363588861e-12
3.30661322645 7.39265727506e-12
3.32665330661 7.22375315433e-12
3.34669338677 7.05890891205e-12
3.36673346693 6.9324486252e-12
3.38677354709 6.80749573821e-12
3.40681362725 6.68402337393e-12
3.42685370741 6.55564951066e-12
3.44689378758 6.4263511355e-12
3.46693386774 6.29855757356e-12
3.4869739479 6.17435955581e-12
3.50701402806 6.05484706371e-12
3.52705410822 5.93670151875e-12
3.54709418838 5.819007964e-12
3.56713426854 5.68938728219e-12
3.5871743487 5.56122367181e-12
3.60721442886 5.43449263315e-12
3.62725450902 5.31515512801e-12
3.64729458918 5.19930710963e-12
3.66733466934 5.08473259532e-12
3.6873747495 4.97515833049e-12
3.70741482966 4.87229937009e-12
3.72745490982 4.77055277158e-12
3.74749498998 4.67020119048e-12
3.76753507014 4.57471989793e-12
3.7875751503 4.48025462693e-12
3.80761523046 4.38678920282e-12
3.82765531062 4.28185748669e-12
3.84769539078 4.17374331324e-12
3.86773547094 4.06675519154e-12
3.8877755511 3.96691216128e-12
3.90781563126 3.87662564993e-12
3.92785571142 3.78726509503e-12
3.94789579158 3.69944168235e-12
3.96793587174 3.61935285217e-12
3.9879759519 3.54007294424e-12
4.00801603206 3.46158973419e-12
4.02805611222 3.37646970558e-12
4.04809619238 3.28978006628e-12
4.06813627255 3.20394844133e-12
4.08817635271 3.12467056591e-12
4.10821643287 3.0539000917e-12
4.12825651303 2.98381988008e-12
4.14829659319 2.91416099309e-12
4.16833667335 2.84268269516e-12
4.18837675351 2.77189141128e-12
4.20841683367 2.70177726142e-12
4.22845691383 2.63720305108e-12
4.24849699399 2.57474035061e-12
4.26853707415 2.51286666854e-12
4.28857715431 2.45008367564e-12
4.30861723447 2.38595227586e-12
4.32865731463 2.32241710708e-12
4.34869739479 2.26016711789e-12
4.36873747495 2.20446863066e-12
4.38877755511 2.14928085867e-12
4.40881763527 2.09459679436e-12
4.42885771543 2.04420936966e-12
4.44889779559 1.99538134765e-12
4.46893787575 1.94699296847e-12
4.48897795591 1.89863343493e-12
4.50901803607 1.85020116521e-12
4.52905811623 1.80219911886e-12
4.54909819639 1.75485815877e-12
4.56913827655 1.70975820093e-12
4.58917835671 1.66505358003e-12
4.60921843687 1.62073910986e-12
4.62925851703 1.57729735689e-12
4.64929859719 1.53436484295e-12
4.66933867735 1.49180214716e-12
4.68937875752 1.45183350649e-12
4.70941883768 1.4148692459e-12
4.72945891784 1.37821933932e-12
4.749498998 1.34151117988e-12
4.76953907816 1.30253588754e-12
4.78957915832 1.26388783119e-12
4.80961923848 1.22556289893e-12
4.82965931864 1.1911025928e-12
4.8496993988 1.15783959338e-12
4.86973947896 1.12485125652e-12
4.88977955912 1.09285219962e-12
4.90981963928 1.0619381998e-12
4.92985971944 1.03127633422e-12
4.9498997996 1.00126838792e-12
4.96993987976 9.74086257642e-13
4.98997995992 9.47123146939e-13
5.01002004008 9.2087177458e-13
5.03006012024 8.95288059265e-13
5.0501002004 8.69908014012e-13
5.07014028056 8.46056383223e-13
5.09018036072 8.22420385808e-13
5.11022044088 7.98970327389e-13
5.13026052104 7.75704018294e-13
5.1503006012 7.52619303173e-13
5.17034068136 7.3134593145e-13
5.19038076152 7.10342175161e-13
5.21042084168 6.89500455076e-13
5.23046092184 6.68818899828e-13
5.250501002 6.48295666823e-13
5.27054108216 6.29789481243e-13
5.29058116232 6.11632119187e-13
5.31062124248 5.93612179727e-13
5.33066132265 5.75728105739e-13
5.35070140281 5.57978363585e-13
5.37074148297 5.40871500356e-13
5.39078156313 5.23975854873e-13
5.41082164329 5.07205698162e-13
5.43086172345 4.90559634831e-13
5.45090180361 4.74036290141e-13
5.47094188377 4.59253856459e-13
5.49098196393 4.44938136395e-13
5.51102204409 4.30726803426e-13
5.53106212425 4.16618717887e-13
5.55110220441 4.02612756681e-13
5.57114228457 3.89297719726e-13
5.59118236473 3.76246333833e-13
5.61122244489 3.63288406288e-13
5.63126252505 3.50422935052e-13
5.65130260521 3.37648932394e-13
5.67134268537 3.26038624509e-13
5.69138276553 3.14891201117e-13
5.71142284569 3.03822196922e-13
5.73146292585 2.92830785877e-13
5.75150300601 2.81916153519e-13
5.77154308617 2.71466085531e-13
5.79158316633 2.61256883001e-13
5.81162324649 2.51118254089e-13
5.83166332665 2.41049468272e-13
5.85170340681 2.31049805097e-13
5.87174348697 2.21593467568e-13
5.89178356713 2.12449182811e-13
5.91182364729 2.0336703355e-13
5.93186372745 1.94346387543e-13
5.95190380762 1.85386621116e-13
5.97194388778 1.77363989998e-13
5.99198396794 1.69939563514e-13
6.0120240481 1.62564744113e-13
6.03206412826 1.55239035401e-13
6.05210420842 1.47961947597e-13
6.07214428858 1.41096686525e-13
6.09218436874 1.34543784953e-13
6.1122244489 1.28033946511e-13
6.13226452906 1.21566747362e-13
6.15230460922 1.15141769226e-13
6.17234468938 1.08969651133e-13
6.19238476954 1.03020143115e-13
6.2124248497 9.71090991464e-14
6.23246492986 9.12361467872e-14
6.25250501002 8.54009184026e-14
6.27254509018 8.00474910181e-14
6.29258517034 7.51802714102e-14
6.3126252505 7.03440186367e-14
6.33266533066 6.55384375847e-14
6.35270541082 6.07632368884e-14
6.37274549098 5.63244896439e-14
6.39278557114 5.22800795091e-14
6.4128256513 4.82609984867e-14
6.43286573146 4.42670089445e-14
6.45290581162 4.02978762219e-14
6.47294589178 3.68076506343e-14
6.49298597194 3.39796086109e-14
6.5130260521 3.11690070656e-14
6.53306613226 2.83756848248e-14
6.55310621242 2.55994827011e-14
6.57314629259 2.31566668237e-14
6.59318637275 2.12573904644e-14
6.61322645291 1.93696513841e-14
6.63326653307 1.74933445095e-14
6.65330661323 1.56283660449e-14
6.67334669339 1.38374469515e-14
6.69338677355 1.21825753242e-14
6.71342685371 1.0537605797e-14
6.73346693387 8.90244953305e-15
6.75350701403 7.27701875973e-15
6.77354709419 5.83121669161e-15
6.79358717435 4.80309504775e-15
6.81362725451 3.78103681268e-15
6.83366733467 2.76498832546e-15
6.85370741483 1.7548965602e-15
6.87374749499 9.59177160334e-16
6.89378757515 7.8338753443e-16
6.91382765531 6.08625035684e-16
6.93386773547 4.34880556746e-16
6.95390781563 2.62145100552e-16
6.97394789579 1.22864902432e-16
6.99398797595 1.04592711553e-16
7.01402805611 8.64308899738e-17
7.03406813627 6.8378333743e-17
7.05410821643 5.04339558166e-17
7.07414829659 3.46228699307e-17
7.09418837675 2.86518537479e-17
7.11422845691 2.27195211427e-17
7.13426853707 1.68254091455e-17
7.15430861723 1.09690637036e-17
7.17434869739 5.88600975884e-18
7.19438877756 5.69051999498e-18
7.21442885772 5.50041395205e-18
7.23446893788 5.31552969893e-18
7.25450901804 5.13571028967e-18
7.2745490982 4.96273577974e-18
7.29458917836 4.81378133879e-18
7.31462925852 4.66933306104e-18
7.33466933868 4.52925338587e-18
7.35470941884 4.39340899615e-18
7.374749499 4.2616706858e-18
7.39478957916 4.1339132314e-18
7.41482965932 4.01001526799e-18
7.43486973948 3.88985916876e-18
7.45490981964 3.77333092853e-18
7.4749498998 3.66032005089e-18
7.49498997996 3.550719439e-18
7.51503006012 3.44442528971e-18
7.53507014028 3.34133699111e-18
7.55511022044 3.24135702329e-18
7.5751503006 3.14439086222e-18
7.59519038076 3.05034688664e-18
7.61523046092 2.95913628791e-18
7.63527054108 2.87067298271e-18
7.65531062124 2.78487352844e-18
7.6753507014 2.70165704132e-18
7.69539078156 2.62094511702e-18
7.71543086172 2.54266175384e-18
7.73547094188 2.46673327828e-18
7.75551102204 2.39308827289e-18
7.7755511022 2.32165750648e-18
7.79559118236 2.25237386645e-18
7.81563126253 2.18517229324e-18
7.83567134269 2.1199897169e-18
7.85571142285 2.05676499553e-18
7.87575150301 1.99543885578e-18
7.89579158317 1.9359538351e-18
7.91583166333 1.87825422584e-18
7.93587174349 1.82228602114e-18
7.95591182365 1.7679968624e-18
7.97595190381 1.71533598851e-18
7.99599198397 1.66425418659e-18
8.01603206413 1.61470374428e-18
8.03607214429 1.56663840352e-18
8.05611222445 1.52001331581e-18
8.07615230461 1.47478499877e-18
8.09619238477 1.43091129416e-18
8.11623246493 1.38835132713e-18
8.13627254509 1.34706546678e-18
8.15631262525 1.30701528791e-18
8.17635270541 1.26816353399e-18
8.19639278557 1.23047408127e-18
8.21643286573 1.19391190403e-18
8.23647294589 1.15844304082e-18
8.25651302605 1.12403456188e-18
8.27655310621 1.09065453744e-18
8.29659318637 1.05827200712e-18
8.31663326653 1.02685695018e-18
8.33667334669 9.96380256754e-19
8.35671342685 9.66813699952e-19
8.37675350701 9.38129908823e-19
8.39679358717 9.10302342165e-19
8.41683366733 8.83305263138e-19
8.43687374749 8.57113714662e-19
8.45691382766 8.31703495581e-19
8.47695390782 8.07051137557e-19
8.49699398798 7.83133882678e-19
8.51703406814 7.59929661766e-19
8.5370741483 7.37417073339e-19
8.55711422846 7.15575363236e-19
8.57715430862 6.94384404865e-19
8.59719438878 6.73824680057e-19
8.61723446894 6.53877260515e-19
8.6372745491 6.34523789828e-19
8.65731462926 6.15746466048e-19
8.67735470942 5.97528024796e-19
8.69739478958 5.79851722887e-19
8.71743486974 5.62701322465e-19
8.7374749499 5.4606107562e-19
8.75751503006 5.29915709482e-19
8.77755511022 5.14250411767e-19
8.79759519038 4.99050816776e-19
8.81763527054 4.84302991814e-19
8.8376753507 4.69993424032e-19
8.85771543086 4.56109007673e-19
8.87775551102 4.42637031704e-19
8.89779559118 4.29565167833e-19
8.91783567134 4.16881458889e-19
8.9378757515 4.04574307561e-19
8.95791583166 3.92632465479e-19
8.97795591182 3.81045022634e-19
8.99799599198 3.69801397114e-19
9.01803607214 3.58891325164e-19
9.0380761523 3.48304851539e-19
9.05811623246 3.38032320164e-19
9.07815631263 3.28064365068e-19
9.09819639279 3.18391901605e-19
9.11823647295 3.09006117934e-19
9.13827655311 2.99898466766e-19
9.15831663327 2.9106065736e-19
9.17835671343 2.82484647766e-19
9.19839679359 2.74162637298e-19
9.21843687375 2.66087059245e-19
9.23847695391 2.58250573799e-19
9.25851703407 2.50646061198e-19
9.27855711423 2.43266615085e-19
9.29859719439 2.36105536058e-19
9.31863727455 2.29156325425e-19
9.33867735471 2.22412679149e-19
9.35871743487 2.15868481969e-19
9.37875751503 2.09517801713e-19
9.39879759519 2.0335488377e-19
9.41883767535 1.97374145742e-19
9.43887775551 1.9157017225e-19
9.45891783567 1.85937709901e-19
9.47895791583 1.80471662412e-19
9.49899799599 1.75167085874e-19
9.51903807615 1.70019184165e-19
9.53907815631 1.65023304502e-19
9.55911823647 1.60174933127e-19
9.57915831663 1.55469691123e-19
9.59919839679 1.50903330359e-19
9.61923847695 1.46471729557e-19
9.63927855711 1.42170890476e-19
9.65931863727 1.37996934217e-19
9.67935871743 1.33946097632e-19
9.6993987976 1.30014729852e-19
9.71943887776 1.26199288909e-19
9.73947895792 1.2249633847e-19
9.75951903808 1.18902544662e-19
9.77955911824 1.15414673e-19
9.7995991984 1.12029585401e-19
9.81963927856 1.08744237294e-19
9.83967935872 1.05555674815e-19
9.85971943888 1.02461032088e-19
9.87975951904 9.94575285815e-20
9.8997995992 0.0
9.91983967936 0.0
9.93987975952 0.0
9.95991983968 0.0
9.97995991984 0.0
10.0 0.0
