0.0 0.0
0.0200400801603 0.0
0.0400801603206 0.0
0.060120240481 0.0
0.0801603206413 0.0
0.100200400802 0.0
0.120240480962 0.0
0.140280561122 0.0
0.160320641283 0.0
0.180360721443 0.0
0.200400801603 0.0
0.220440881764 0.0
0.240480961924 0.0
0.260521042084 0.0
0.280561122244 0.0
0.300601202405 0.0
0.320641282565 0.0
0.340681362725 0.0
0.360721442886 0.0
0.380761523046 0.0
0.400801603206 0.0
0.420841683367 3.09381932218e-11
0.440881763527 2.06260430839e-11
0.460921843687 1.72548972864e-11
0.480961923848 1.55165300007e-11
0.501002004008 1.44285243652e-11
0.521042084168 1.36966256146e-11
0.541082164329 1.31676032426e-11
0.561122244489 1.27687782457e-11
0.581162324649 1.24621910939e-11
0.60120240481 1.22195145758e-11
0.62124248497 1.2016596311e-11
0.64128256513 1.18461253032e-11
0.661322645291 1.17061159489e-11
0.681362725451 1.15761241082e-11
0.701402805611 1.14205651243e-11
0.721442885772 1.12848166341e-11
0.741482965932 1.11625866866e-11
0.761523046092 1.10392821178e-11
0.781563126253 1.09276493167e-11
0.801603206413 1.08294544663e-11
0.821643286573 1.07000504876e-11
0.841683366733 1.05528006179e-11
0.861723446894 1.04161249786e-11
0.881763527054 1.02657210485e-11
0.901803607214 1.00642592388e-11
0.921843687375 9.87531746606e-12
0.941883767535 9.69666638893e-12
0.961923847695 9.49559980982e-12
0.981963927856 9.30311156103e-12
1.00200400802 9.12270810505e-12
1.02204408818 8.96729630317e-12
1.04208416834 8.82924003583e-12
1.0621242485 8.69685317349e-12
1.08216432866 8.56435565594e-12
1.10220440882 8.4287056267e-12
1.12224448898 8.29915626992e-12
1.14228456914 8.17915624057e-12
1.1623246493 8.02974544937e-12
1.18236472946 7.88424422116e-12
1.20240480962 7.74452744796e-12
1.22244488978 7.60768421788e-12
1.24248496994 7.47445874859e-12
1.2625250501 7.346035581e-12
1.28256513026 7.22355715286e-12
1.30260521042 7.10979405577e-12
1.32264529058 7.00004675867e-12
1.34268537074 6.89402497364e-12
1.3627254509 6.80298232291e-12
1.38276553106 6.71559317332e-12
1.40280561122 6.63044105599e-12
1.42284569138 6.53925407737e-12
1.44288577154 6.44585160985e-12
1.4629258517 6.35520135208e-12
1.48296593186 6.2681381406e-12
1.50300601202 6.18648178127e-12
1.52304609218 6.10723595549e-12
1.54308617234 6.03217532919e-12
1.56312625251 5.9457553729e-12
1.58316633267 5.86118929466e-12
1.60320641283 5.77896898402e-12
1.62324649299 5.69924635518e-12
1.64328657315 5.62180799383e-12
1.66332665331 5.54618909764e-12
1.68336673347 5.47515117187e-12
1.70340681363 5.41311753714e-12
1.72344689379 5.35266106286e-12
1.74348697395 5.29357585212e-12
1.76352705411 5.2048585895e-12
1.78356713427 5.11732472816e-12
1.80360721443 5.03189270018e-12
1.82364729459 4.95843207705e-12
1.84368737475 4.8922228098e-12
1.86372745491 4.82754084456e-12
1.88376753507 4.77288670337e-12
1.90380761523 4.7383064632e-12
1.92384769539 4.70450715503e-12
1.94388777555 4.67146211266e-12
1.96392785571 4.60656112093e-12
1.98396793587 4.54239395453e-12
2.00400801603 4.47706240509e-12
2.02404809619 4.41972133536e-12
2.04408817635 4.361612446e-12
2.06412825651 4.30471517744e-12
2.08416833667 4.24921738395e-12
2.10420841683 4.19532706239e-12
2.12424849699 4.14252514778e-12
2.14428857715 4.09077849922e-12
2.16432865731 4.03791477008e-12
2.18436873747 3.98606399286e-12
2.20440881764 3.93521678927e-12
2.2244488978 3.87901356737e-12
2.24448897796 3.82064880061e-12
2.26452905812 3.76337577166e-12
2.28456913828 3.70619971912e-12
2.30460921844 3.64813755092e-12
2.3246492986 3.59112941319e-12
2.34468937876 3.53515379451e-12
2.36472945892 3.49112567089e-12
2.38476953908 3.44787839027e-12
2.40480961924 3.40539107528e-12
2.4248496994 3.36248664857e-12
2.44488977956 3.31975909339e-12
2.46492985972 3.27776163818e-12
2.48496993988 3.23113483433e-12
2.50501002004 3.17504761508e-12
2.5250501002 3.11988853418e-12
2.54509018036 3.06587024884e-12
2.56513026052 3.0337625674e-12
2.58517034068 3.00217771811e-12
2.60521042084 2.97110286578e-12
2.625250501 2.92930352074e-12
2.64529058116 2.88295067447e-12
2.66533066132 2.83732217507e-12
2.68537074148 2.79275215582e-12
2.70541082164 2.74951137825e-12
2.7254509018 2.70693046646e-12
2.74549098196 2.66512391928e-12
2.76553106212 2.62984960569e-12
2.78557114228 2.59510230963e-12
2.80561122244 2.56087016283e-12
2.82565130261 2.51392261372e-12
2.84569138277 2.46180116647e-12
2.86573146293 2.4104309529e-12
2.88577154309 2.36654171646e-12
2.90581162325 2.33510500707e-12
2.92585170341 2.30411383125e-12
2.94589178357 2.27328141882e-12
2.96593186373 2.23446104271e-12
2.98597194389 2.19617735268e-12
3.00601202405 2.15841917219e-12
3.02605210421 2.12059106572e-12
3.04609218437 2.08302812571e-12
3.06613226453 2.04596994624e-12
3.08617234469 2.01017772608e-12
3.10621242485 1.97615429639e-12
3.12625250501 1.94257898788e-12
3.14629258517 1.90957120827e-12
3.16633266533 1.87989945148e-12
3.18637274549 1.8506110478e-12
3.20641282565 1.82169853665e-12
3.22645290581 1.78749755861e-12
3.24649298597 1.75145649401e-12
3.26653306613 1.71586803419e-12
3.28657314629 1.67942090477e-12
3.30661322645 1.641332992e-12
3.32665330661 1.60371399359e-12
3.34669338677 1.56700375787e-12
3.36673346693 1.538811598e-12
3.38677354709 1.51096067196e-12
3.40681362725 1.48344476136e-12
3.42685370741 1.4548489469e-12
3.44689378758 1.42605472663e-12
3.46693386774 1.39760038549e-12
3.4869739479 1.36994905819e-12
3.50701402806 1.3433420078e-12
3.52705410822 1.31704349256e-12
3.54709418838 1.29085055973e-12
3.56713426854 1.26202002032e-12
3.5871743487 1.23351770044e-12
3.60721442886 1.20533797822e-12
3.62725450902 1.17880133765e-12
3.64729458918 1.15304250225e-12
3.66733466934 1.12757032505e-12
3.6873747495 1.10321020674e-12
3.70741482966 1.0803417924e-12
3.72745490982 1.05772370275e-12
3.74749498998 1.03541840751e-12
3.76753507014 1.0141954893e-12
3.7875751503 9.93201087374e-13
3.80761523046 9.72431499332e-13
3.82765531062 9.49125868815e-13
3.84769539078 9.25118864699e-13
3.86773547094 9.0136456434e-13
3.8877755511 8.79195670775e-13
3.90781563126 8.59145875578e-13
3.92785571142 8.39303911255e-13
3.94789579158 8.19805005154e-13
3.96793587174 8.020211743e-13
3.9879759519 7.84418872856e-13
4.00801603206 7.66995313155e-13
4.02805611222 7.48104793228e-13
4.04809619238 7.28869136488e-13
4.06813627255 7.09825707352e-13
4.08817635271 6.9223522077e-13
4.10821643287 6.76529923125e-13
4.12825651303 6.609793155e-13
4.14829659319 6.4552380994e-13
4.16833667335 6.29667410625e-13
4.18837675351 6.13964837962e-13
4.20841683367 5.98413847671e-13
4.22845691383 5.84090570621e-13
4.24849699399 5.70236136409e-13
4.26853707415 5.56513543631e-13
4.28857715431 5.4259117769e-13
4.30861723447 5.28371854225e-13
4.32865731463 5.14285870015e-13
4.34869739479 5.00485625944e-13
4.36873747495 4.88136330373e-13
4.38877755511 4.75901245487e-13
4.40881763527 4.63778782734e-13
4.42885771543 4.52608091635e-13
4.44889779559 4.41783474697e-13
4.46893787575 4.31057146008e-13
4.48897795591 4.20338191624e-13
4.50901803607 4.09604114425e-13
4.52905811623 3.98966158642e-13
4.54909819639 3.88475366064e-13
4.56913827655 3.78481202455e-13
4.58917835671 3.68575337272e-13
4.60921843687 3.58756597354e-13
4.62925851703 3.49131700251e-13
4.64929859719 3.39620215615e-13
4.66933867735 3.30191279753e-13
4.68937875752 3.21336834666e-13
4.70941883768 3.13147582398e-13
4.72945891784 3.05028500686e-13
4.749498998 2.96897160777e-13
4.76953907816 2.88265021143e-13
4.78957915832 2.79705870664e-13
4.80961923848 2.71218781479e-13
4.82965931864 2.63586946743e-13
4.8496993988 2.56220431446e-13
4.86973947896 2.48915171113e-13
4.88977955912 2.41829180702e-13
4.90981963928 2.34983616284e-13
4.92985971944 2.28194268215e-13
4.9498997996 2.21549968613e-13
4.96993987976 2.1553095691e-13
4.98997995992 2.0956077635e-13
5.01002004008 2.03748363078e-13
5.03006012024 1.98083953137e-13
5.0501002004 1.92464939102e-13
5.07014028056 1.87184217304e-13
5.09018036072 1.81951505985e-13
5.11022044088 1.76760229865e-13
5.13026052104 1.71609895463e-13
5.1503006012 1.66500017161e-13
5.17034068136 1.61790901671e-13
5.19038076152 1.57141673597e-13
5.21042084168 1.5252854028e-13
5.23046092184 1.47951080248e-13
5.250501002 1.43408878615e-13
5.27054108216 1.39312835544e-13
5.29058116232 1.35294137647e-13
5.31062124248 1.31306043404e-13
5.33066132265 1.27348202246e-13
5.35070140281 1.23420268983e-13
5.37074148297 1.19634653746e-13
5.39078156313 1.15895927082e-13
5.41082164329 1.12185132481e-13
5.43086172345 1.08501956092e-13
5.45090180361 1.04846088781e-13
5.47094188377 1.01575208098e-13
5.49098196393 9.84076520308e-14
5.51102204409 9.52633269245e-14
5.53106212425 9.21419764892e-14
5.55110220441 8.90433482211e-14
5.57114228457 8.609757694e-14
5.59118236473 8.32102172211e-14
5.61122244489 8.03436480924e-14
5.63126252505 7.74976443801e-14
5.65130260521 7.46719841765e-14
5.67134268537 7.2103637271e-14
5.69138276553 6.96377071797e-14
5.71142284569 6.71892188882e-14
5.73146292585 6.47579868058e-14
5.75150300601 6.23438279877e-14
5.77154308617 6.00324393092e-14
5.79158316633 5.77743786899e-14
5.81162324649 5.55320089599e-14
5.83166332665 5.33051661104e-14
5.85170340681 5.1093688429e-14
5.87174348697 4.90023654727e-14
5.89178356713 4.69800840997e-14
5.91182364729 4.49716134054e-14
5.93186372745 4.29768115208e-14
5.95190380762 4.099553853e-14
5.97194388778 3.92214220579e-14
5.99198396794 3.75795601272e-14
6.0120240481 3.59487239681e-14
6.03206412826 3.43288021667e-14
6.05210420842 3.2719684819e-14
6.07214428858 3.12016253076e-14
6.09218436874 2.97526413536e-14
6.1122244489 2.83132263855e-14
6.13226452906 2.68832853117e-14
6.15230460922 2.5462724308e-14
6.17234468938 2.40980832165e-14
6.19238476954 2.27826756777e-14
6.2124248497 2.14758125466e-14
6.23246492986 2.01774103126e-14
6.25250501002 1.888738656e-14
6.27254509018 1.77038556052e-14
6.29258517034 1.66277873737e-14
6.3126252505 1.55585979061e-14
6.33266533066 1.44962210147e-14
6.35270541082 1.34405913667e-14
6.37274549098 1.24593296632e-14
6.39278557114 1.15652215978e-14
6.4128256513 1.0676739627e-14
6.43286573146 9.79383044672e-15
6.45290581162 8.91644143134e-15
6.47294589178 8.14488238354e-15
6.49298597194 7.51963997909e-15
6.5130260521 6.89827328446e-15
6.53306613226 6.28074607818e-15
6.55310621242 5.66702259466e-15
6.57314629259 5.12697026097e-15
6.59318637275 4.70701262078e-15
6.61322645291 4.28962088053e-15
6.63326653307 3.87477135614e-15
6.65330661323 3.46244065907e-15
6.67334669339 3.06648605017e-15
6.69338677355 2.70060029554e-15
6.71342685371 2.33691639069e-15
6.73346693387 1.9754143145e-15
6.75350701403 1.6160742921e-15
6.77354709419 1.29642741257e-15
6.79358717435 1.06905756728e-15
6.81362725451 8.43037981908e-16
6.83366733467 6.18356497015e-16
6.85370741483 3.95001102292e-16
6.87374749499 2.19008758933e-16
6.89378757515 1.79961865327e-16
6.91382765531 1.41148931915e-16
6.93386773547 1.02567734143e-16
6.95390781563 6.42160783227e-17
6.97394789579 3.32606283187e-17
6.99398797595 2.90399572763e-17
7.01402805611 2.48493246541e-17
7.03406813627 2.06883133518e-17
7.05410821643 1.65565153725e-17
7.07414829659 1.29010698296e-17
7.09418837675 1.1424053285e-17
7.11422845691 9.960395853e-18
7.13426853707 8.50984788165e-18
7.15430861723 7.07216625249e-18
7.17434869739 5.80966849371e-18
7.19438877756 5.6309347548e-18
7.21442885772 5.45749817234e-18
7.23446893788 5.28919731406e-18
7.25450901804 5.12587573493e-18
7.2745490982 4.96780856902e-18
7.29458917836 4.8186748007e-18
7.31462925852 4.6740536425e-18
7.33466933868 4.53380729776e-18
7.35470941884 4.39780222208e-18
7.374749499 4.2659089906e-18
7.39478957916 4.1380021693e-18
7.41482965932 4.01396019046e-18
7.43486973948 3.89366523205e-18
7.45490981964 3.77700310092e-18
7.4749498998 3.66386311973e-18
7.49498997996 3.55413801738e-18
7.51503006012 3.44772382293e-18
7.53507014028 3.34451976293e-18
7.55511022044 3.24442816189e-18
7.5751503006 3.14735434597e-18
7.59519038076 3.05320654964e-18
7.61523046092 2.96189582533e-18
7.63527054108 2.87333595589e-18
7.65531062124 2.78744336987e-18
7.6753507014 2.70413705935e-18
7.69539078156 2.62333850048e-18
7.71543086172 2.5449715764e-18
7.73547094188 2.46896250269e-18
7.75551102204 2.39523975509e-18
7.7755511022 2.32373399948e-18
7.79559118236 2.25437802414e-18
7.81563126253 2.18710667401e-18
7.83567134269 2.12185678714e-18
7.85571142285 2.058567133e-18
7.87575150301 1.99717835284e-18
7.89579158317 1.93763290186e-18
7.91583166333 1.87987499316e-18
7.93587174349 1.82385054348e-18
7.95591182365 1.76950712067e-18
7.97595190381 1.71679389271e-18
7.99599198397 1.6656615784e-18
8.01603206413 1.61606239956e-18
8.03607214429 1.56795003469e-18
8.05611222445 1.52127957415e-18
8.07615230461 1.47600747666e-18
8.09619238477 1.43209152721e-18
8.11623246493 1.38949079624e-18
8.13627254509 1.34816560011e-18
8.15631262525 1.30807746281e-18
8.17635270541 1.26918907882e-18
8.19639278557 1.2314642772e-18
8.21643286573 1.1948679867e-18
8.23647294589 1.15936620204e-18
8.25651302605 1.12492595115e-18
8.27655310621 1.09151526353e-18
8.29659318637 1.05910313952e-18
8.31663326653 1.0276595205e-18
8.33667334669 9.97155260099e-19
8.35671342685 9.67562096242e-19
8.37675350701 9.38852624049e-19
8.39679358717 9.11000269608e-19
8.41683366733 8.83979264545e-19
8.43687374749 8.57764621378e-19
8.45691382766 8.32332109637e-19
8.47695390782 8.0765823272e-19
8.49699398798 7.83720205468e-19
8.51703406814 7.60495932423e-19
8.5370741483 7.37963986769e-19
8.55711422846 7.16103589913e-19
8.57715430862 6.94894591705e-19
8.59719438878 6.74317451259e-19
8.61723446894 6.54353218368e-19
8.6372745491 6.34983515498e-19
8.65731462926 6.16190520325e-19
8.67735470942 5.97956948821e-19
8.69739478958 5.80266038852e-19
8.71743486974 5.63101534286e-19
8.7374749499 5.46447669587e-19
8.75751503006 5.30289154884e-19
8.77755511022 5.14611161496e-19
8.79759519038 4.99399307908e-19
8.81763527054 4.84639646171e-19
8.8376753507 4.70318648721e-19
8.85771543086 4.56423195607e-19
8.87775551102 4.42940562105e-19
8.89779559118 4.29858406716e-19
8.91783567134 4.17164759528e-19
8.9378757515 4.04848010941e-19
8.95791583166 3.92896900727e-19
8.97795591182 3.81300507439e-19
8.99799599198 3.7004823813e-19
9.01803607214 3.59129818399e-19
9.0380761523 3.48535282731e-19
9.05811623246 3.38254965139e-19
9.07815631263 3.28279490094e-19
9.09819639279 3.18599763722e-19
9.11823647295 3.09206965283e-19
9.13827655311 3.000925389e-19
9.15831663327 2.91248185546e-19
9.17835671343 2.82665855272e-19
9.19839679359 2.74337739679e-19
9.21843687375 2.6625626461e-19
9.23847695391 2.58414083072e-19
9.25851703407 2.50804068371e-19
9.27855711423 2.43419307458e-19
9.29859719439 2.36253094475e-19
9.31863727455 2.292989245e-19
9.33867735471 2.22550487481e-19
9.35871743487 2.16001662355e-19
9.37875751503 2.09646511347e-19
9.39879759519 2.03479274443e-19
9.41883767535 1.97494364026e-19
9.43887775551 1.91686359681e-19
9.45891783567 1.86050003156e-19
9.47895791583 1.80580193477e-19
9.49899799599 1.75271982206e-19
9.51903807615 1.70120568851e-19
9.53907815631 1.6512129641e-19
9.55911823647 1.60269647053e-19
9.57915831663 1.55561237932e-19
9.59919839679 1.50991817122e-19
9.61923847695 1.46557259682e-19
9.63927855711 1.42253563834e-19
9.65931863727 1.38076847266e-19
9.67935871743 1.34023343536e-19
9.6993987976 1.3008939859e-19
9.71943887776 1.26271467393e-19
9.73947895792 1.22566110643e-19
9.75951903808 1.18969991607e-19
9.77955911824 1.15479873035e-19
9.7995991984 1.12092614176e-19
9.81963927856 1.08805167882e-19
9.83967935872 1.05614577803e-19
9.85971943888 1.02517975658e-19
9.87975951904 9.95125786001e-20
9.8997995992 0.0
9.91983967936 0.0
9.93987975952 0.0
9.95991983968 0.0
9.97995991984 0.0
10.0 0.0
