0.0 0.0
0.0200400801603 0.0
0.0400801603206 0.0
0.060120240481 0.0
0.0801603206413 0.0
0.100200400802 0.0
0.120240480962 0.0
0.140280561122 0.0
0.160320641283 0.0
0.180360721443 0.0
0.200400801603 0.0
0.220440881764 0.0
0.240480961924 0.0
0.260521042084 5.10603032602e-11
0.280561122244 4.15484697587e-11
0.300601202405 3.86835427784e-11
0.320641282565 3.81999053006e-11
0.340681362725 3.9076676544e-11
0.360721442886 3.93326698326e-11
0.380761523046 3.96391906894e-11
0.400801603206 4.00112796692e-11
0.420841683367 4.04404889432e-11
0.440881763527 4.08966204588e-11
0.460921843687 4.13466755669e-11
0.480961923848 4.17573208727e-11
0.501002004008 4.20724745998e-11
0.521042084168 4.23820939682e-11
0.541082164329 4.26789597138e-11
0.561122244489 4.29511923335e-11
0.581162324649 4.32139150479e-11
0.60120240481 4.34666648628e-11
0.62124248497 4.36817607285e-11
0.64128256513 4.38706786284e-11
0.661322645291 4.40551018213e-11
0.681362725451 4.41753065458e-11
0.701402805611 4.41152903333e-11
0.721442885772 4.40644619793e-11
0.741482965932 4.40188921901e-11
0.761523046092 4.39198733417e-11
0.781563126253 4.38250059806e-11
0.801603206413 4.37407351269e-11
0.821643286573 4.34910873714e-11
0.841683366733 4.31382311946e-11
0.861723446894 4.28050131606e-11
0.881763527054 4.23967524599e-11
0.901803607214 4.17521581855e-11
0.921843687375 4.11394348347e-11
0.941883767535 4.05552478199e-11
0.961923847695 3.98594800313e-11
0.981963927856 3.91847441686e-11
1.00200400802 3.85415852666e-11
1.02204408818 3.79894925014e-11
1.04208416834 3.75016619294e-11
1.0621242485 3.70330179214e-11
1.08216432866 3.65655330502e-11
1.10220440882 3.60763579048e-11
1.12224448898 3.56061580837e-11
1.14228456914 3.51575280665e-11
1.1623246493 3.45746004048e-11
1.18236472946 3.40030944413e-11
1.20240480962 3.34518584242e-11
1.22244488978 3.29085901672e-11
1.24248496994 3.23768269155e-11
1.2625250501 3.18627667357e-11
1.28256513026 3.13726890525e-11
1.30260521042 3.09174675231e-11
1.32264529058 3.04767994138e-11
1.34268537074 3.00499163017e-11
1.3627254509 2.96863651199e-11
1.38276553106 2.93365616531e-11
1.40280561122 2.899664504e-11
1.42284569138 2.86292732366e-11
1.44288577154 2.82500559228e-11
1.4629258517 2.78815507102e-11
1.48296593186 2.75282261767e-11
1.50300601202 2.71971136475e-11
1.52304609218 2.68750768513e-11
1.54308617234 2.6563582347e-11
1.56312625251 2.62002366244e-11
1.58316633267 2.58439023254e-11
1.60320641283 2.54968019442e-11
1.62324649299 2.51597098417e-11
1.64328657315 2.48317757096e-11
1.66332665331 2.45117806616e-11
1.68336673347 2.4213004456e-11
1.70340681363 2.3953463688e-11
1.72344689379 2.37001521433e-11
1.74348697395 2.3452703748e-11
1.76352705411 2.3072344224e-11
1.78356713427 2.26964631954e-11
1.80360721443 2.2329158931e-11
1.82364729459 2.20145767323e-11
1.84368737475 2.17317506001e-11
1.86372745491 2.14551588069e-11
1.88376753507 2.12228439061e-11
1.90380761523 2.10798110996e-11
1.92384769539 2.0939845889e-11
1.94388777555 2.08028499086e-11
1.96392785571 2.05228412517e-11
1.98396793587 2.02456620262e-11
2.00400801603 1.99716511318e-11
2.02404809619 1.9714262596e-11
2.04408817635 1.9462516236e-11
2.06412825651 1.9215773243e-11
2.08416833667 1.89748982652e-11
2.10420841683 1.87408459965e-11
2.12424849699 1.85113087702e-11
2.14428857715 1.82861563987e-11
2.16432865731 1.80556551368e-11
2.18436873747 1.78293786256e-11
2.20440881764 1.76073006387e-11
2.2244488978 1.73608709299e-11
2.24448897796 1.71044380427e-11
2.26452905812 1.68526263086e-11
2.28456913828 1.66009788514e-11
2.30460921844 1.6345087264e-11
2.3246492986 1.60936823063e-11
2.34468937876 1.58466793981e-11
2.36472945892 1.56531808343e-11
2.38476953908 1.54629911902e-11
2.40480961924 1.52760258679e-11
2.4248496994 1.50869971666e-11
2.44488977956 1.48985842918e-11
2.46492985972 1.47132843692e-11
2.48496993988 1.45069779882e-11
2.50501002004 1.42579105353e-11
2.5250501002 1.4012850561e-11
2.54509018036 1.37727636795e-11
2.56513026052 1.36312112501e-11
2.58517034068 1.34918879626e-11
2.60521042084 1.33547413211e-11
2.625250501 1.31691535553e-11
2.64529058116 1.29629210861e-11
2.66533066132 1.27598286965e-11
2.68537074148 1.2561387945e-11
2.70541082164 1.23688251628e-11
2.7254509018 1.21791282483e-11
2.74549098196 1.19928181411e-11
2.76553106212 1.18358651908e-11
2.78557114228 1.16811979488e-11
2.80561122244 1.15287666335e-11
2.82565130261 1.131889209e-11
2.84569138277 1.1085583247e-11
2.86573146293 1.08555697494e-11
2.88577154309 1.06592219788e-11
2.90581162325 1.0518987068e-11
2.92585170341 1.03806941483e-11
2.94589178357 1.02430516198e-11
2.96593186373 1.00692885937e-11
2.98597194389 9.89788033099e-12
3.00601202405 9.7287791077e-12
3.02605210421 9.55929916903e-12
3.04609218437 9.39095545406e-12
3.06613226453 9.22483206198e-12
3.08617234469 9.06436891736e-12
3.10621242485 8.91184000137e-12
3.12625250501 8.76128367149e-12
3.14629258517 8.61324129147e-12
3.16633266533 8.48022107957e-12
3.18637274549 8.34888850398e-12
3.20641282565 8.21921153792e-12
3.22645290581 8.06559888463e-12
3.24649298597 7.90362872428e-12
3.26653306613 7.74366098978e-12
3.28657314629 7.5797715419e-12
3.30661322645 7.4084262061e-12
3.32665330661 7.23915991251e-12
3.34669338677 7.07396227736e-12
3.36673346693 6.94723058514e-12
3.38677354709 6.82200959916e-12
3.40681362725 6.69827238154e-12
3.42685370741 6.56962329917e-12
3.44689378758 6.44004781959e-12
3.46693386774 6.31198044526e-12
3.4869739479 6.18751636054e-12
3.50701402806 6.06774786552e-12
3.52705410822 5.94934930443e-12
3.54709418838 5.83140376802e-12
3.56713426854 5.70150576146e-12
3.5871743487 5.57306800344e-12
3.60721442886 5.44606593941e-12
3.62725450902 5.32647322556e-12
3.64729458918 5.21037749409e-12
3.66733466934 5.09555803957e-12
3.6873747495 4.98574954101e-12
3.70741482966 4.88267070084e-12
3.72745490982 4.78070664255e-12
3.74749498998 4.68014062161e-12
3.76753507014 4.58445530488e-12
3.7875751503 4.48978821793e-12
3.80761523046 4.3961231501e-12
3.82765531062 4.29096743158e-12
3.84769539078 4.18262252962e-12
3.86773547094 4.07540612143e-12
3.8877755511 3.97535005125e-12
3.90781563126 3.88487087219e-12
3.92785571142 3.79531965662e-12
3.94789579158 3.70730888914e-12
3.96793587174 3.62704919019e-12
3.9879759519 3.54760016568e-12
4.00801603206 3.46894956418e-12
4.02805611222 3.38364806092e-12
4.04809619238 3.29677364074e-12
4.06813627255 3.21075909035e-12
4.08817635271 3.13131225332e-12
4.10821643287 3.06039093121e-12
4.12825651303 2.9901613638e-12
4.14829659319 2.92035404066e-12
4.16833667335 2.8487234629e-12
4.18837675351 2.77778138282e-12
4.20841683367 2.70751789863e-12
4.22845691383 2.64280614908e-12
4.24849699399 2.58021041663e-12
4.26853707415 2.51820497351e-12
4.28857715431 2.4552883064e-12
4.30861723447 2.39102038629e-12
4.32865731463 2.32734998253e-12
4.34869739479 2.26496750669e-12
4.36873747495 2.20915046724e-12
4.38877755511 2.1538452435e-12
4.40881763527 2.09904481254e-12
4.42885771543 2.04855016158e-12
4.44889779559 1.99961823872e-12
4.46893787575 1.95112690531e-12
4.48897795591 1.90266449143e-12
4.50901803607 1.85412919932e-12
4.52905811623 1.80602505626e-12
4.54909819639 1.75858341498e-12
4.56913827655 1.71338754541e-12
4.58917835671 1.66858786293e-12
4.60921843687 1.62417917001e-12
4.62925851703 1.58064505722e-12
4.64929859719 1.53762127438e-12
4.66933867735 1.49496810434e-12
4.68937875752 1.45491450481e-12
4.70941883768 1.41787167079e-12
4.72945891784 1.38114386599e-12
4.749498998 1.34435769254e-12
4.76953907816 1.30529958266e-12
4.78957915832 1.26656941118e-12
4.80961923848 1.22816305726e-12
4.82965931864 1.19362953744e-12
4.8496993988 1.16029587161e-12
4.86973947896 1.12723745758e-12
4.88977955912 1.09517042874e-12
4.90981963928 1.06419076505e-12
4.92985971944 1.03346377628e-12
4.9498997996 1.00339209964e-12
4.96993987976 9.76152238935e-13
4.98997995992 9.49131867294e-13
5.01002004008 9.22824748493e-13
5.03006012024 8.97186707487e-13
5.0501002004 8.71752772944e-13
5.07014028056 8.47850498849e-13
5.09018036072 8.24164319471e-13
5.11022044088 8.00664477343e-13
5.13026052104 7.77348778046e-13
5.1503006012 7.54215061558e-13
5.17034068136 7.32896533208e-13
5.19038076152 7.11848195353e-13
5.21042084168 6.90962240539e-13
5.23046092184 6.70236793348e-13
5.250501002 6.49670007195e-13
5.27054108216 6.31124548107e-13
5.29058116232 6.12928654826e-13
5.31062124248 5.94870478124e-13
5.33066132265 5.76948457507e-13
5.35070140281 5.59161056022e-13
5.37074148297 5.42017898767e-13
5.39078156313 5.25086409351e-13
5.41082164329 5.08280677e-13
5.43086172345 4.91599303304e-13
5.45090180361 4.75040910557e-13
5.47094188377 4.60227120985e-13
5.49098196393 4.45881036148e-13
5.51102204409 4.31639561469e-13
5.53106212425 4.17501554821e-13
5.55110220441 4.03465890685e-13
5.57114228457 3.90122616784e-13
5.59118236473 3.77043554288e-13
5.61122244489 3.64058149744e-13
5.63126252505 3.51165398953e-13
5.65130260521 3.38364312053e-13
5.67134268537 3.26729387284e-13
5.69138276553 3.15558329159e-13
5.71142284569 3.04465857637e-13
5.73146292585 2.93451144889e-13
5.75150300601 2.82513374699e-13
5.77154308617 2.72041154352e-13
5.79158316633 2.6181031089e-13
5.81162324649 2.51650191632e-13
5.83166332665 2.41560064482e-13
5.85170340681 2.31539207436e-13
5.87174348697 2.22062828084e-13
5.89178356713 2.12899163514e-13
5.91182364729 2.03797766961e-13
5.93186372745 1.94758004823e-13
5.95190380762 1.85779252086e-13
5.97194388778 1.7773962062e-13
5.99198396794 1.70299461672e-13
6.0120240481 1.62909015564e-13
6.03206412826 1.55567784834e-13
6.05210420842 1.4827527865e-13
6.07214428858 1.41395472112e-13
6.09218436874 1.34828687255e-13
6.1122244489 1.28305057296e-13
6.13226452906 1.21824157487e-13
6.15230460922 1.15385568651e-13
6.17234468938 1.09200375908e-13
6.19238476954 1.03238265187e-13
6.2124248497 9.73147004515e-14
6.23246492986 9.14293084615e-14
6.25250501002 8.55817207931e-14
6.27254509018 8.02169548609e-14
6.29258517034 7.53394267106e-14
6.3126252505 7.04929313336e-14
6.33266533066 6.56771729839e-14
6.35270541082 6.08918596712e-14
6.37274549098 5.64437125799e-14
6.39278557114 5.23907378896e-14
6.4128256513 4.83631462251e-14
6.43286573146 4.4360699445e-14
6.45290581162 4.03831623857e-14
6.47294589178 3.68855467046e-14
6.49298597194 3.40515168153e-14
6.5130260521 3.12349645091e-14
6.53306613226 2.84357282671e-14
6.55310621242 2.56536485614e-14
6.57314629259 2.32056610831e-14
6.59318637275 2.13023639751e-14
6.61322645291 1.94106286784e-14
6.63326653307 1.75303498954e-14
6.65330661323 1.56614236084e-14
6.67334669339 1.38667135733e-14
6.69338677355 1.22083390993e-14
6.71342685371 1.05598877738e-14
6.73346693387 8.92127057041e-15
6.75350701403 7.29239952886e-15
6.77354709419 5.84353750754e-15
6.79358717435 4.8132401003e-15
6.81362725451 3.78901898094e-15
6.83366733467 2.77082037413e-15
6.85370741483 1.75859114098e-15
6.87374749499 9.61188059328e-16
6.89378757515 7.85026913972e-16
6.91382765531 6.09895062698e-16
6.93386773547 4.35783379193e-16
6.95390781563 2.62682847656e-16
6.97394789579 1.23108375041e-16
6.99398797595 1.04798007858e-16
7.01402805611 8.65982294613e-17
7.03406813627 6.85079340065e-17
7.05410821643 5.05260325774e-17
7.07414829659 3.4681925123e-17
7.09418837675 2.86986993713e-17
7.11422845691 2.27542264147e-17
7.13426853707 1.68480426942e-17
7.15430861723 1.09796935743e-17
7.17434869739 5.88626087342e-18
7.19438877756 5.69072404432e-18
7.21442885772 5.50057122856e-18
7.23446893788 5.31564049156e-18
7.25450901804 5.13577488401e-18
7.2745490982 4.96275854668e-18
7.29458917836 4.81380330108e-18
7.31462925852 4.66935424761e-18
7.33466933868 4.52927382456e-18
7.35470941884 4.39342871383e-18
7.374749499 4.26168970831e-18
7.39478957916 4.13393158367e-18
7.41482965932 4.01003297402e-18
7.43486973948 3.88987625169e-18
7.45490981964 3.77334741063e-18
7.4749498998 3.66033595365e-18
7.49498997996 3.55073478312e-18
7.51503006012 3.44444009512e-18
7.53507014028 3.34135127704e-18
7.55511022044 3.24137080826e-18
7.5751503006 3.14440416407e-18
7.59519038076 3.05035972257e-18
7.61523046092 2.95914867451e-18
7.63527054108 2.87068493596e-18
7.65531062124 2.78488506373e-18
7.6753507014 2.7016681735e-18
7.69539078156 2.62095586039e-18
7.71543086172 2.5426721222e-18
7.73547094188 2.46674328492e-18
7.75551102204 2.39309793062e-18
7.7755511022 2.32166682766e-18
7.79559118236 2.25238286298e-18
7.81563126253 2.18518097662e-18
7.83567134269 2.11999809817e-18
7.85571142285 2.05677308538e-18
7.87575150301 1.99544666449e-18
7.89579158317 1.93596137258e-18
7.91583166333 1.87826150166e-18
7.93587174349 1.82229304451e-18
7.95591182365 1.76800364221e-18
7.97595190381 1.71534253334e-18
7.99599198397 1.6642605047e-18
8.01603206413 1.61470984364e-18
8.03607214429 1.56664429181e-18
8.05611222445 1.52001900044e-18
8.07615230461 1.47479048689e-18
8.09619238477 1.43091659267e-18
8.11623246493 1.38835644267e-18
8.13627254509 1.34707040575e-18
8.15631262525 1.30702005649e-18
8.17635270541 1.26816813815e-18
8.19639278557 1.23047852677e-18
8.21643286573 1.19391619639e-18
8.23647294589 1.15844718541e-18
8.25651302605 1.12403856384e-18
8.27655310621 1.09065840176e-18
8.29659318637 1.0582757386e-18
8.31663326653 1.02686055345e-18
8.33667334669 9.96383736277e-19
8.35671342685 9.66817060036e-19
8.37675350701 9.38133153624e-19
8.39679358717 9.10305475693e-19
8.41683366733 8.8330828926e-19
8.43687374749 8.5711663711e-19
8.45691382766 8.31706317954e-19
8.47695390782 8.07053863328e-19
8.49699398798 7.83136515199e-19
8.51703406814 7.59932204268e-19
8.5370741483 7.37419528941e-19
8.55711422846 7.15577734949e-19
8.57715430862 6.94386695592e-19
8.59719438878 6.738268926e-19
8.61723446894 6.53879397576e-19
8.6372745491 6.34525854016e-19
8.65731462926 6.15748459882e-19
8.67735470942 5.97529950703e-19
8.69739478958 5.79853583212e-19
8.71743486974 5.6270311947e-19
8.7374749499 5.46062811487e-19
8.75751503006 5.29917386318e-19
8.77755511022 5.14252031605e-19
8.79759519038 4.99052381578e-19
8.81763527054 4.84304503473e-19
8.8376753507 4.69994884376e-19
8.85771543086 4.56110418466e-19
8.87775551102 4.42638394648e-19
8.89779559118 4.29566484571e-19
8.91783567134 4.16882731007e-19
8.9378757515 4.04575536589e-19
8.95791583166 3.92633652896e-19
8.97795591182 3.81046169865e-19
8.99799599198 3.69802505536e-19
9.01803607214 3.58892396105e-19
9.0380761523 3.48305886282e-19
9.05811623246 3.38033319948e-19
9.07815631263 3.28065331088e-19
9.09819639279 3.18392835015e-19
9.11823647295 3.09007019848e-19
9.13827655311 2.99899338259e-19
9.15831663327 2.91061499471e-19
9.17835671343 2.82485461497e-19
9.19839679359 2.74163423616e-19
9.21843687375 2.66087819085e-19
9.23847695391 2.58251308063e-19
9.25851703407 2.50646770757e-19
9.27855711423 2.4326730078e-19
9.29859719439 2.361061987e-19
9.31863727455 2.29156965799e-19
9.33867735471 2.22413298011e-19
9.35871743487 2.15869080051e-19
9.37875751503 2.0951837972e-19
9.39879759519 2.03355442384e-19
9.41883767535 1.97374685621e-19
9.43887775551 1.91570694028e-19
9.45891783567 1.85938214194e-19
9.47895791583 1.80472149811e-19
9.49899799599 1.75167556952e-19
9.51903807615 1.70019639474e-19
9.53907815631 1.65023744576e-19
9.55911823647 1.60175358481e-19
9.57915831663 1.55470102255e-19
9.59919839679 1.5090372775e-19
9.61923847695 1.46472113672e-19
9.63927855711 1.42171261763e-19
9.65931863727 1.37997293108e-19
9.67935871743 1.33946444546e-19
9.6993987976 1.30015065193e-19
9.71943887776 1.26199613068e-19
9.73947895792 1.22496651823e-19
9.75951903808 1.18902847573e-19
9.77955911824 1.15414965821e-19
9.7995991984 1.12029868471e-19
9.81963927856 1.08744510942e-19
9.83967935872 1.05555939358e-19
9.85971943888 1.02461287831e-19
9.87975951904 9.94577758216e-20
9.8997995992 0.0
9.91983967936 0.0
9.93987975952 0.0
9.95991983968 0.0
9.97995991984 0.0
10.0 0.0
