0.0 0.0
0.0200400801603 0.0
0.0400801603206 0.0
0.060120240481 0.0
0.0801603206413 0.0
0.100200400802 0.0
0.120240480962 0.0
0.140280561122 0.0
0.160320641283 0.0
0.180360721443 0.0
0.200400801603 0.0
0.220440881764 0.0
0.240480961924 0.0
0.260521042084 5.83329278844e-11
0.280561122244 4.412068956e-11
0.300601202405 4.02589243922e-11
0.320641282565 3.93840741235e-11
0.340681362725 4.00710369861e-11
0.360721442886 4.01928048342e-11
0.380761523046 4.04074714728e-11
0.400801603206 4.07139347489e-11
0.420841683367 4.10946577128e-11
0.440881763527 4.15137450596e-11
0.460921843687 4.1934539565e-11
0.480961923848 4.2321232179e-11
0.501002004008 4.26156853631e-11
0.521042084168 4.29081249064e-11
0.541082164329 4.31905440069e-11
0.561122244489 4.34503429717e-11
0.581162324649 4.37024130678e-11
0.60120240481 4.39459767301e-11
0.62124248497 4.4152796226e-11
0.64128256513 4.43342781339e-11
0.661322645291 4.45121726691e-11
0.681362725451 4.46259976794e-11
0.701402805611 4.45585133066e-11
0.721442885772 4.45009918833e-11
0.741482965932 4.44493938123e-11
0.761523046092 4.43443462692e-11
0.781563126253 4.42439556208e-11
0.801603206413 4.41546565726e-11
0.821643286573 4.38987769998e-11
0.841683366733 4.353907759e-11
0.861723446894 4.31995318093e-11
0.881763527054 4.27845591633e-11
0.901803607214 4.21313706112e-11
0.921843687375 4.15106146443e-11
0.941883767535 4.09189021806e-11
0.961923847695 4.02148280846e-11
0.981963927856 3.95321803248e-11
1.00200400802 3.88815617732e-11
1.02204408818 3.83229701853e-11
1.04208416834 3.78293502135e-11
1.0621242485 3.73552216682e-11
1.08216432866 3.68824009494e-11
1.10220440882 3.6387808406e-11
1.12224448898 3.59124539799e-11
1.14228456914 3.54589161108e-11
1.1623246493 3.48700117029e-11
1.18236472946 3.42927107291e-11
1.20240480962 3.37359300444e-11
1.22244488978 3.318725577e-11
1.24248496994 3.2650249264e-11
1.2625250501 3.21311570161e-11
1.28256513026 3.1636308114e-11
1.30260521042 3.11766588383e-11
1.32264529058 3.07317308669e-11
1.34268537074 3.03007461132e-11
1.3627254509 2.99336612796e-11
1.38276553106 2.95804732872e-11
1.40280561122 2.92372912082e-11
1.42284569138 2.88664583735e-11
1.44288577154 2.84837103184e-11
1.4629258517 2.81117911967e-11
1.48296593186 2.77552058846e-11
1.50300601202 2.74210391062e-11
1.52304609218 2.70960442319e-11
1.54308617234 2.6781684007e-11
1.56312625251 2.64150651518e-11
1.58316633267 2.6055534336e-11
1.60320641283 2.57053309181e-11
1.62324649299 2.53652344084e-11
1.64328657315 2.503438643e-11
1.66332665331 2.47115587955e-11
1.68336673347 2.44101406509e-11
1.70340681363 2.4148290269e-11
1.72344689379 2.38927311521e-11
1.74348697395 2.364309465e-11
1.76352705411 2.32594771994e-11
1.78356713427 2.28803861055e-11
1.80360721443 2.25099521199e-11
1.82364729459 2.21926776078e-11
1.84368737475 2.19074253442e-11
1.86372745491 2.16284660858e-11
1.88376753507 2.13941494289e-11
1.90380761523 2.12498429735e-11
1.92384769539 2.11086344064e-11
1.94388777555 2.09704242729e-11
1.96392785571 2.06880536183e-11
1.98396793587 2.04085414824e-11
2.00400801603 2.01322486091e-11
2.02404809619 1.9872676201e-11
2.04408817635 1.96188174951e-11
2.06412825651 1.93700072601e-11
2.08416833667 1.91271168181e-11
2.10420841683 1.88911082587e-11
2.12424849699 1.86596551354e-11
2.14428857715 1.84326259929e-11
2.16432865731 1.82002088645e-11
2.18436873747 1.7972053997e-11
2.20440881764 1.77481347627e-11
2.2244488978 1.74996722467e-11
2.24448897796 1.72411299101e-11
2.26452905812 1.6987248996e-11
2.28456913828 1.67335368345e-11
2.30460921844 1.647554968e-11
2.3246492986 1.6222087943e-11
2.34468937876 1.59730662169e-11
2.36472945892 1.57779784634e-11
2.38476953908 1.55862282944e-11
2.40480961924 1.53977303277e-11
2.4248496994 1.5207154612e-11
2.44488977956 1.50172016454e-11
2.46492985972 1.48303883685e-11
2.48496993988 1.46224032296e-11
2.50501002004 1.43713185526e-11
2.5250501002 1.41242753006e-11
2.54509018036 1.38822466698e-11
2.56513026052 1.37395379563e-11
2.58517034068 1.35990774567e-11
2.60521042084 1.34608121987e-11
2.625250501 1.32737221724e-11
2.64529058116 1.30658248738e-11
2.66533066132 1.28610940525e-11
2.68537074148 1.26610532006e-11
2.70541082164 1.24669383098e-11
2.7254509018 1.22757132997e-11
2.74549098196 1.20879031865e-11
2.76553106212 1.19296842351e-11
2.78557114228 1.17737701405e-11
2.80561122244 1.16201106827e-11
2.82565130261 1.14085536739e-11
2.84569138277 1.11733777987e-11
2.86573146293 1.09415245436e-11
2.88577154309 1.07436047839e-11
2.90581162325 1.0602243205e-11
2.92585170341 1.04628397599e-11
2.94589178357 1.03240925933e-11
2.96593186373 1.01489397886e-11
2.98597194389 9.97616118508e-12
3.00601202405 9.80570864775e-12
3.02605210421 9.63487514677e-12
3.04609218437 9.46518758211e-12
3.06613226453 9.29773859946e-12
3.08617234469 9.13599528828e-12
3.10621242485 8.98224956148e-12
3.12625250501 8.83049261489e-12
3.14629258517 8.68127006562e-12
3.16633266533 8.54718892191e-12
3.18637274549 8.414809254e-12
3.20641282565 8.28409876244e-12
3.22645290581 8.12926405366e-12
3.24649298597 7.96600637261e-12
3.26653306613 7.80476744913e-12
3.28657314629 7.63957636495e-12
3.30661322645 7.46687105471e-12
3.32665330661 7.29626169699e-12
3.34669338677 7.12975358553e-12
3.36673346693 7.00201532324e-12
3.38677354709 6.87580005777e-12
3.40681362725 6.75108062479e-12
3.42685370741 6.62141094517e-12
3.44689378758 6.49080791565e-12
3.46693386774 6.36172522513e-12
3.4869739479 6.23627456063e-12
3.50701402806 6.11555681309e-12
3.52705410822 5.9962200976e-12
3.54709418838 5.87734026886e-12
3.56713426854 5.74641408203e-12
3.5871743487 5.61695994625e-12
3.60721442886 5.48895310268e-12
3.62725450902 5.3684142476e-12
3.64729458918 5.25140017627e-12
3.66733466934 5.13567268124e-12
3.6873747495 5.02499583912e-12
3.70741482966 4.92110186637e-12
3.72745490982 4.81833166349e-12
3.74749498998 4.71697070822e-12
3.76753507014 4.620529071e-12
3.7875751503 4.52511386414e-12
3.80761523046 4.43070874304e-12
3.82765531062 4.32472273167e-12
3.84769539078 4.21552263291e-12
3.86773547094 4.10746009455e-12
3.8877755511 4.00661440403e-12
3.90781563126 3.91542110423e-12
3.92785571142 3.82516321929e-12
3.94789579158 3.7364580456e-12
3.96793587174 3.65556503711e-12
3.9879759519 3.57548920778e-12
4.00801603206 3.4962182056e-12
4.02805611222 3.41024413488e-12
4.04809619238 3.32268491014e-12
4.06813627255 3.23599244189e-12
4.08817635271 3.15591943451e-12
4.10821643287 3.08443906321e-12
4.12825651303 3.01365598464e-12
4.14829659319 2.94329856719e-12
4.16833667335 2.8711036642e-12
4.18837675351 2.7996027649e-12
4.20841683367 2.72878588665e-12
4.22845691383 2.6635644503e-12
4.24849699399 2.60047573739e-12
4.26853707415 2.53798203014e-12
4.28857715431 2.47457001868e-12
4.30861723447 2.40979621772e-12
4.32865731463 2.34562470238e-12
4.34869739479 2.28275130387e-12
4.36873747495 2.22649497077e-12
4.38877755511 2.17075453643e-12
4.40881763527 2.11552292082e-12
4.42885771543 2.06463095249e-12
4.44889779559 2.01531403684e-12
4.46893787575 1.9664412227e-12
4.48897795591 1.91759760691e-12
4.50901803607 1.86868059163e-12
4.52905811623 1.82019815951e-12
4.54909819639 1.77238347763e-12
4.56913827655 1.72683224027e-12
4.58917835671 1.68168034371e-12
4.60921843687 1.63692254832e-12
4.62925851703 1.59304623822e-12
4.64929859719 1.54968430322e-12
4.66933867735 1.50669592858e-12
4.68937875752 1.46632755918e-12
4.70941883768 1.42899361237e-12
4.72945891784 1.39197719925e-12
4.749498998 1.35490199176e-12
4.76953907816 1.31553705738e-12
4.78957915832 1.27650266653e-12
4.80961923848 1.23779466511e-12
4.82965931864 1.20298990505e-12
4.8496993988 1.16939443733e-12
4.86973947896 1.1360764067e-12
4.88977955912 1.10375756198e-12
4.90981963928 1.07253463433e-12
4.92985971944 1.04156638665e-12
4.9498997996 1.01125861273e-12
4.96993987976 9.8380488132e-13
4.98997995992 9.56572379999e-13
5.01002004008 9.30058743293e-13
5.03006012024 9.04219448824e-13
5.0501002004 8.78585879073e-13
5.07014028056 8.54495994809e-13
5.09018036072 8.30623915728e-13
5.11022044088 8.06939650635e-13
5.13026052104 7.83440987487e-13
5.1503006012 7.60125748914e-13
5.17034068136 7.3863994083e-13
5.19038076152 7.17426454615e-13
5.21042084168 6.96376637439e-13
5.23046092184 6.75488598841e-13
5.250501002 6.54760477424e-13
5.27054108216 6.36069535772e-13
5.29058116232 6.17730910395e-13
5.31062124248 5.99531091557e-13
5.33066132265 5.81468506262e-13
5.35070140281 5.63541605245e-13
5.37074148297 5.46264006371e-13
5.39078156313 5.29199743377e-13
5.41082164329 5.12262232092e-13
5.43086172345 4.95450062916e-13
5.45090180361 4.78761847118e-13
5.47094188377 4.63831910468e-13
5.49098196393 4.49373350233e-13
5.51102204409 4.35020227078e-13
5.53106212425 4.20771389749e-13
5.55110220441 4.06625703728e-13
5.57114228457 3.93177838292e-13
5.59118236473 3.79996260292e-13
5.61122244489 3.66909080163e-13
5.63126252505 3.53915285686e-13
5.65130260521 3.41013879097e-13
5.67134268537 3.29287773622e-13
5.69138276553 3.18029172922e-13
5.71142284569 3.06849779355e-13
5.73146292585 2.95748758488e-13
5.75150300601 2.84725287593e-13
5.77154308617 2.74171016877e-13
5.79158316633 2.63860017661e-13
5.81162324649 2.53620300802e-13
5.83166332665 2.43451128371e-13
5.85170340681 2.33351772611e-13
5.87174348697 2.23801161705e-13
5.89178356713 2.14565717796e-13
5.91182364729 2.0539303308e-13
5.93186372745 1.9628246891e-13
5.95190380762 1.87233395293e-13
5.97194388778 1.7913079846e-13
5.99198396794 1.71632370157e-13
6.0120240481 1.64184046654e-13
6.03206412826 1.5678532653e-13
6.05210420842 1.49435715048e-13
6.07214428858 1.42502036356e-13
6.09218436874 1.35883831998e-13
6.1122244489 1.29309122638e-13
6.13226452906 1.22777480153e-13
6.15230460922 1.16288482033e-13
6.17234468938 1.10054865487e-13
6.19238476954 1.04046079031e-13
6.2124248497 9.80761422075e-14
6.23246492986 9.21446788117e-14
6.25250501002 8.62513174935e-14
6.27254509018 8.08445583604e-14
6.29258517034 7.59288517623e-14
6.3126252505 7.10444222934e-14
6.33266533066 6.61909718605e-14
6.35270541082 6.13682061559e-14
6.37274549098 5.68852465111e-14
6.39278557114 5.28005528399e-14
6.4128256513 4.87414419793e-14
6.43286573146 4.47076738995e-14
6.45290581162 4.0699011572e-14
6.47294589178 3.71740268822e-14
6.49298597194 3.43178210822e-14
6.5130260521 3.14792303592e-14
6.53306613226 2.86580919152e-14
6.55310621242 2.58542449586e-14
6.57314629259 2.33871048117e-14
6.59318637275 2.14689171216e-14
6.61322645291 1.95623821467e-14
6.63326653307 1.76673937562e-14
6.65330661323 1.57838471101e-14
6.67334669339 1.39750977469e-14
6.69338677355 1.23037509014e-14
6.71342685371 1.06424051958e-14
6.73346693387 8.9909709002e-15
6.75350701403 7.34935935917e-15
6.77354709419 5.88916530168e-15
6.79358717435 4.85081031541e-15
6.81362725451 3.81857933677e-15
6.83366733467 2.79241816638e-15
6.85370741483 1.7722732463e-15
6.87374749499 9.68634998226e-16
6.89378757515 7.91098002812e-16
6.91382765531 6.14598330225e-16
6.93386773547 4.39126783852e-16
6.95390781563 2.64674278412e-16
6.97394789579 1.24010029261e-16
6.99398797595 1.05558283993e-16
7.01402805611 8.72179407414e-17
7.03406813627 6.89878866391e-17
7.05410821643 5.08670258284e-17
7.07414829659 3.49006310773e-17
7.09418837675 2.88721898722e-17
7.11422845691 2.28827579252e-17
7.13426853707 1.69318694914e-17
7.15430861723 1.10190677744e-17
7.17434869739 5.88720002225e-18
7.19438877756 5.69148857317e-18
7.21442885772 5.50116223247e-18
7.23446893788 5.3160590524e-18
7.25450901804 5.13602207075e-18
7.2745490982 4.96285055646e-18
7.29458917836 4.81389205897e-18
7.31462925852 4.66943987047e-18
7.33466933868 4.52935642501e-18
7.35470941884 4.39350840034e-18
7.374749499 4.2617665854e-18
7.39478957916 4.13400575202e-18
7.41482965932 4.01010453067e-18
7.43486973948 3.88994529011e-18
7.45490981964 3.77341402091e-18
7.4749498998 3.66040022259e-18
7.49498997996 3.55079679434e-18
7.51503006012 3.44449992924e-18
7.53507014028 3.34140901172e-18
7.55511022044 3.24142651835e-18
7.5751503006 3.14445792171e-18
7.59519038076 3.05041159728e-18
7.61523046092 2.95919873328e-18
7.63527054108 2.87073324337e-18
7.65531062124 2.78493168203e-18
7.6753507014 2.70171316267e-18
7.69539078156 2.62099927826e-18
7.71543086172 2.5427140245e-18
7.73547094188 2.46678372537e-18
7.75551102204 2.39313696101e-18
7.7755511022 2.32170449792e-18
7.79559118236 2.25241922123e-18
7.81563126253 2.18521606924e-18
7.83567134269 2.12003196991e-18
7.85571142285 2.05680577934e-18
7.87575150301 1.99547822224e-18
7.89579158317 1.93599183421e-18
7.91583166333 1.87829090581e-18
7.93587174349 1.82232142844e-18
7.95591182365 1.76803104185e-18
7.97595190381 1.71536898331e-18
7.99599198397 1.66428603841e-18
8.01603206413 1.61473449329e-18
8.03607214429 1.56666808847e-18
8.05611222445 1.52004197405e-18
8.07615230461 1.47481266633e-18
8.09619238477 1.43093800579e-18
8.11623246493 1.38837711632e-18
8.13627254509 1.34709036584e-18
8.15631262525 1.30703932801e-18
8.17635270541 1.26818674518e-18
8.19639278557 1.23049649254e-18
8.21643286573 1.19393354333e-18
8.23647294589 1.15846393512e-18
8.25651302605 1.12405473718e-18
8.27655310621 1.09067401884e-18
8.29659318637 1.05829081881e-18
8.31663326653 1.0268751155e-18
8.33667334669 9.96397798224e-19
8.35671342685 9.66830639289e-19
8.37675350701 9.38146266979e-19
8.39679358717 9.10318139352e-19
8.41683366733 8.83320518854e-19
8.43687374749 8.57128447719e-19
8.45691382766 8.31717724126e-19
8.47695390782 8.07064879098e-19
8.49699398798 7.83147154108e-19
8.51703406814 7.59942479382e-19
8.5370741483 7.37429452864e-19
8.55711422846 7.15587319843e-19
8.57715430862 6.94395953192e-19
8.59719438878 6.73835834229e-19
8.61723446894 6.5388803416e-19
8.6372745491 6.34534196097e-19
8.65731462926 6.15756517632e-19
8.67735470942 5.9753773394e-19
8.69739478958 5.79861101408e-19
8.71743486974 5.62710381766e-19
8.7374749499 5.46069826706e-19
8.75751503006 5.29924162972e-19
8.77755511022 5.1425857791e-19
8.79759519038 4.99058705463e-19
8.81763527054 4.84310612591e-19
8.8376753507 4.70000786112e-19
8.85771543086 4.56116119948e-19
8.87775551102 4.42643902755e-19
8.89779559118 4.29571805944e-19
8.91783567134 4.16887872055e-19
8.9378757515 4.04580503498e-19
8.95791583166 3.92638451637e-19
8.97795591182 3.81050806201e-19
8.99799599198 3.69806985031e-19
9.01803607214 3.58896724129e-19
9.0380761523 3.4831006802e-19
9.05811623246 3.38037360402e-19
9.07815631263 3.28069235091e-19
9.09819639279 3.18396607229e-19
9.11823647295 3.09010664776e-19
9.13827655311 2.99902860247e-19
9.15831663327 2.91064902714e-19
9.17835671343 2.82488750046e-19
9.19839679359 2.74166601383e-19
9.21843687375 2.66090889845e-19
9.23847695391 2.58254275461e-19
9.25851703407 2.50649638314e-19
9.27855711423 2.43270071893e-19
9.29859719439 2.36108876652e-19
9.31863727455 2.29159553757e-19
9.33867735471 2.22415799034e-19
9.35871743487 2.15871497092e-19
9.37875751503 2.09520715632e-19
9.39879759519 2.03357699921e-19
9.41883767535 1.97376867442e-19
9.43887775551 1.91572802703e-19
9.45891783567 1.85940252201e-19
9.47895791583 1.80474119546e-19
9.49899799599 1.75169460726e-19
9.51903807615 1.70021479522e-19
9.53907815631 1.65025523054e-19
9.55911823647 1.60177077473e-19
9.57915831663 1.55471763772e-19
9.59919839679 1.50905333735e-19
9.61923847695 1.46473666001e-19
9.63927855711 1.42172762248e-19
9.65931863727 1.379987435e-19
9.67935871743 1.33947846536e-19
9.6993987976 1.30016420413e-19
9.71943887776 1.26200923094e-19
9.73947895792 1.22497918179e-19
9.75951903808 1.18904071731e-19
9.77955911824 1.15416149201e-19
9.7995991984 1.12031012447e-19
9.81963927856 1.0874561684e-19
9.83967935872 1.05557008458e-19
9.85971943888 1.02462321371e-19
9.87975951904 9.94587749963e-20
9.8997995992 0.0
9.91983967936 0.0
9.93987975952 0.0
9.95991983968 0.0
9.97995991984 0.0
10.0 0.0
