0.0 0.0
0.0200400801603 0.0
0.0400801603206 0.0
0.060120240481 1.29724956103e-10
0.0801603206413 5.86790625279e-11
0.100200400802 5.22983261698e-11
0.120240480962 5.14112305387e-11
0.140280561122 4.32956311311e-11
0.160320641283 3.36376871104e-11
0.180360721443 2.89528871808e-11
0.200400801603 2.59388709381e-11
0.220440881764 1.50141534308e-10
0.240480961924 1.4837749174e-10
0.260521042084 2.17754784742e-11
0.280561122244 2.08999574505e-11
0.300601202405 2.01032227816e-11
0.320641282565 1.9449936009e-11
0.340681362725 1.89424697753e-11
0.360721442886 1.83818300977e-11
0.380761523046 1.7863905695e-11
0.400801603206 1.73675664002e-11
0.420841683367 1.69252121014e-11
0.440881763527 1.65291923803e-11
0.460921843687 1.61499226704e-11
0.480961923848 1.57960482993e-11
0.501002004008 1.54555518937e-11
0.521042084168 1.51491093392e-11
0.541082164329 1.48656767329e-11
0.561122244489 1.45997485173e-11
0.581162324649 1.43543882971e-11
0.60120240481 1.41325091476e-11
0.62124248497 1.39186780085e-11
0.64128256513 1.37145677779e-11
0.661322645291 1.35335527036e-11
0.681362725451 1.3354095101e-11
0.701402805611 1.3147916674e-11
0.721442885772 1.29532261859e-11
0.741482965932 1.27670910362e-11
0.761523046092 1.25780697944e-11
0.781563126253 1.24002851234e-11
0.801603206413 1.22402549217e-11
0.821643286573 1.20524884551e-11
0.841683366733 1.18485027052e-11
0.861723446894 1.16609331132e-11
0.881763527054 1.14615218985e-11
0.901803607214 1.12159230857e-11
0.921843687375 1.09828220817e-11
0.941883767535 1.07605026522e-11
0.961923847695 1.05176066363e-11
0.981963927856 1.02838369606e-11
1.00200400802 1.00644533511e-11
1.02204408818 9.86822106929e-12
1.04208416834 9.68842808023e-12
1.0621242485 9.52088765864e-12
1.08216432866 9.35395747148e-12
1.10220440882 9.18441338065e-12
1.12224448898 9.01827930979e-12
1.14228456914 8.86064778865e-12
1.1623246493 8.67586688123e-12
1.18236472946 8.49806221075e-12
1.20240480962 8.33404137279e-12
1.22244488978 8.17294510972e-12
1.24248496994 8.01550793474e-12
1.2625250501 7.86324122549e-12
1.28256513026 7.71706820682e-12
1.30260521042 7.579532509e-12
1.32264529058 7.4473350394e-12
1.34268537074 7.31983738492e-12
1.3627254509 7.2070376522e-12
1.38276553106 7.0988805088e-12
1.40280561122 6.99520192762e-12
1.42284569138 6.88597479392e-12
1.44288577154 6.77488576022e-12
1.4629258517 6.66851452171e-12
1.48296593186 6.56604206973e-12
1.50300601202 6.46902044859e-12
1.52304609218 6.3754544872e-12
1.54308617234 6.28648994313e-12
1.56312625251 6.18667765585e-12
1.58316633267 6.0894890986e-12
1.60320641283 5.99627335739e-12
1.62324649299 5.90561954572e-12
1.64328657315 5.81735128552e-12
1.66332665331 5.7320135058e-12
1.68336673347 5.65135651481e-12
1.70340681363 5.57961980554e-12
1.72344689379 5.51038186416e-12
1.74348697395 5.44308711052e-12
1.76352705411 5.34686067229e-12
1.78356713427 5.25196685654e-12
1.80360721443 5.15940345205e-12
1.82364729459 5.07865136926e-12
1.84368737475 5.00515147575e-12
1.86372745491 4.93465918468e-12
1.88376753507 4.87417650417e-12
1.90380761523 4.8334989921e-12
1.92384769539 4.79408553926e-12
1.94388777555 4.75570829629e-12
1.96392785571 4.68602031271e-12
1.98396793587 4.61725070928e-12
2.00400801603 4.54769706961e-12
2.02404809619 4.48601860399e-12
2.04408817635 4.4236668421e-12
2.06412825651 4.36327757802e-12
2.08416833667 4.30434178663e-12
2.10420841683 4.24701611891e-12
2.12424849699 4.19127463177e-12
2.14428857715 4.13679353172e-12
2.16432865731 4.08122117386e-12
2.18436873747 4.02664172875e-12
2.20440881764 3.97312190389e-12
2.2244488978 3.91431559553e-12
2.24448897796 3.85345720544e-12
2.26452905812 3.79453369604e-12
2.28456913828 3.73572564285e-12
2.30460921844 3.67569169555e-12
2.3246492986 3.6170408299e-12
2.34468937876 3.55952375268e-12
2.36472945892 3.51395874245e-12
2.38476953908 3.46927128823e-12
2.40480961924 3.42543481778e-12
2.4248496994 3.38127563381e-12
2.44488977956 3.33737736399e-12
2.46492985972 3.29428406057e-12
2.48496993988 3.246668591e-12
2.50501002004 3.18972434823e-12
2.5250501002 3.1337624386e-12
2.54509018036 3.07899075487e-12
2.56513026052 3.04605030845e-12
2.58517034068 3.0136878695e-12
2.60521042084 2.98188732453e-12
2.625250501 2.93947258495e-12
2.64529058116 2.89257284169e-12
2.66533066132 2.84643356612e-12
2.68537074148 2.80138492008e-12
2.70541082164 2.75769436804e-12
2.7254509018 2.71469387802e-12
2.74549098196 2.67249548651e-12
2.76553106212 2.63683060445e-12
2.78557114228 2.60171984751e-12
2.80561122244 2.5671496642e-12
2.82565130261 2.51993853535e-12
2.84569138277 2.4675928642e-12
2.86573146293 2.4160130535e-12
2.88577154309 2.37190488418e-12
2.90581162325 2.3402254428e-12
2.92585170341 2.30900902346e-12
2.94589178357 2.27796857061e-12
2.96593186373 2.23897954432e-12
2.98597194389 2.20053901627e-12
3.00601202405 2.16263499467e-12
3.02605210421 2.12467273818e-12
3.04609218437 2.08698558904e-12
3.06613226453 2.04981182076e-12
3.08617234469 2.01391034993e-12
3.10621242485 1.97978263617e-12
3.12625250501 1.94611040396e-12
3.14629258517 1.91301228902e-12
3.16633266533 1.883251562e-12
3.18637274549 1.8538807211e-12
3.20641282565 1.82489183024e-12
3.22645290581 1.79062805047e-12
3.24649298597 1.75453115304e-12
3.26653306613 1.71889003953e-12
3.28657314629 1.6823945967e-12
3.30661322645 1.64426286568e-12
3.32665330661 1.60660174198e-12
3.34669338677 1.56985048073e-12
3.36673346693 1.5416125318e-12
3.38677354709 1.51371845028e-12
3.40681362725 1.48616178168e-12
3.42685370741 1.4575280978e-12
3.44689378758 1.42869796944e-12
3.46693386774 1.40020918281e-12
3.4869739479 1.37252458252e-12
3.50701402806 1.34588534012e-12
3.52705410822 1.31955581284e-12
3.54709418838 1.29333291387e-12
3.56713426854 1.26447317523e-12
3.5871743487 1.23594199231e-12
3.60721442886 1.20773364898e-12
3.62725450902 1.18116887619e-12
3.64729458918 1.15538231597e-12
3.66733466934 1.12988264971e-12
3.6873747495 1.10549557902e-12
3.70741482966 1.08260104167e-12
3.72745490982 1.05995710233e-12
3.74749498998 1.0376262041e-12
3.76753507014 1.01637842773e-12
3.7875751503 9.95359351491e-13
3.80761523046 9.74565214309e-13
3.82765531062 9.51232645256e-13
3.84769539078 9.27197527006e-13
3.86773547094 9.03414705761e-13
3.8877755511 8.81218282843e-13
3.90781563126 8.61142754013e-13
3.92785571142 8.41274893802e-13
3.94789579158 8.21750069648e-13
3.96793587174 8.03942059215e-13
3.9879759519 7.86315484773e-13
4.00801603206 7.68867530354e-13
4.02805611222 7.49950103216e-13
4.04809619238 7.30686430999e-13
4.06813627255 7.1161461498e-13
4.08817635271 6.93997365359e-13
4.10821643287 6.78267812895e-13
4.12825651303 6.62692780558e-13
4.14829659319 6.47212565163e-13
4.16833667335 6.31330271566e-13
4.18837675351 6.1560154706e-13
4.20841683367 6.00024137919e-13
4.22845691383 5.85676226986e-13
4.24849699399 5.71797599021e-13
4.26853707415 5.58050617584e-13
4.28857715431 5.44102987331e-13
4.30861723447 5.29857277038e-13
4.32865731463 5.1574464223e-13
4.34869739479 5.01917814023e-13
4.36873747495 4.89544586748e-13
4.38877755511 4.77285384507e-13
4.40881763527 4.65138614214e-13
4.42885771543 4.53945370997e-13
4.44889779559 4.43098625989e-13
4.46893787575 4.3235002658e-13
4.48897795591 4.21608437055e-13
4.50901803607 4.10851294899e-13
4.52905811623 4.00190111454e-13
4.54909819639 3.89676059563e-13
4.56913827655 3.79659511653e-13
4.58917835671 3.6973111653e-13
4.60921843687 3.59889699819e-13
4.62925851703 3.50242266845e-13
4.64929859719 3.40708182864e-13
4.66933867735 3.31256505323e-13
4.68937875752 3.22380543486e-13
4.70941883768 3.14171304329e-13
4.72945891784 3.060321362e-13
4.749498998 2.97880375816e-13
4.76953907816 2.89226060484e-13
4.78957915832 2.80644610091e-13
4.80961923848 2.72135097909e-13
4.82965931864 2.64483061091e-13
4.8496993988 2.57096857721e-13
4.86973947896 2.49771822231e-13
4.88977955912 2.42666458153e-13
4.90981963928 2.35802003566e-13
4.92985971944 2.28993690308e-13
4.9498997996 2.22330633701e-13
4.96993987976 2.16294612595e-13
4.98997995992 2.10307367863e-13
5.01002004008 2.04478190412e-13
5.03006012024 1.98797295214e-13
5.0501002004 1.93161747321e-13
5.07014028056 1.87865416138e-13
5.09018036072 1.8261707474e-13
5.11022044088 1.77410128076e-13
5.13026052104 1.72244082996e-13
5.1503006012 1.6711845432e-13
5.17034068136 1.62394789688e-13
5.19038076152 1.57731061635e-13
5.21042084168 1.53103398044e-13
5.23046092184 1.48511377837e-13
5.250501002 1.43954586606e-13
5.27054108216 1.39845386915e-13
5.29058116232 1.35813676024e-13
5.31062124248 1.31812548849e-13
5.33066132265 1.27841655138e-13
5.35070140281 1.2390065008e-13
5.37074148297 1.20102357334e-13
5.39078156313 1.16351004688e-13
5.41082164329 1.12627568175e-13
5.43086172345 1.08931734417e-13
5.45090180361 1.05263194801e-13
5.47094188377 1.01980976112e-13
5.49098196393 9.8802372811e-14
5.51102204409 9.56469923757e-14
5.53106212425 9.2514578838e-14
5.55110220441 8.9404880052e-14
5.57114228457 8.64485352339e-14
5.59118236473 8.35507408821e-14
5.61122244489 8.06737325274e-14
5.63126252505 7.78172853516e-14
5.65130260521 7.49811778278e-14
5.67134268537 7.24033190612e-14
5.69138276553 6.99282107116e-14
5.71142284569 6.7470543912e-14
5.73146292585 6.50301333284e-14
5.75150300601 6.26067962929e-14
5.77154308617 6.02865774911e-14
5.79158316633 5.80198393585e-14
5.81162324649 5.57687939957e-14
5.83166332665 5.35332776639e-14
5.85170340681 5.13131289353e-14
5.87174348697 4.92135711345e-14
5.89178356713 4.71832852451e-14
5.91182364729 4.51668139708e-14
5.93186372745 4.31640156864e-14
5.95190380762 4.11747507291e-14
5.97194388778 3.93934626968e-14
5.99198396794 3.77449429439e-14
6.0120240481 3.610745484e-14
6.03206412826 3.44808871059e-14
6.05210420842 3.28651299815e-14
6.07214428858 3.13407813803e-14
6.09218436874 2.98857686554e-14
6.1122244489 2.84403316274e-14
6.13226452906 2.70043753179e-14
6.15230460922 2.55778060232e-14
6.17234468938 2.42073669015e-14
6.19238476954 2.28863448509e-14
6.2124248497 2.1573874477e-14
6.23246492986 2.02698723774e-14
6.25250501002 1.8974256249e-14
6.27254509018 1.77855751144e-14
6.29258517034 1.67048076018e-14
6.3126252505 1.56309262921e-14
6.33266533066 1.4563865055e-14
6.35270541082 1.35035586194e-14
6.37274549098 1.25179317286e-14
6.39278557114 1.16198305918e-14
6.4128256513 1.07273628333e-14
6.43286573146 9.84047517756e-15
6.45290581162 8.95911503107e-15
6.47294589178 8.1840492088e-15
6.49298597194 7.55595314318e-15
6.5130260521 6.93173920315e-15
6.53306613226 6.31137114217e-15
6.55310621242 5.69481317404e-15
6.57314629259 5.15225515166e-15
6.59318637275 4.73033786803e-15
6.61322645291 4.31099182378e-15
6.63326653307 3.89419328035e-15
6.65330661323 3.47991879917e-15
6.67334669339 3.08209040966e-15
6.69338677355 2.71446549266e-15
6.71342685371 2.34904727546e-15
6.73346693387 1.98581569244e-15
6.75350701403 1.62475092773e-15
6.77354709419 1.30356141337e-15
6.79358717435 1.07508123789e-15
6.81362725451 8.47955077117e-16
6.83366733467 6.22170715557e-16
6.85370741483 3.97716090193e-16
6.87374749499 2.20848027486e-16
6.89378757515 1.8157905556e-16
6.91382765531 1.42546119465e-16
6.93386773547 1.03746919094e-16
6.95390781563 6.51791888487e-17
6.97394789579 3.40441164202e-17
6.99398797595 2.97739314401e-17
7.01402805611 2.55352278643e-17
7.03406813627 2.13275238105e-17
7.05410821643 1.71503495282e-17
7.07414829659 1.34529661017e-17
7.09418837675 1.19457182851e-17
7.11422845691 1.04529534829e-17
7.13426853707 8.97437065085e-18
7.15430861723 7.50967767332e-18
7.17434869739 6.2219448987e-18
7.19438877756 6.02419040724e-18
7.21442885772 5.83261067053e-18
7.23446893788 5.64700360073e-18
7.25450901804 5.46717398752e-18
7.2745490982 5.29336211942e-18
7.29458917836 5.12923076444e-18
7.31462925852 4.97030433209e-18
7.33466933868 4.81641297891e-18
7.35470941884 4.66739260229e-18
7.374749499 4.5230846382e-18
7.39478957916 4.38333586643e-18
7.41482965932 4.24799822291e-18
7.43486973948 4.116928619e-18
7.45490981964 3.98998876742e-18
7.4749498998 3.86704501449e-18
7.49498997996 3.74796817858e-18
7.51503006012 3.63263339434e-18
7.53507014028 3.52091996276e-18
7.55511022044 3.41271120652e-18
7.5751503006 3.30789433071e-18
7.59519038076 3.20636028853e-18
7.61523046092 3.10800365183e-18
7.63527054108 3.01272248642e-18
7.65531062124 2.92041823173e-18
7.6753507014 2.83099558491e-18
7.69539078156 2.74436238905e-18
7.71543086172 2.66042952537e-18
7.73547094188 2.57911080933e-18
7.75551102204 2.5003228904e-18
7.7755511022 2.42398515544e-18
7.79559118236 2.35001963547e-18
7.81563126253 2.27835091577e-18
7.83567134269 2.20890604922e-18
7.85571142285 2.14161447258e-18
7.87575150301 2.07640792591e-18
7.89579158317 2.01322037461e-18
7.91583166333 1.95198793443e-18
7.93587174349 1.89264879895e-18
7.95591182365 1.83514316966e-18
7.97595190381 1.77941318852e-18
7.99599198397 1.72540287285e-18
8.01603206413 1.67305805244e-18
8.03607214429 1.62232630898e-18
8.05611222445 1.57315691749e-18
8.07615230461 1.52550078979e-18
8.09619238477 1.47931042002e-18
8.11623246493 1.43453983191e-18
8.13627254509 1.39114452801e-18
8.15631262525 1.34908144059e-18
8.17635270541 1.30830888424e-18
8.19639278557 1.26878651013e-18
8.21643286573 1.2304752618e-18
8.23647294589 1.19333733255e-18
8.25651302605 1.15733612414e-18
8.27655310621 1.12243620708e-18
8.29659318637 1.08860328214e-18
8.31663326653 1.05580414321e-18
8.33667334669 1.0240066415e-18
8.35671342685 9.93179650811e-19
8.37675350701 9.6329303413e-19
8.39679358717 9.34317611258e-19
8.41683366733 9.06225127579e-19
8.43687374749 8.78988223875e-19
8.45691382766 8.52580407156e-19
8.47695390782 8.26976022477e-19
8.49699398798 8.02150225701e-19
8.51703406814 7.78078957179e-19
8.5370741483 7.54738916308e-19
8.55711422846 7.32107536953e-19
8.57715430862 7.10162963676e-19
8.59719438878 6.88884028774e-19
8.61723446894 6.6825023007e-19
8.6372745491 6.48241709457e-19
8.65731462926 6.28839232146e-19
8.67735470942 6.10024166607e-19
8.69739478958 5.9177846518e-19
8.71743486974 5.74084645321e-19
8.7374749499 5.56925771476e-19
8.75751503006 5.40285437547e-19
8.77755511022 5.24147749949e-19
8.79759519038 5.08497311209e-19
8.81763527054 4.93319204121e-19
8.8376753507 4.78598976415e-19
8.85771543086 4.64322625926e-19
8.87775551102 4.5047658626e-19
8.89779559118 4.37047712918e-19
8.91783567134 4.24023269888e-19
8.9378757515 4.11390916661e-19
8.95791583166 3.99138695681e-19
8.97795591182 3.87255020201e-19
8.99799599198 3.75728662535e-19
9.01803607214 3.64548742694e-19
9.0380761523 3.53704717386e-19
9.05811623246 3.43186369383e-19
9.07815631263 3.32983797221e-19
9.09819639279 3.23087405247e-19
9.11823647295 3.13487893974e-19
9.13827655311 3.04176250759e-19
9.15831663327 2.95143740779e-19
9.17835671343 2.86381898294e-19
9.19839679359 2.77882518196e-19
9.21843687375 2.69637647832e-19
9.23847695391 2.61639579083e-19
9.25851703407 2.53880840701e-19
9.27855711423 2.46354190897e-19
9.29859719439 2.39052610158e-19
9.31863727455 2.319692943e-19
9.33867735471 2.25097647741e-19
9.35871743487 2.18431276989e-19
9.37875751503 2.1196398434e-19
9.39879759519 2.05689761775e-19
9.41883767535 1.99602785051e-19
9.43887775551 1.93697407983e-19
9.45891783567 1.87968156905e-19
9.47895791583 1.82409725312e-19
9.49899799599 1.77016968662e-19
9.51903807615 1.71784899354e-19
9.53907815631 1.66708681863e-19
9.55911823647 1.61783628021e-19
9.57915831663 1.57005192455e-19
9.59919839679 1.52368968172e-19
9.61923847695 1.47870682272e-19
9.63927855711 1.43506191809e-19
9.65931863727 1.39271479772e-19
9.67935871743 1.351626512e-19
9.6993987976 1.31175929419e-19
9.71943887776 1.27307652388e-19
9.73947895792 1.23554269175e-19
9.75951903808 1.1991233653e-19
9.77955911824 1.16378515574e-19
9.7995991984 1.12949568588e-19
9.81963927856 1.09622355903e-19
9.83967935872 1.0639383289e-19
9.85971943888 1.03261047041e-19
9.87975951904 1.00221135141e-19
9.8997995992 0.0
9.91983967936 0.0
9.93987975952 0.0
9.95991983968 0.0
9.97995991984 0.0
10.0 0.0
