0.0 0.0
0.0200400801603 0.0
0.0400801603206 0.0
0.060120240481 0.0
0.0801603206413 6.73858842996e-11
0.100200400802 5.61927663732e-11
0.120240480962 5.44485133599e-11
0.140280561122 4.51605429467e-11
0.160320641283 3.45776801129e-11
0.180360721443 2.95806939587e-11
0.200400801603 2.64289797473e-11
0.220440881764 1.61840861757e-10
0.240480961924 1.59835136973e-10
0.260521042084 2.2226618985e-11
0.280561122244 2.13714550151e-11
0.300601202405 2.05936226464e-11
0.320641282565 1.99658387982e-11
0.340681362725 1.94925833465e-11
0.360721442886 1.89534919484e-11
0.380761523046 1.84544425961e-11
0.400801603206 1.79755262458e-11
0.420841683367 1.75497642196e-11
0.440881763527 1.71694560149e-11
0.460921843687 1.68047560389e-11
0.480961923848 1.6464011441e-11
0.501002004008 1.61344306984e-11
0.521042084168 1.5838224638e-11
0.541082164329 1.55643939267e-11
0.561122244489 1.53072294798e-11
0.581162324649 1.50700941888e-11
0.60120240481 1.48559732816e-11
0.62124248497 1.4648993199e-11
0.64128256513 1.44510295584e-11
0.661322645291 1.42758455866e-11
0.681362725451 1.41008900137e-11
0.701402805611 1.38959607982e-11
0.721442885772 1.37024866466e-11
0.741482965932 1.35175327775e-11
0.761523046092 1.33286293378e-11
0.781563126253 1.3150894517e-11
0.801603206413 1.29909397112e-11
0.821643286573 1.28002632937e-11
0.841683366733 1.25914746644e-11
0.861723446894 1.23993488109e-11
0.881763527054 1.21940129203e-11
0.901803607214 1.1938297483e-11
0.921843687375 1.16955385051e-11
0.941883767535 1.14639885277e-11
0.961923847695 1.12098423716e-11
0.981963927856 1.09651137399e-11
1.00200400802 1.07352243376e-11
1.02204408818 1.05299960092e-11
1.04208416834 1.0342277389e-11
1.0621242485 1.01671209149e-11
1.08216432866 9.99260001582e-12
1.10220440882 9.81504306896e-12
1.12224448898 9.64118848054e-12
1.14228456914 9.47611445922e-12
1.1623246493 9.28149851379e-12
1.18236472946 9.09402851449e-12
1.20240480962 8.92067213236e-12
1.22244488978 8.7503538136e-12
1.24248496994 8.58387182047e-12
1.2625250501 8.42285184201e-12
1.28256513026 8.26833411589e-12
1.30260521042 8.12304779869e-12
1.32264529058 7.98333816198e-12
1.34268537074 7.84855581746e-12
1.3627254509 7.72957295008e-12
1.38276553106 7.61546136374e-12
1.40280561122 7.50600100078e-12
1.42284569138 7.3905009721e-12
1.44288577154 7.27291739702e-12
1.4629258517 7.16023183824e-12
1.48296593186 7.05170794681e-12
1.50300601202 6.94901713235e-12
1.52304609218 6.84993288388e-12
1.54308617234 6.75559518191e-12
1.56312625251 6.64948328341e-12
1.58316633267 6.54611149629e-12
1.60320641283 6.44686864847e-12
1.62324649299 6.35035792581e-12
1.64328657315 6.25638847978e-12
1.66332665331 6.16548808233e-12
1.68336673347 6.07964721926e-12
1.70340681363 6.0034164546e-12
1.72344689379 5.92978989283e-12
1.74348697395 5.85820821835e-12
1.76352705411 5.75533315783e-12
1.78356713427 5.65386494554e-12
1.80360721443 5.55487413194e-12
1.82364729459 5.46862526234e-12
1.84368737475 5.39018794364e-12
1.86372745491 5.31486518828e-12
1.88376753507 5.25033437086e-12
1.90380761523 5.20719052923e-12
1.92384769539 5.16536254251e-12
1.94388777555 5.12462092415e-12
1.96392785571 5.05002609593e-12
1.98396793587 4.97639692088e-12
2.00400801603 4.9020811761e-12
2.02404809619 4.83583956012e-12
2.04408817635 4.76906959372e-12
2.06412825651 4.70434837086e-12
2.08416833667 4.64118231239e-12
2.10420841683 4.57974517217e-12
2.12424849699 4.51997016011e-12
2.14428857715 4.46153126059e-12
2.16432865731 4.40190385982e-12
2.18436873747 4.34334241738e-12
2.20440881764 4.28591328126e-12
2.2244488978 4.22276268872e-12
2.24448897796 4.15738021334e-12
2.26452905812 4.09401302914e-12
2.28456913828 4.0307624582e-12
2.30460921844 3.96620876614e-12
2.3246492986 3.90311635634e-12
2.34468937876 3.84123449356e-12
2.36472945892 3.79225526506e-12
2.38476953908 3.74421116616e-12
2.40480961924 3.69707417835e-12
2.4248496994 3.64957655129e-12
2.44488977956 3.60234963537e-12
2.46492985972 3.55598197522e-12
2.48496993988 3.50471713379e-12
2.50501002004 3.44336119266e-12
2.5250501002 3.38305779651e-12
2.54509018036 3.32403208182e-12
2.56513026052 3.28859100337e-12
2.58517034068 3.25376681332e-12
2.60521042084 3.21954249727e-12
2.625250501 3.17384058807e-12
2.64529058116 3.12328519884e-12
2.66533066132 3.07354537969e-12
2.68537074148 3.02497825014e-12
2.70541082164 2.97787315564e-12
2.7254509018 2.93150845046e-12
2.74549098196 2.88600548132e-12
2.76553106212 2.84755832937e-12
2.78557114228 2.8097054244e-12
2.80561122244 2.77243235244e-12
2.82565130261 2.72149434802e-12
2.84569138277 2.66500364884e-12
2.86573146293 2.60933689251e-12
2.88577154309 2.56174104373e-12
2.90581162325 2.52757326852e-12
2.92585170341 2.49390266964e-12
2.94589178357 2.46041919228e-12
2.96593186373 2.41834300863e-12
2.98597194389 2.37685683575e-12
3.00601202405 2.33594784946e-12
3.02605210421 2.2949734574e-12
3.04609218437 2.25429401559e-12
3.06613226453 2.21416713507e-12
3.08617234469 2.17541306408e-12
3.10621242485 2.13857381767e-12
3.12625250501 2.10222487219e-12
3.14629258517 2.06649452729e-12
3.16633266533 2.03436905141e-12
3.18637274549 2.00266325369e-12
3.20641282565 1.97136863819e-12
3.22645290581 1.9343721213e-12
3.24649298597 1.89539319074e-12
3.26653306613 1.85690545679e-12
3.28657314629 1.81749318999e-12
3.30661322645 1.77631141799e-12
3.32665330661 1.73563705023e-12
3.34669338677 1.69594482981e-12
3.36673346693 1.66545158418e-12
3.38677354709 1.63532893156e-12
3.40681362725 1.60556994491e-12
3.42685370741 1.57464614993e-12
3.44689378758 1.54350919154e-12
3.46693386774 1.51274027684e-12
3.4869739479 1.48283962352e-12
3.50701402806 1.45406789318e-12
3.52705410822 1.42563014009e-12
3.54709418838 1.3973069301e-12
3.56713426854 1.36613353859e-12
3.5871743487 1.33531458325e-12
3.60721442886 1.3048439159e-12
3.62725450902 1.27614882435e-12
3.64729458918 1.24829417671e-12
3.66733466934 1.2207490498e-12
3.6873747495 1.19440576881e-12
3.70741482966 1.16967493846e-12
3.72745490982 1.1452144722e-12
3.74749498998 1.12109187025e-12
3.76753507014 1.09813934542e-12
3.7875751503 1.07543357895e-12
3.80761523046 1.0529705242e-12
3.82765531062 1.02776394393e-12
3.84769539078 1.00179781425e-12
3.86773547094 9.76104011281e-13
3.8877755511 9.52124253511e-13
3.90781563126 9.30436159396e-13
3.92785571142 9.08972204118e-13
3.94789579158 8.87878685795e-13
3.96793587174 8.6864019534e-13
3.9879759519 8.49597530715e-13
4.00801603206 8.30747659821e-13
4.02805611222 8.10309575569e-13
4.04809619238 7.89497108973e-13
4.06813627255 7.68891770788e-13
4.08817635271 7.49858121641e-13
4.10821643287 7.3286423325e-13
4.12825651303 7.16037150479e-13
4.14829659319 6.99312362816e-13
4.16833667335 6.8215290701e-13
4.18837675351 6.65159251896e-13
4.20841683367 6.483289688e-13
4.22845691383 6.32827204144e-13
4.24849699399 6.17832435884e-13
4.26853707415 6.02979802569e-13
4.28857715431 5.87910214607e-13
4.30861723447 5.72518388483e-13
4.32865731463 5.57270258043e-13
4.34869739479 5.42330877131e-13
4.36873747495 5.28962227448e-13
4.38877755511 5.1571670012e-13
4.40881763527 5.02592577873e-13
4.42885771543 4.90498793903e-13
4.44889779559 4.7877936629e-13
4.46893787575 4.67165916599e-13
4.48897795591 4.55559962687e-13
4.50901803607 4.43937125864e-13
4.52905811623 4.3241791404e-13
4.54909819639 4.21057630192e-13
4.56913827655 4.10234906666e-13
4.58917835671 3.99507381474e-13
4.60921843687 3.88873788252e-13
4.62925851703 3.78449764681e-13
4.64929859719 3.68148175445e-13
4.66933867735 3.57935584907e-13
4.68937875752 3.48345088733e-13
4.70941883768 3.39475035311e-13
4.72945891784 3.3068065656e-13
4.749498998 3.21872624645e-13
4.76953907816 3.1252146487e-13
4.78957915832 3.03249004903e-13
4.80961923848 2.94054245017e-13
4.82965931864 2.85786074786e-13
4.8496993988 2.77805139835e-13
4.86973947896 2.69890270551e-13
4.88977955912 2.62212754603e-13
4.90981963928 2.54795544169e-13
4.92985971944 2.47438971583e-13
4.9498997996 2.40239340214e-13
4.96993987976 2.33717283393e-13
4.98997995992 2.27247909032e-13
5.01002004008 2.20949322959e-13
5.03006012024 2.14810952067e-13
5.0501002004 2.08721561218e-13
5.07014028056 2.0299871987e-13
5.09018036072 1.97327716016e-13
5.11022044088 1.91701423658e-13
5.13026052104 1.86119310746e-13
5.1503006012 1.80580853809e-13
5.17034068136 1.75476758042e-13
5.19038076152 1.70437414094e-13
5.21042084168 1.65437025435e-13
5.23046092184 1.60475137733e-13
5.250501002 1.55551303834e-13
5.27054108216 1.51111141414e-13
5.29058116232 1.46754701786e-13
5.31062124248 1.42431297858e-13
5.33066132265 1.38140551703e-13
5.35070140281 1.33882091251e-13
5.37074148297 1.29777839152e-13
5.39078156313 1.25724300292e-13
5.41082164329 1.21700917031e-13
5.43086172345 1.17707351182e-13
5.45090180361 1.1374326969e-13
5.47094188377 1.1019665267e-13
5.49098196393 1.06761996766e-13
5.51102204409 1.0335242677e-13
5.53106212425 9.99676664489e-14
5.55110220441 9.66074436864e-14
5.57114228457 9.34129330901e-14
5.59118236473 9.02816862955e-14
5.61122244489 8.71728937381e-14
5.63126252505 8.40863127779e-14
5.65130260521 8.10217043193e-14
5.67134268537 7.82361631788e-14
5.69138276553 7.55616515688e-14
5.71142284569 7.29059814143e-14
5.73146292585 7.02689526877e-14
5.75150300601 6.76503682327e-14
5.77154308617 6.51432117334e-14
5.79158316633 6.26938429879e-14
5.81162324649 6.02614270388e-14
5.83166332665 5.78457871496e-14
5.85170340681 5.5446749073e-14
5.87174348697 5.31780216412e-14
5.89178356713 5.09841475819e-14
5.91182364729 4.88051976379e-14
5.93186372745 4.66410189325e-14
5.95190380762 4.44914607034e-14
5.97194388778 4.2566646763e-14
5.99198396794 4.0785303705e-14
6.0120240481 3.90158781144e-14
6.03206412826 3.72582498787e-14
6.05210420842 3.5512300521e-14
6.07214428858 3.38651275238e-14
6.09218436874 3.22928784045e-14
6.1122244489 3.0730974021e-14
6.13226452906 2.91793118516e-14
6.15230460922 2.76377907472e-14
6.17234468938 2.61569233389e-14
6.19238476954 2.47294552744e-14
6.2124248497 2.33112258724e-14
6.23246492986 2.19021450999e-14
6.25250501002 2.05021241088e-14
6.27254509018 1.92176589666e-14
6.29258517034 1.80498072839e-14
6.3126252505 1.68893949037e-14
6.33266533066 1.57363504422e-14
6.35270541082 1.45906034412e-14
6.37274549098 1.35255561223e-14
6.39278557114 1.25550906622e-14
6.4128256513 1.15907110029e-14
6.43286573146 1.06323596384e-14
6.45290581162 9.6799797978e-15
6.47294589178 8.84246409486e-15
6.49298597194 8.16376802849e-15
6.5130260521 7.48926556927e-15
6.53306613226 6.81891760297e-15
6.55310621242 6.15268551075e-15
6.57314629259 5.5664192184e-15
6.59318637275 5.11052060927e-15
6.61322645291 4.65739924908e-15
6.63326653307 4.20702953127e-15
6.65330661323 3.7593861718e-15
6.67334669339 3.32951389432e-15
6.69338677355 2.93227949241e-15
6.71342685371 2.53742861481e-15
6.73346693387 2.14493961638e-15
6.75350701403 1.75479112056e-15
6.77354709419 1.40773233612e-15
6.79358717435 1.1608578248e-15
6.81362725451 9.15445560634e-16
6.83366733467 6.71482375536e-16
6.85370741483 4.28955265044e-16
6.87374749499 2.37851142642e-16
6.89378757515 1.9544098267e-16
6.91382765531 1.53285073366e-16
6.93386773547 1.11380956626e-16
6.95390781563 6.97262106722e-17
6.97394789579 3.61027362918e-17
6.99398797595 3.15097570291e-17
7.01402805611 2.69501042734e-17
7.03406813627 2.24232803634e-17
7.05410821643 1.7928799949e-17
7.07414829659 1.39521729223e-17
7.09418837675 1.23416826231e-17
7.11422845691 1.0746257197e-17
7.13426853707 9.16559069281e-18
7.15430861723 7.59938614227e-18
7.17434869739 6.22388150855e-18
7.19438877756 6.02573556971e-18
7.21442885772 5.83376661148e-18
7.23446893788 5.64777252573e-18
7.25450901804 5.46755808212e-18
7.2745490982 5.2933981319e-18
7.29458917836 5.12926546879e-18
7.31462925852 4.97033777712e-18
7.33466933868 4.81644521154e-18
7.35470941884 4.66742366763e-18
7.374749499 4.52311457966e-18
7.39478957916 4.38336472573e-18
7.41482965932 4.24802604017e-18
7.43486973948 4.11695543283e-18
7.45490981964 3.99001461494e-18
7.4749498998 3.86706993143e-18
7.49498997996 3.74799219927e-18
7.51503006012 3.63265655185e-18
7.53507014028 3.52094228887e-18
7.55511022044 3.41273273182e-18
7.5751503006 3.30791508464e-18
7.59519038076 3.2063802994e-18
7.61523046092 3.1080229469e-18
7.63527054108 3.01274109191e-18
7.65531062124 2.92043617287e-18
7.6753507014 2.83101288599e-18
7.69539078156 2.74437907344e-18
7.71543086172 2.66044561557e-18
7.73547094188 2.57912632699e-18
7.75551102204 2.50033785638e-18
7.7755511022 2.4239995898e-18
7.79559118236 2.35003355751e-18
7.81563126253 2.2783643441e-18
7.83567134269 2.20891900173e-18
7.85571142285 2.14162696652e-18
7.87575150301 2.07641997787e-18
7.89579158317 2.01323200057e-18
7.91583166333 1.95199914978e-18
7.93587174349 1.8926596185e-18
7.95591182365 1.83515360769e-18
7.97595190381 1.77942325877e-18
7.99599198397 1.72541258854e-18
8.01603206413 1.67306742634e-18
8.03607214429 1.62233535336e-18
8.05611222445 1.57316564417e-18
8.07615230461 1.52550921016e-18
8.09619238477 1.47931854505e-18
8.11623246493 1.43454767218e-18
8.13627254509 1.3911520937e-18
8.15631262525 1.34908874151e-18
8.17635270541 1.30831592984e-18
8.19639278557 1.26879330952e-18
8.21643286573 1.23048182376e-18
8.23647294589 1.19334366552e-18
8.25651302605 1.15734223628e-18
8.27655310621 1.12244210623e-18
8.29659318637 1.08860897586e-18
8.31663326653 1.0558096388e-18
8.33667334669 1.02401194598e-18
8.35671342685 9.93184770963e-19
8.37675350701 9.63297976473e-19
8.39679358717 9.34322382082e-19
8.41683366733 9.06229732947e-19
8.43687374749 8.7899266963e-19
8.45691382766 8.52584698932e-19
8.47695390782 8.26980165704e-19
8.49699398798 8.02154225613e-19
8.51703406814 7.78082818821e-19
8.5370741483 7.54742644547e-19
8.55711422846 7.32111136478e-19
8.57715430862 7.10166439009e-19
8.59719438878 6.88887384275e-19
8.61723446894 6.68253469943e-19
8.6372745491 6.48244837755e-19
8.65731462926 6.28842252777e-19
8.67735470942 6.1002708334e-19
8.69739478958 5.9178128165e-19
8.71743486974 5.74087365032e-19
8.7374749499 5.56928397807e-19
8.75751503006 5.40287973759e-19
8.77755511022 5.24150199184e-19
8.79759519038 5.08499676499e-19
8.81763527054 4.93321488391e-19
8.8376753507 4.78601182485e-19
8.85771543086 4.64324756516e-19
8.87775551102 4.50478643994e-19
8.89779559118 4.37049700327e-19
8.91783567134 4.24025189414e-19
8.9378757515 4.11392770659e-19
8.95791583166 3.99140486423e-19
8.97795591182 3.87256749878e-19
8.99799599198 3.75730333263e-19
9.01803607214 3.64550356511e-19
9.0380761523 3.53706276262e-19
9.05811623246 3.43187875216e-19
9.07815631263 3.32985251844e-19
9.09819639279 3.23088810426e-19
9.11823647295 3.13489251416e-19
9.13827655311 3.0417756211e-19
9.15831663327 2.95145007627e-19
9.17835671343 2.86383122171e-19
9.19839679359 2.77883700581e-19
9.21843687375 2.69638790153e-19
9.23847695391 2.61640682715e-19
9.25851703407 2.53881906975e-19
9.27855711423 2.46355221095e-19
9.29859719439 2.39053605518e-19
9.31863727455 2.31970256016e-19
9.33867735471 2.25098576967e-19
9.35871743487 2.18432174838e-19
9.37875751503 2.11964851886e-19
9.39879759519 2.05690600055e-19
9.41883767535 1.99603595066e-19
9.43887775551 1.93698190698e-19
9.45891783567 1.87968913255e-19
9.47895791583 1.82410456194e-19
9.49899799599 1.77017674947e-19
9.51903807615 1.71785581881e-19
9.53907815631 1.66709341441e-19
9.55911823647 1.61784265431e-19
9.57915831663 1.57005808454e-19
9.59919839679 1.52369563487e-19
9.61923847695 1.47871257608e-19
9.63927855711 1.43506747843e-19
9.65931863727 1.39272017161e-19
9.67935871743 1.35163170578e-19
9.6993987976 1.31176431396e-19
9.71943887776 1.27308137556e-19
9.73947895792 1.23554738103e-19
9.75951903808 1.19912789768e-19
9.77955911824 1.16378953654e-19
9.7995991984 1.12949992024e-19
9.81963927856 1.0962276519e-19
9.83967935872 1.06394228507e-19
9.85971943888 1.03261429449e-19
9.87975951904 1.00221504786e-19
9.8997995992 0.0
9.91983967936 0.0
9.93987975952 0.0
9.95991983968 0.0
9.97995991984 0.0
10.0 0.0
