0.0 0.0
0.0200400801603 0.0
0.0400801603206 0.0
0.060120240481 0.0
0.0801603206413 0.0
0.100200400802 0.0
0.120240480962 0.0
0.140280561122 0.0
0.160320641283 0.0
0.180360721443 0.0
0.200400801603 0.0
0.220440881764 0.0
0.240480961924 0.0
0.260521042084 0.0
0.280561122244 0.0
0.300601202405 0.0
0.320641282565 0.0
0.340681362725 0.0
0.360721442886 0.0
0.380761523046 0.0
0.400801603206 0.0
0.420841683367 0.0
0.440881763527 3.72154571309e-11
0.460921843687 1.39722792947e-11
0.480961923848 1.075496854e-11
0.501002004008 9.30869826926e-12
0.521042084168 8.47343260353e-12
0.541082164329 7.91965285902e-12
0.561122244489 7.52582423998e-12
0.581162324649 7.23356458837e-12
0.60120240481 7.00701173033e-12
0.62124248497 6.82264556831e-12
0.64128256513 6.67087033756e-12
0.661322645291 6.54692552413e-12
0.681362725451 6.43765228554e-12
0.701402805611 6.32067097303e-12
0.721442885772 6.2193447049e-12
0.741482965932 6.12778692272e-12
0.761523046092 6.03885965585e-12
0.781563126253 5.95895815161e-12
0.801603206413 5.88966057215e-12
0.821643286573 5.80632961801e-12
0.841683366733 5.71510110672e-12
0.861723446894 5.6305797985e-12
0.881763527054 5.53912662082e-12
0.901803607214 5.42174282535e-12
0.921843687375 5.31204730008e-12
0.941883767535 5.20821067454e-12
0.961923847695 5.09332577584e-12
0.981963927856 4.98373759152e-12
1.00200400802 4.88211437476e-12
1.02204408818 4.79480842572e-12
1.04208416834 4.71710627277e-12
1.0621242485 4.64223446869e-12
1.08216432866 4.56624600068e-12
1.10220440882 4.48901346374e-12
1.12224448898 4.4153694545e-12
1.14228456914 4.34897054029e-12
1.1623246493 4.2674667587e-12
1.18236472946 4.18824394251e-12
1.20240480962 4.1122409722e-12
1.22244488978 4.03792119987e-12
1.24248496994 3.96567418275e-12
1.2625250501 3.89601475737e-12
1.28256513026 3.82939814175e-12
1.30260521042 3.76749422279e-12
1.32264529058 3.70782732283e-12
1.34268537074 3.65019933443e-12
1.3627254509 3.60052770717e-12
1.38276553106 3.55287272972e-12
1.40280561122 3.50617599274e-12
1.42284569138 3.45624030067e-12
1.44288577154 3.40524670175e-12
1.4629258517 3.3557196958e-12
1.48296593186 3.30800101049e-12
1.50300601202 3.26319970894e-12
1.52304609218 3.21974325813e-12
1.54308617234 3.17946388375e-12
1.56312625251 3.13332672023e-12
1.58316633267 3.08820628022e-12
1.60320641283 3.0443625681e-12
1.62324649299 3.00186914994e-12
1.64328657315 2.9606083617e-12
1.66332665331 2.9202262048e-12
1.68336673347 2.88203424311e-12
1.70340681363 2.84858455461e-12
1.72344689379 2.81599668527e-12
1.74348697395 2.78409114673e-12
1.76352705411 2.73675643541e-12
1.78356713427 2.69007733727e-12
1.80360721443 2.64453758777e-12
1.82364729459 2.60528219893e-12
1.84368737475 2.56984125419e-12
1.86372745491 2.5352265861e-12
1.88376753507 2.50587048883e-12
1.90380761523 2.48700993316e-12
1.92384769539 2.46858011217e-12
1.94388777555 2.4505661148e-12
1.96392785571 2.41596343498e-12
1.98396793587 2.38176654143e-12
2.00400801603 2.34576789112e-12
2.02404809619 2.31654461408e-12
2.04408817635 2.28563481699e-12
2.06412825651 2.25538383931e-12
2.08416833667 2.22588828401e-12
2.10420841683 2.19725529518e-12
2.12424849699 2.16921315014e-12
2.14428857715 2.14174347189e-12
2.16432865731 2.1137132283e-12
2.18436873747 2.08623147855e-12
2.20440881764 2.05929238629e-12
2.2244488978 2.02958165904e-12
2.24448897796 1.998763185e-12
2.26452905812 1.96853118603e-12
2.28456913828 1.93836665386e-12
2.30460921844 1.90775679047e-12
2.3246492986 1.87771159292e-12
2.34468937876 1.84821915684e-12
2.36472945892 1.82496379138e-12
2.38476953908 1.80212834721e-12
2.40480961924 1.77970137853e-12
2.4248496994 1.75706934116e-12
2.44488977956 1.73454110586e-12
2.46492985972 1.71240429524e-12
2.48496993988 1.68786764442e-12
2.50501002004 1.65841542818e-12
2.5250501002 1.62945693067e-12
2.54509018036 1.6011024292e-12
2.56513026052 1.58416535501e-12
2.58517034068 1.56750900442e-12
2.60521042084 1.551126348e-12
2.625250501 1.52916831878e-12
2.64529058116 1.50484766977e-12
2.66533066132 1.48091182759e-12
2.68537074148 1.45753441118e-12
2.70541082164 1.4348560458e-12
2.7254509018 1.41252798284e-12
2.74549098196 1.39060954487e-12
2.76553106212 1.37209746603e-12
2.78557114228 1.35386559253e-12
2.80561122244 1.33590751364e-12
2.82565130261 1.31133693222e-12
2.84569138277 1.28407913273e-12
2.86573146293 1.25721779837e-12
2.88577154309 1.23425508229e-12
2.90581162325 1.2177778399e-12
2.92585170341 1.20153692908e-12
2.94589178357 1.18538294265e-12
2.96593186373 1.16507626651e-12
2.98597194389 1.14505304081e-12
3.00601202405 1.12530728827e-12
3.02605210421 1.10552901496e-12
3.04609218437 1.08589245402e-12
3.06613226453 1.06652213929e-12
3.08617234469 1.04781400633e-12
3.10621242485 1.03002953421e-12
3.12625250501 1.01248140435e-12
3.14629258517 9.95231624751e-13
3.16633266533 9.79720502635e-13
3.18637274549 9.64411627017e-13
3.20641282565 9.49301012476e-13
3.22645290581 9.31441579822e-13
3.24649298597 9.12627420908e-13
3.26653306613 8.94051268244e-13
3.28657314629 8.75030845789e-13
3.30661322645 8.55159209181e-13
3.32665330661 8.35533841273e-13
3.34669338677 8.16383474041e-13
3.36673346693 8.01666482351e-13
3.38677354709 7.87128969223e-13
3.40681362725 7.72767628482e-13
3.42685370741 7.57846360879e-13
3.44689378758 7.42823671569e-13
3.46693386774 7.27979511433e-13
3.4869739479 7.13554728188e-13
3.50701402806 6.99674749778e-13
3.52705410822 6.85956801531e-13
3.54709418838 6.72295261713e-13
3.56713426854 6.572632167e-13
3.5871743487 6.42403318534e-13
3.60721442886 6.27712592307e-13
3.62725450902 6.13877813028e-13
3.64729458918 6.00448859335e-13
3.66733466934 5.87170223444e-13
3.6873747495 5.74471164656e-13
3.70741482966 5.62549084771e-13
3.72745490982 5.50758279614e-13
3.74749498998 5.39131201939e-13
3.76753507014 5.28068068837e-13
3.7875751503 5.17124750132e-13
3.80761523046 5.06299286902e-13
3.82765531062 4.94155786483e-13
3.84769539078 4.81648419501e-13
3.86773547094 4.69273353896e-13
3.8877755511 4.57723649988e-13
3.90781563126 4.4727681146e-13
3.92785571142 4.36938821469e-13
3.94789579158 4.26779978955e-13
3.96793587174 4.17513768761e-13
3.9879759519 4.08342639467e-13
4.00801603206 3.99265118463e-13
4.02805611222 3.89425363966e-13
4.04809619238 3.79406755662e-13
4.06813627255 3.69488721862e-13
4.08817635271 3.60326840322e-13
4.10821643287 3.52145851817e-13
4.12825651303 3.44045835273e-13
4.14829659319 3.35995786689e-13
4.16833667335 3.27737768958e-13
4.18837675351 3.19560227389e-13
4.20841683367 3.11461978834e-13
4.22845691383 3.04002590123e-13
4.24849699399 2.96787428794e-13
4.26853707415 2.89641240501e-13
4.28857715431 2.82391577149e-13
4.30861723447 2.74987894829e-13
4.32865731463 2.67653929601e-13
4.34869739479 2.60468913433e-13
4.36873747495 2.54038707196e-13
4.38877755511 2.47668225868e-13
4.40881763527 2.41356632427e-13
4.42885771543 2.3554024163e-13
4.44889779559 2.29904097896e-13
4.46893787575 2.24319351587e-13
4.48897795591 2.18738722354e-13
4.50901803607 2.13150504508e-13
4.52905811623 2.07612531235e-13
4.54909819639 2.02151332816e-13
4.56913827655 1.96948602016e-13
4.58917835671 1.91792020876e-13
4.60921843687 1.86680971754e-13
4.62925851703 1.81670933141e-13
4.64929859719 1.76720078846e-13
4.66933867735 1.71812354826e-13
4.68937875752 1.67203527077e-13
4.70941883768 1.62940743257e-13
4.72945891784 1.58714629056e-13
4.749498998 1.54482322473e-13
4.76953907816 1.49989818657e-13
4.78957915832 1.45535435922e-13
4.80961923848 1.41118686412e-13
4.82965931864 1.37146752488e-13
4.8496993988 1.3331291349e-13
4.86973947896 1.2951106957e-13
4.88977955912 1.25823368056e-13
4.90981963928 1.2226080235e-13
4.92985971944 1.18727597117e-13
4.9498997996 1.15269931401e-13
4.96993987976 1.12137472758e-13
4.98997995992 1.09030520091e-13
5.01002004008 1.06005704152e-13
5.03006012024 1.03057944523e-13
5.0501002004 1.00133893294e-13
5.07014028056 9.73858182061e-14
5.09018036072 9.46628029988e-14
5.11022044088 9.19614262028e-14
5.13026052104 8.92814282679e-14
5.1503006012 8.66225538277e-14
5.17034068136 8.41721128891e-14
5.19038076152 8.17528902367e-14
5.21042084168 7.9352514126e-14
5.23046092184 7.69707629282e-14
5.250501002 7.46074185178e-14
5.27054108216 7.24760895271e-14
5.29058116232 7.03850403693e-14
5.31062124248 6.83099696904e-14
5.33066132265 6.62506931401e-14
5.35070140281 6.42070292291e-14
5.37074148297 6.22374126306e-14
5.39078156313 6.02922318035e-14
5.41082164329 5.83616302889e-14
5.43086172345 5.64454431441e-14
5.45090180361 5.45435079362e-14
5.47094188377 5.28417594314e-14
5.49098196393 5.11937744726e-14
5.51102204409 4.95579152034e-14
5.53106212425 4.79340469028e-14
5.55110220441 4.63220368647e-14
5.57114228457 4.47895324289e-14
5.59118236473 4.32874356659e-14
5.61122244489 4.17961884867e-14
5.63126252505 4.0315672576e-14
5.65130260521 3.88457713554e-14
5.67134268537 3.75096672391e-14
5.69138276553 3.62268386901e-14
5.71142284569 3.49531120766e-14
5.73146292585 3.36883898665e-14
5.75150300601 3.24325759356e-14
5.77154308617 3.12302163386e-14
5.79158316633 3.00556087845e-14
5.81162324649 2.88891876983e-14
5.83166332665 2.7730866928e-14
5.85170340681 2.65805615425e-14
5.87174348697 2.54927418166e-14
5.89178356713 2.44408372395e-14
5.91182364729 2.33961371366e-14
5.93186372745 2.23585670038e-14
5.95190380762 2.13280533751e-14
5.97194388778 2.04052447151e-14
5.99198396794 1.95512050561e-14
6.0120240481 1.87029179153e-14
6.03206412826 1.7860324747e-14
6.05210420842 1.70233678093e-14
6.07214428858 1.62337623633e-14
6.09218436874 1.54800811433e-14
6.1122244489 1.47313919019e-14
6.13226452906 1.3987644676e-14
6.15230460922 1.32487901776e-14
6.17234468938 1.25390191286e-14
6.19238476954 1.18548553475e-14
6.2124248497 1.11751482645e-14
6.23246492986 1.0499854017e-14
6.25250501002 9.82892932541e-15
6.27254509018 9.21337265013e-15
6.29258517034 8.65368741662e-15
6.3126252505 8.09759053924e-15
6.33266533066 7.54504723427e-15
6.35270541082 6.99602317383e-15
6.37274549098 6.48566624016e-15
6.39278557114 6.02062167927e-15
6.4128256513 5.55851226675e-15
6.43286573146 5.09930997663e-15
6.45290581162 4.64298714523e-15
6.47294589178 4.24168251834e-15
6.49298597194 3.91643964138e-15
6.5130260521 3.59322012926e-15
6.53306613226 3.27200489132e-15
6.55310621242 2.95277508184e-15
6.57314629259 2.6718458205e-15
6.59318637275 2.45334644203e-15
6.61322645291 2.23618803871e-15
6.63326653307 2.02035808191e-15
6.65330661323 1.80584420326e-15
6.67334669339 1.59984879683e-15
6.69338677355 1.40948871393e-15
6.71342685371 1.22027928359e-15
6.73346693387 1.03220991401e-15
6.75350701403 8.45270147053e-16
6.77354709419 6.78967207227e-16
6.79358717435 5.60632124093e-16
6.81362725451 4.4300397855e-16
6.83366733467 3.26076296333e-16
6.85370741483 2.09842685405e-16
6.87374749499 1.18231273159e-16
6.89378757515 9.78032777892e-17
6.91382765531 7.75009920313e-17
6.93386773547 5.73231339401e-17
6.95390781563 3.72684415132e-17
6.97394789579 2.10617289484e-17
6.99398797595 1.8754231703e-17
7.01402805611 1.64658114076e-17
7.03406813627 1.41961449731e-17
7.05410821643 1.19449173418e-17
7.07414829659 9.94443120832e-18
7.09418837675 9.07924927717e-18
7.11422845691 8.22397180053e-18
7.13426853707 7.37837829622e-18
7.15430861723 6.54225448906e-18
7.17434869739 5.79987983117e-18
7.19438877756 5.62340590396e-18
7.21442885772 5.45221809484e-18
7.23446893788 5.28615501151e-18
7.25450901804 5.12506025028e-18
7.2745490982 4.96900404084e-18
7.29458917836 4.81982799957e-18
7.31462925852 4.67516608868e-18
7.33466933868 4.5348804558e-18
7.35470941884 4.39883750295e-18
7.374749499 4.26690775364e-18
7.39478957916 4.13896572416e-18
7.41482965932 4.01488979899e-18
7.43486973948 3.89456211003e-18
7.45490981964 3.77786841981e-18
7.4749498998 3.66469800829e-18
7.49498997996 3.55494356327e-18
7.51503006012 3.44850107426e-18
7.53507014028 3.34526972969e-18
7.55511022044 3.24515181738e-18
7.5751503006 3.14805262815e-18
7.59519038076 3.05388036244e-18
7.61523046092 2.96254603992e-18
7.63527054108 2.8739634119e-18
7.65531062124 2.7880488765e-18
7.6753507014 2.70472139655e-18
7.69539078156 2.62390242e-18
7.71543086172 2.54551580285e-18
7.73547094188 2.46948773451e-18
7.75551102204 2.39574666553e-18
7.7755511022 2.32422323752e-18
7.79559118236 2.25485021539e-18
7.81563126253 2.18756242156e-18
7.83567134269 2.12229667236e-18
7.85571142285 2.0589917164e-18
7.87575150301 1.99758817479e-18
7.89579158317 1.93802848331e-18
7.91583166333 1.88025683638e-18
7.93587174349 1.82421913274e-18
7.95591182365 1.76986292288e-18
7.97595190381 1.71713735808e-18
7.99599198397 1.66599314102e-18
8.01603206413 1.61638247799e-18
8.03607214429 1.56825903255e-18
8.05611222445 1.52157788065e-18
8.07615230461 1.47629546711e-18
8.09619238477 1.43236956354e-18
8.11623246493 1.38975922748e-18
8.13627254509 1.34842476285e-18
8.15631262525 1.30832768167e-18
8.17635270541 1.26943066687e-18
8.19639278557 1.23169753638e-18
8.21643286573 1.19509320823e-18
8.23647294589 1.15958366678e-18
8.25651302605 1.12513593002e-18
8.27655310621 1.09171801783e-18
8.29659318637 1.05929892129e-18
8.31663326653 1.02784857285e-18
8.33667334669 9.97337817541e-19
8.35671342685 9.67738384988e-19
8.37675350701 9.39022862314e-19
8.39679358717 9.11164667898e-19
8.41683366733 8.84138025931e-19
8.43687374749 8.57917941767e-19
8.45691382766 8.32480178026e-19
8.47695390782 8.07801231444e-19
8.49699398798 7.83858310438e-19
8.51703406814 7.60629313357e-19
8.5370741483 7.38092807413e-19
8.55711422846 7.16228008256e-19
8.57715430862 6.95014760182e-19
8.59719438878 6.74433516951e-19
8.61723446894 6.54465323193e-19
8.6372745491 6.35091796394e-19
8.65731462926 6.1629510943e-19
8.67735470942 5.9805797364e-19
8.69739478958 5.80363622424e-19
8.71743486974 5.63195795345e-19
8.7374749499 5.4653872271e-19
8.75751503006 5.30377110643e-19
8.77755511022 5.14696126599e-19
8.79759519038 4.99481385336e-19
8.81763527054 4.84718935307e-19
8.8376753507 4.70395245484e-19
8.85771543086 4.56497192569e-19
8.87775551102 4.43012048613e-19
8.89779559118 4.29927469003e-19
8.91783567134 4.17231480826e-19
8.9378757515 4.04912471584e-19
8.95791583166 3.92959178258e-19
8.97795591182 3.81360676702e-19
8.99799599198 3.70106371372e-19
9.01803607214 3.59185985356e-19
9.0380761523 3.48589550719e-19
9.05811623246 3.3830739914e-19
9.07815631263 3.28330152836e-19
9.09819639279 3.18648715761e-19
9.11823647295 3.09254265075e-19
9.13827655311 3.00138242879e-19
9.15831663327 2.91292348193e-19
9.17835671343 2.82708529185e-19
9.19839679359 2.74378975637e-19
9.21843687375 2.66296111637e-19
9.23847695391 2.58452588501e-19
9.25851703407 2.508412779e-19
9.27855711423 2.4345526521e-19
9.29859719439 2.3628784305e-19
9.31863727455 2.29332505031e-19
9.33867735471 2.22582939683e-19
9.35871743487 2.16033024577e-19
9.37875751503 2.09676820618e-19
9.39879759519 2.03508566518e-19
9.41883767535 1.97522673431e-19
9.43887775551 1.91713719757e-19
9.45891783567 1.86076446097e-19
9.47895791583 1.80605750372e-19
9.49899799599 1.75296683078e-19
9.51903807615 1.70144442692e-19
9.53907815631 1.65144371221e-19
9.55911823647 1.60291949872e-19
9.57915831663 1.55582794874e-19
9.59919839679 1.51012653407e-19
9.61923847695 1.46577399665e-19
9.63927855711 1.4227303104e-19
9.65931863727 1.38095664414e-19
9.67935871743 1.34041532569e-19
9.6993987976 1.30106980703e-19
9.71943887776 1.26288463055e-19
9.73947895792 1.22582539627e-19
9.75951903808 1.1898587301e-19
9.77955911824 1.15495225302e-19
9.7995991984 1.12107455126e-19
9.81963927856 1.08819514726e-19
9.83967935872 1.05628447165e-19
9.85971943888 1.02531383597e-19
9.87975951904 9.9525540629e-20
9.8997995992 0.0
9.91983967936 0.0
9.93987975952 0.0
9.95991983968 0.0
9.97995991984 0.0
10.0 0.0
