0.0 0.0
0.0200400801603 0.0
0.0400801603206 0.0
0.060120240481 0.0
0.0801603206413 0.0
0.100200400802 0.0
0.120240480962 0.0
0.140280561122 0.0
0.160320641283 3.11427864334e-11
0.180360721443 1.56565343547e-11
0.200400801603 1.18520708479e-11
0.220440881764 4.47614199429e-10
0.240480961924 4.2454744918e-10
0.260521042084 1.35162719092e-11
0.280561122244 1.47531802458e-11
0.300601202405 1.57772529537e-11
0.320641282565 1.69293933236e-11
0.340681362725 1.83064050355e-11
0.360721442886 1.91807734241e-11
0.380761523046 1.99234235338e-11
0.400801603206 2.05882118402e-11
0.420841683367 2.12019887259e-11
0.440881763527 2.17701762904e-11
0.460921843687 2.22890156711e-11
0.480961923848 2.27499198192e-11
0.501002004008 2.31288840784e-11
0.521042084168 2.34796839864e-11
0.541082164329 2.38007898338e-11
0.561122244489 2.40907420559e-11
0.581162324649 2.43607384866e-11
0.60120240481 2.46120735123e-11
0.62124248497 2.48310513183e-11
0.64128256513 2.50258882139e-11
0.661322645291 2.5210317691e-11
0.681362725451 2.53517269906e-11
0.701402805611 2.53833789162e-11
0.721442885772 2.54141353465e-11
0.741482965932 2.54414990407e-11
0.761523046092 2.54332032718e-11
0.781563126253 2.54229998811e-11
0.801603206413 2.54158997616e-11
0.821643286573 2.53099269201e-11
0.841683366733 2.51405752148e-11
0.861723446894 2.49791947808e-11
0.881763527054 2.47705829877e-11
0.901803607214 2.44214350501e-11
0.921843687375 2.40881829496e-11
0.941883767535 2.37688090112e-11
0.961923847695 2.33819559598e-11
0.981963927856 2.30053421581e-11
1.00200400802 2.26460548137e-11
1.02204408818 2.23389266925e-11
1.04208416834 2.20680230075e-11
1.0621242485 2.18066332471e-11
1.08216432866 2.15436171689e-11
1.10220440882 2.12667847269e-11
1.12224448898 2.10001339235e-11
1.14228456914 2.07467529542e-11
1.1623246493 2.04134434567e-11
1.18236472946 2.00859798137e-11
1.20240480962 1.9769635982e-11
1.22244488978 1.94572342199e-11
1.24248496994 1.91509332692e-11
1.2625250501 1.88543776738e-11
1.28256513026 1.8571230189e-11
1.30260521042 1.83081555453e-11
1.32264529058 1.80532055901e-11
1.34268537074 1.78059373961e-11
1.3627254509 1.75957308954e-11
1.38276553106 1.73933006171e-11
1.40280561122 1.71961429578e-11
1.42284569138 1.69822780577e-11
1.44288577154 1.67611070749e-11
1.4629258517 1.65459527336e-11
1.48296593186 1.63394130552e-11
1.50300601202 1.61458088524e-11
1.52304609218 1.59573735962e-11
1.54308617234 1.5775726257e-11
1.56312625251 1.55631407898e-11
1.58316633267 1.53545103252e-11
1.60320641283 1.51511721389e-11
1.62324649299 1.49535968568e-11
1.64328657315 1.47612895758e-11
1.66332665331 1.45734499903e-11
1.68336673347 1.43978707068e-11
1.70340681363 1.42454651023e-11
1.72344689379 1.40966437129e-11
1.74348697395 1.39511396455e-11
1.76352705411 1.37265552961e-11
1.78356713427 1.35045138845e-11
1.80360721443 1.32874634448e-11
1.82364729459 1.31016520114e-11
1.84368737475 1.29346280548e-11
1.86372745491 1.27712275954e-11
1.88376753507 1.2634078796e-11
1.90380761523 1.25499608825e-11
1.92384769539 1.24676136208e-11
1.94388777555 1.23869815346e-11
1.96392785571 1.22212177941e-11
1.98396793587 1.20570740252e-11
2.00400801603 1.18937585874e-11
2.02404809619 1.17423977357e-11
2.04408817635 1.15932720534e-11
2.06412825651 1.14470808066e-11
2.08416833667 1.13043412309e-11
2.10420841683 1.11656242088e-11
2.12424849699 1.10295583684e-11
2.14428857715 1.08960682738e-11
2.16432865731 1.07593597988e-11
2.18436873747 1.06251346652e-11
2.20440881764 1.04933790325e-11
2.2244488978 1.03470902408e-11
2.24448897796 1.01948128492e-11
2.26452905812 1.00452581175e-11
2.28456913828 9.89577265756e-12
2.30460921844 9.74373119859e-12
2.3246492986 9.59433594863e-12
2.34468937876 9.4475379516e-12
2.36472945892 9.33259672821e-12
2.38476953908 9.21960740699e-12
2.40480961924 9.10852057709e-12
2.4248496994 8.99618592003e-12
2.44488977956 8.88420062749e-12
2.46492985972 8.77405368474e-12
2.48496993988 8.65136942632e-12
2.50501002004 8.50317891205e-12
2.5250501002 8.35735835897e-12
2.54509018036 8.21448436234e-12
2.56513026052 8.13033635518e-12
2.58517034068 8.04750594928e-12
2.60521042084 7.9659623626e-12
2.625250501 7.85552531388e-12
2.64529058116 7.73276573548e-12
2.66533066132 7.6118653102e-12
2.68537074148 7.49372603861e-12
2.70541082164 7.37907994422e-12
2.7254509018 7.26613146571e-12
2.74549098196 7.15519181506e-12
2.76553106212 7.06175058895e-12
2.78557114228 6.96966363496e-12
2.80561122244 6.8789016554e-12
2.82565130261 6.75386783722e-12
2.84569138277 6.61484513642e-12
2.86573146293 6.47777711929e-12
2.88577154309 6.36078129124e-12
2.90581162325 6.27725078788e-12
2.92585170341 6.19487211289e-12
2.94589178357 6.11287499005e-12
2.96593186373 6.00932179391e-12
2.98597194389 5.90716613884e-12
3.00601202405 5.80637986456e-12
3.02605210421 5.70536078961e-12
3.04609218437 5.60501299976e-12
3.06613226453 5.50598359432e-12
3.08617234469 5.41032547315e-12
3.10621242485 5.31939599363e-12
3.12625250501 5.22963812178e-12
3.14629258517 5.14137514203e-12
3.16633266533 5.0620717987e-12
3.18637274549 4.98377104783e-12
3.20641282565 4.90645395514e-12
3.22645290581 4.81484754812e-12
3.24649298597 4.71824838137e-12
3.26653306613 4.62283942673e-12
3.28657314629 4.52508505749e-12
3.30661322645 4.4228758184e-12
3.32665330661 4.32190270424e-12
3.34669338677 4.22335348265e-12
3.36673346693 4.14776013956e-12
3.38677354709 4.0730651411e-12
3.40681362725 3.99925253628e-12
3.42685370741 3.92250467331e-12
3.44689378758 3.84520056513e-12
3.46693386774 3.76879354565e-12
3.4869739479 3.69453449193e-12
3.50701402806 3.62307566664e-12
3.52705410822 3.55243190048e-12
3.54709418838 3.48205590055e-12
3.56713426854 3.40454153565e-12
3.5871743487 3.32789616081e-12
3.60721442886 3.25210521905e-12
3.62725450902 3.18073531697e-12
3.64729458918 3.11145084681e-12
3.66733466934 3.04292606685e-12
3.6873747495 2.9773909149e-12
3.70741482966 2.91587176961e-12
3.72745490982 2.85501629298e-12
3.74749498998 2.79499368311e-12
3.76753507014 2.73788352327e-12
3.7875751503 2.68137964678e-12
3.80761523046 2.62547243247e-12
3.82765531062 2.56270221662e-12
3.84769539078 2.4980258549e-12
3.86773547094 2.43402157986e-12
3.8877755511 2.37429137888e-12
3.90781563126 2.32027851891e-12
3.92785571142 2.26681839435e-12
3.94789579158 2.21427681251e-12
3.96793587174 2.16636270295e-12
3.9879759519 2.11893153081e-12
4.00801603206 2.07197601824e-12
4.02805611222 2.02104744084e-12
4.04809619238 1.96917830485e-12
4.06813627255 1.91782150148e-12
4.08817635271 1.87038593027e-12
4.10821643287 1.82804100188e-12
4.12825651303 1.78610829011e-12
4.14829659319 1.74442686071e-12
4.16833667335 1.70165561299e-12
4.18837675351 1.65929468704e-12
4.20841683367 1.61733819669e-12
4.22845691383 1.57869674087e-12
4.24849699399 1.54131836743e-12
4.26853707415 1.50429183915e-12
4.28857715431 1.4667203449e-12
4.30861723447 1.42834105449e-12
4.32865731463 1.39031795159e-12
4.34869739479 1.35306344278e-12
4.36873747495 1.31972986246e-12
4.38877755511 1.28670141501e-12
4.40881763527 1.25397392272e-12
4.42885771543 1.22381782651e-12
4.44889779559 1.19459469496e-12
4.46893787575 1.16563426673e-12
4.48897795591 1.13669064851e-12
4.50901803607 1.10770303914e-12
4.52905811623 1.07897252508e-12
4.54909819639 1.05063731904e-12
4.56913827655 1.02364321916e-12
4.58917835671 9.96885387076e-13
4.60921843687 9.70360729221e-13
4.62925851703 9.44358141083e-13
4.64929859719 9.18660044793e-13
4.66933867735 8.93182987781e-13
4.68937875752 8.69258531826e-13
4.70941883768 8.47132360762e-13
4.72945891784 8.25194095127e-13
4.749498998 8.03220674668e-13
4.76953907816 7.79889706112e-13
4.78957915832 7.56754353545e-13
4.80961923848 7.33812163213e-13
4.82965931864 7.13183386944e-13
4.8496993988 6.93271180005e-13
4.86973947896 6.73523179168e-13
4.88977955912 6.54367229711e-13
4.90981963928 6.35860687708e-13
4.92985971944 6.17504893618e-13
4.9498997996 5.99540404768e-13
4.96993987976 5.83267571272e-13
4.98997995992 5.67125696949e-13
5.01002004008 5.51409786293e-13
5.03006012024 5.36093456367e-13
5.0501002004 5.20898914861e-13
5.07014028056 5.06619329496e-13
5.09018036072 4.92468712144e-13
5.11022044088 4.78429287382e-13
5.13026052104 4.64499747495e-13
5.1503006012 4.50678805238e-13
5.17034068136 4.37942270684e-13
5.19038076152 4.25367053514e-13
5.21042084168 4.12888744094e-13
5.23046092184 4.00506224605e-13
5.250501002 3.88218394389e-13
5.27054108216 3.77138190857e-13
5.29058116232 3.6626675869e-13
5.31062124248 3.55477521689e-13
5.33066132265 3.44769549549e-13
5.35070140281 3.34141925984e-13
5.37074148297 3.23899159502e-13
5.39078156313 3.13782786247e-13
5.41082164329 3.03741475688e-13
5.43086172345 2.93774394053e-13
5.45090180361 2.83880719903e-13
5.47094188377 2.75029414985e-13
5.49098196393 2.66457512074e-13
5.51102204409 2.57948055418e-13
5.53106212425 2.49500363908e-13
5.55110220441 2.41113766326e-13
5.57114228457 2.33140840314e-13
5.59118236473 2.25325737267e-13
5.61122244489 2.17566546489e-13
5.63126252505 2.09862669054e-13
5.65130260521 2.02213514578e-13
5.67134268537 1.95261152224e-13
5.69138276553 1.88585931599e-13
5.71142284569 1.81957629846e-13
5.73146292585 1.75375753139e-13
5.75150300601 1.68839814572e-13
5.77154308617 1.62582032582e-13
5.79158316633 1.56468452581e-13
5.81162324649 1.50397099847e-13
5.83166332665 1.44367537617e-13
5.85170340681 1.38379335149e-13
5.87174348697 1.32716465449e-13
5.89178356713 1.27240436096e-13
5.91182364729 1.21801587448e-13
5.93186372745 1.16399541458e-13
5.95190380762 1.11033925203e-13
5.97194388778 1.06229486855e-13
5.99198396794 1.01783262436e-13
6.0120240481 9.73667246841e-14
6.03206412826 9.29795767129e-14
6.05210420842 8.86215255941e-14
6.07214428858 8.45100820432e-14
6.09218436874 8.058568123e-14
6.1122244489 7.6687052511e-14
6.13226452906 7.28139423663e-14
6.15230460922 6.89661006002e-14
6.17234468938 6.5269673393e-14
6.19238476954 6.1706546323e-14
6.2124248497 5.81664400398e-14
6.23246492986 5.46491317497e-14
6.25250501002 5.11544015337e-14
6.27254509018 4.7948199238e-14
6.29258517034 4.50331666813e-14
6.3126252505 4.21366694e-14
6.33266533066 3.92585308194e-14
6.35270541082 3.63985766076e-14
6.37274549098 3.3740111234e-14
6.39278557114 3.13178025366e-14
6.4128256513 2.89106558395e-14
6.43286573146 2.65185289325e-14
6.45290581162 2.41412813849e-14
6.47294589178 2.20508436471e-14
6.49298597194 2.03569824831e-14
6.5130260521 1.86735629146e-14
6.53306613226 1.70004884388e-14
6.55310621242 1.53376637441e-14
6.57314629259 1.38745029431e-14
6.59318637275 1.27368702221e-14
6.61322645291 1.16061463905e-14
6.63326653307 1.04822684909e-14
6.65330661323 9.36517433345e-15
6.67334669339 8.29243441121e-15
6.69338677355 7.30117468454e-15
6.71342685371 6.315844957e-15
6.73346693387 5.33639199334e-15
6.75350701403 4.36276319762e-15
6.77354709419 3.49671739718e-15
6.79358717435 2.88083017321e-15
6.81362725451 2.26857538988e-15
6.83366733467 1.65992085267e-15
6.85370741483 1.0548347498e-15
6.87374749499 5.78143322194e-16
6.89378757515 4.72748271979e-16
6.91382765531 3.67971271299e-16
6.93386773547 2.63806772649e-16
6.95390781563 1.60249297574e-16
6.97394789579 7.67319895482e-17
6.99398797595 6.5693535136e-17
7.01402805611 5.47240136098e-17
7.03406813627 4.3822676531e-17
7.05410821643 3.29887883043e-17
7.07414829659 2.34351944985e-17
7.09418837675 1.97777528905e-17
7.11422845691 1.61459280871e-17
7.13426853707 1.25393676994e-17
7.15430861723 8.95772700774e-18
7.17434869739 5.84147751982e-18
7.19438877756 5.65479861435e-18
7.21442885772 5.47345209166e-18
7.23446893788 5.29727652525e-18
7.25450901804 5.12611546562e-18
7.2745490982 4.9609745689e-18
7.29458917836 4.81208236896e-18
7.31462925852 4.66769409543e-18
7.33466933868 4.52767226957e-18
7.35470941884 4.39188365307e-18
7.374749499 4.2601991157e-18
7.39478957916 4.1324935071e-18
7.41482965932 4.00864553264e-18
7.43486973948 3.88853763321e-18
7.45490981964 3.77205586882e-18
7.4749498998 3.65908980583e-18
7.49498997996 3.54953240783e-18
7.51503006012 3.44327992986e-18
7.53507014028 3.34023181608e-18
7.55511022044 3.24029060052e-18
7.5751503006 3.14336181111e-18
7.59519038076 3.04935387665e-18
7.61523046092 2.9581780367e-18
7.63527054108 2.86974825435e-18
7.65531062124 2.78398113171e-18
7.6753507014 2.70079582804e-18
7.69539078156 2.62011398051e-18
7.71543086172 2.54185962736e-18
7.73547094188 2.46595913356e-18
7.75551102204 2.39234111872e-18
7.7755511022 2.32093638737e-18
7.79559118236 2.25167786129e-18
7.81563126253 2.18450051407e-18
7.83567134269 2.11934130765e-18
7.85571142285 2.05613913091e-18
7.87575150301 1.99483474011e-18
7.89579158317 1.93537070125e-18
7.91583166333 1.87769133419e-18
7.93587174349 1.82174265855e-18
7.95591182365 1.76747234128e-18
7.97595190381 1.71482964586e-18
7.99599198397 1.66376538312e-18
8.01603206413 1.61423186354e-18
8.03607214429 1.56618285108e-18
8.05611222445 1.51957351844e-18
8.07615230461 1.47436040369e-18
8.09619238477 1.4305013683e-18
8.11623246493 1.3879555564e-18
8.13627254509 1.34668335539e-18
8.15631262525 1.3066463577e-18
8.17635270541 1.2678073238e-18
8.19639278557 1.23013014634e-18
8.21643286573 1.19357981537e-18
8.23647294589 1.15812238468e-18
8.25651302605 1.12372493916e-18
8.27655310621 1.09035556321e-18
8.29659318637 1.05798331007e-18
8.31663326653 1.02657817215e-18
8.33667334669 9.9611105225e-19
8.35671342685 9.66553735692e-19
8.37675350701 9.37878863304e-19
8.39679358717 9.10059905238e-19
8.41683366733 8.83071135597e-19
8.43687374749 8.56887607857e-19
8.45691382766 8.31485131035e-19
8.47695390782 8.06840246604e-19
8.49699398798 7.82930206112e-19
8.51703406814 7.59732949501e-19
8.5370741483 7.37227084084e-19
8.55711422846 7.15391864182e-19
8.57715430862 6.9420717138e-19
8.59719438878 6.73653495395e-19
8.61723446894 6.53711915534e-19
8.6372745491 6.34364082723e-19
8.65731462926 6.15592202086e-19
8.67735470942 5.97379016064e-19
8.69739478958 5.7970778805e-19
8.71743486974 5.62562286535e-19
8.7374749499 5.45926769727e-19
8.75751503006 5.29785970658e-19
8.77755511022 5.14125082738e-19
8.79759519038 4.98929745756e-19
8.81763527054 4.84186032316e-19
8.8376753507 4.69880434677e-19
8.85771543086 4.5599985201e-19
8.87775551102 4.42531578035e-19
8.89779559118 4.29463289046e-19
8.91783567134 4.16783032295e-19
8.9378757515 4.04479214739e-19
8.95791583166 3.92540592125e-19
8.97795591182 3.80956258413e-19
8.99799599198 3.69715635526e-19
9.01803607214 3.58808463402e-19
9.0380761523 3.48224790366e-19
9.05811623246 3.37954963782e-19
9.07815631263 3.27989620999e-19
9.09819639279 3.18319680574e-19
9.11823647295 3.08936333757e-19
9.13827655311 2.99831036241e-19
9.15831663327 2.90995500163e-19
9.17835671343 2.82421686349e-19
9.19839679359 2.74101796792e-19
9.21843687375 2.66028267367e-19
9.23847695391 2.58193760761e-19
9.25851703407 2.5059115962e-19
9.27855711423 2.43213559909e-19
9.29859719439 2.36054264469e-19
9.31863727455 2.29106776772e-19
9.33867735471 2.22364794868e-19
9.35871743487 2.15822205514e-19
9.37875751503 2.0947307848e-19
9.39879759519 2.03311661035e-19
9.41883767535 1.97332372591e-19
9.43887775551 1.91529799518e-19
9.45891783567 1.85898690113e-19
9.47895791583 1.80433949719e-19
9.49899799599 1.75130636002e-19
9.51903807615 1.69983954356e-19
9.53907815631 1.64989253465e-19
9.55911823647 1.60142020985e-19
9.57915831663 1.55437879363e-19
9.59919839679 1.50872581787e-19
9.61923847695 1.46442008251e-19
9.63927855711 1.42142161742e-19
9.65931863727 1.37969164546e-19
9.67935871743 1.33919254661e-19
9.6993987976 1.29988782321e-19
9.71943887776 1.26174206627e-19
9.73947895792 1.22472092274e-19
9.75951903808 1.18879106384e-19
9.77955911824 1.15392015432e-19
9.7995991984 1.12007682262e-19
9.81963927856 1.08723063198e-19
9.83967935872 1.0553520524e-19
9.85971943888 1.02441243345e-19
9.87975951904 9.94383977897e-20
9.8997995992 0.0
9.91983967936 0.0
9.93987975952 0.0
9.95991983968 0.0
9.97995991984 0.0
10.0 0.0
