0.0 0.0
0.0200400801603 0.0
0.0400801603206 0.0
0.060120240481 0.0
0.0801603206413 0.0
0.100200400802 0.0
0.120240480962 0.0
0.140280561122 0.0
0.160320641283 0.0
0.180360721443 0.0
0.200400801603 0.0
0.220440881764 0.0
0.240480961924 0.0
0.260521042084 0.0
0.280561122244 0.0
0.300601202405 0.0
0.320641282565 0.0
0.340681362725 0.0
0.360721442886 0.0
0.380761523046 0.0
0.400801603206 8.79896870266e-11
0.420841683367 2.71190008984e-11
0.440881763527 2.08992005417e-11
0.460921843687 1.82461280838e-11
0.480961923848 1.67491961061e-11
0.501002004008 1.57650689077e-11
0.521042084168 1.50860095577e-11
0.541082164329 1.45872610292e-11
0.561122244489 1.4206816499e-11
0.581162324649 1.39124962994e-11
0.60120240481 1.36787010528e-11
0.62124248497 1.34817046629e-11
0.64128256513 1.33153126072e-11
0.661322645291 1.31786973959e-11
0.681362725451 1.30496168726e-11
0.701402805611 1.28888784687e-11
0.721442885772 1.27483323147e-11
0.741482965932 1.26217159311e-11
0.761523046092 1.24923897171e-11
0.781563126253 1.23750279842e-11
0.801603206413 1.22715283512e-11
0.821643286573 1.21314524006e-11
0.841683366733 1.19703000457e-11
0.861723446894 1.18205726701e-11
0.881763527054 1.16548742961e-11
0.901803607214 1.14305037106e-11
0.921843687375 1.12198647018e-11
0.941883767535 1.10206386501e-11
0.961923847695 1.07954793549e-11
0.981963927856 1.05797178425e-11
1.00200400802 1.03771273253e-11
1.02204408818 1.02025713084e-11
1.04208416834 1.00475662219e-11
1.0621242485 9.89898374828e-12
1.08216432866 9.75050956135e-12
1.10220440882 9.59824512307e-12
1.12224448898 9.45276198552e-12
1.14228456914 9.31745466307e-12
1.1623246493 9.14842949767e-12
1.18236472946 8.98374527922e-12
1.20240480962 8.82556044035e-12
1.22244488978 8.67055972736e-12
1.24248496994 8.51959685006e-12
1.2625250501 8.37405946687e-12
1.28256513026 8.23529828906e-12
1.30260521042 8.10641553516e-12
1.32264529058 7.9820516983e-12
1.34268537074 7.86189140516e-12
1.3627254509 7.75878308609e-12
1.38276553106 7.65979652496e-12
1.40280561122 7.56341000455e-12
1.42284569138 7.46013610773e-12
1.44288577154 7.35428424159e-12
1.4629258517 7.25155301626e-12
1.48296593186 7.15292587723e-12
1.50300601202 7.06043638315e-12
1.52304609218 6.9706637356e-12
1.54308617234 6.8853664791e-12
1.56312625251 6.78705347748e-12
1.58316633267 6.69083413498e-12
1.60320641283 6.59727046886e-12
1.62324649299 6.50653856006e-12
1.64328657315 6.41839701098e-12
1.66332665331 6.33234844749e-12
1.68336673347 6.25158906003e-12
1.70340681363 6.18110328087e-12
1.72344689379 6.112402619e-12
1.74348697395 6.04527366441e-12
1.76352705411 5.94425222146e-12
1.78356713427 5.84456601676e-12
1.80360721443 5.74726411068e-12
1.82364729459 5.66363233344e-12
1.84368737475 5.58827706128e-12
1.86372745491 5.51465472936e-12
1.88376753507 5.45248569362e-12
1.90380761523 5.41325844078e-12
1.92384769539 5.37491407499e-12
1.94388777555 5.33742257163e-12
1.96392785571 5.26349392603e-12
1.98396793587 5.19039408938e-12
2.00400801603 5.11631767959e-12
2.02404809619 5.05059345203e-12
2.04408817635 4.98437399106e-12
2.06412825651 4.9195292914e-12
2.08416833667 4.85627473666e-12
2.10420841683 4.79484873357e-12
2.12424849699 4.7346581444e-12
2.14428857715 4.67566552234e-12
2.16432865731 4.61538672993e-12
2.18436873747 4.55625827519e-12
2.20440881764 4.49826982286e-12
2.2244488978 4.43414779137e-12
2.24448897796 4.36754604542e-12
2.26452905812 4.30218591403e-12
2.28456913828 4.23692990244e-12
2.30460921844 4.17065378924e-12
2.3246492986 4.10557703659e-12
2.34468937876 4.04167533105e-12
2.36472945892 3.99143436989e-12
2.38476953908 3.94208139678e-12
2.40480961924 3.89359276233e-12
2.4248496994 3.84462220733e-12
2.44488977956 3.79584937528e-12
2.46492985972 3.7479073095e-12
2.48496993988 3.69466524118e-12
2.50501002004 3.63059660107e-12
2.5250501002 3.56758549135e-12
2.54509018036 3.5058753768e-12
2.56513026052 3.46922705171e-12
2.58517034068 3.43317355704e-12
2.60521042084 3.39770034588e-12
2.625250501 3.34995498389e-12
2.64529058116 3.29699711737e-12
2.66533066132 3.24486483489e-12
2.68537074148 3.19394053458e-12
2.70541082164 3.14453411968e-12
2.7254509018 3.09587991132e-12
2.74549098196 3.04810901886e-12
2.76553106212 3.00780907338e-12
2.78557114228 2.96810976671e-12
2.80561122244 2.928997614e-12
2.82565130261 2.87533544943e-12
2.84569138277 2.81575145285e-12
2.86573146293 2.75702470013e-12
2.88577154309 2.7068550269e-12
2.90581162325 2.67093083199e-12
2.92585170341 2.63551464016e-12
2.94589178357 2.60027840999e-12
2.96593186373 2.55590101233e-12
2.98597194389 2.51213599558e-12
3.00601202405 2.4689706381e-12
3.02605210421 2.42572371625e-12
3.04609218437 2.3827786893e-12
3.06613226453 2.34040975399e-12
3.08617234469 2.29948793132e-12
3.10621242485 2.26058863191e-12
3.12625250501 2.22220080303e-12
3.14629258517 2.18446112204e-12
3.16633266533 2.1505374142e-12
3.18637274549 2.11705124089e-12
3.20641282565 2.08399410717e-12
3.22645290581 2.0448846695e-12
3.24649298597 2.00366867074e-12
3.26653306613 1.96296952757e-12
3.28657314629 1.92128684773e-12
3.30661322645 1.8777257093e-12
3.32665330661 1.83470017042e-12
3.34669338677 1.79271357195e-12
3.36673346693 1.76047308672e-12
3.38677354709 1.7286222796e-12
3.40681362725 1.69715406385e-12
3.42685370741 1.66444939466e-12
3.44689378758 1.63151697067e-12
3.46693386774 1.59897276793e-12
3.4869739479 1.56734677629e-12
3.50701402806 1.53691510385e-12
3.52705410822 1.50683586847e-12
3.54709418838 1.47687685152e-12
3.56713426854 1.4438990022e-12
3.5871743487 1.41129615635e-12
3.60721442886 1.37906190169e-12
3.62725450902 1.3487073215e-12
3.64729458918 1.31924228857e-12
3.66733466934 1.29010479101e-12
3.6873747495 1.26223938181e-12
3.70741482966 1.23608052897e-12
3.72745490982 1.21020769789e-12
3.74749498998 1.1846923907e-12
3.76753507014 1.16041529368e-12
3.7875751503 1.13639931165e-12
3.80761523046 1.11264022116e-12
3.82765531062 1.08597862659e-12
3.84769539078 1.05851403936e-12
3.86773547094 1.03133827565e-12
3.8877755511 1.0059764494e-12
3.90781563126 9.83039324784e-13
3.92785571142 9.6033972665e-13
3.94789579158 9.38032416398e-13
3.96793587174 9.1768751185e-13
3.9879759519 8.97550074338e-13
4.00801603206 8.77616922841e-13
4.02805611222 8.56004747422e-13
4.04809619238 8.33997346116e-13
4.06813627255 8.12209678621e-13
4.08817635271 7.92084507824e-13
4.10821643287 7.74116512363e-13
4.12825651303 7.56325331394e-13
4.14829659319 7.38642779418e-13
4.16833667335 7.20501243432e-13
4.18837675351 7.02535551471e-13
4.20841683367 6.84743141612e-13
4.22845691383 6.68355555507e-13
4.24849699399 6.52504345481e-13
4.26853707415 6.36803849964e-13
4.28857715431 6.20874568985e-13
4.30861723447 6.04605286031e-13
4.32865731463 5.88488444315e-13
4.34869739479 5.72698459988e-13
4.36873747495 5.58568832901e-13
4.38877755511 5.44569776329e-13
4.40881763527 5.30699476632e-13
4.42885771543 5.17918287051e-13
4.44889779559 5.05533036149e-13
4.46893787575 4.93260154228e-13
4.48897795591 4.8099559967e-13
4.50901803607 4.68713628949e-13
4.52905811623 4.5654155734e-13
4.54909819639 4.44537802596e-13
4.56913827655 4.3310231238e-13
4.58917835671 4.21767779647e-13
4.60921843687 4.10532864769e-13
4.62925851703 3.99519703502e-13
4.64929859719 3.88636250586e-13
4.66933867735 3.77847186831e-13
4.68937875752 3.67715520158e-13
4.70941883768 3.58345060034e-13
4.72945891784 3.49054833799e-13
4.749498998 3.39750507361e-13
4.76953907816 3.29872965803e-13
4.78957915832 3.20078888513e-13
4.80961923848 3.10367215716e-13
4.82965931864 3.01634287105e-13
4.8496993988 2.93204946977e-13
4.86973947896 2.84845652712e-13
4.88977955912 2.76737249482e-13
4.90981963928 2.68903952225e-13
4.92985971944 2.61134940443e-13
4.9498997996 2.53531881813e-13
4.96993987976 2.46644400595e-13
4.98997995992 2.39812759119e-13
5.01002004008 2.33161633849e-13
5.03006012024 2.26679851938e-13
5.0501002004 2.20249982845e-13
5.07014028056 2.14207242508e-13
5.09018036072 2.08219410571e-13
5.11022044088 2.02278962914e-13
5.13026052104 1.96385335886e-13
5.1503006012 1.905379748e-13
5.17034068136 1.85149247646e-13
5.19038076152 1.79829028345e-13
5.21042084168 1.74550087474e-13
5.23046092184 1.69311943603e-13
5.250501002 1.64114122813e-13
5.27054108216 1.59426898985e-13
5.29058116232 1.54828169064e-13
5.31062124248 1.50264438492e-13
5.33066132265 1.45735306829e-13
5.35070140281 1.41240379761e-13
5.37074148297 1.36908311435e-13
5.39078156313 1.32629883806e-13
5.41082164329 1.28383401852e-13
5.43086172345 1.24168507031e-13
5.45090180361 1.19984846186e-13
5.47094188377 1.16241783836e-13
5.49098196393 1.12616957698e-13
5.51102204409 1.090187008e-13
5.53106212425 1.05446720362e-13
5.55110220441 1.01900727925e-13
5.57114228457 9.85296646612e-14
5.59118236473 9.52254375877e-14
5.61122244489 9.19449896234e-14
5.63126252505 8.8688063518e-14
5.65130260521 8.54544057449e-14
5.67134268537 8.25152322581e-14
5.69138276553 7.96932626187e-14
5.71142284569 7.68912421086e-14
5.73146292585 7.41089587009e-14
5.75150300601 7.13462033852e-14
5.77154308617 6.87010582822e-14
5.79158316633 6.61169364923e-14
5.81162324649 6.35507619039e-14
5.83166332665 6.10023471314e-14
5.85170340681 5.84715074085e-14
5.87174348697 5.60781771969e-14
5.89178356713 5.37638568003e-14
5.91182364729 5.14653334565e-14
5.93186372745 4.91824450681e-14
5.95190380762 4.69150317647e-14
5.97194388778 4.48847060377e-14
5.99198396794 4.30057411291e-14
6.0120240481 4.11393876499e-14
6.03206412826 3.92855183092e-14
6.05210420842 3.74440075374e-14
6.07214428858 3.57067080974e-14
6.09218436874 3.40484609417e-14
6.1122244489 3.24011591462e-14
6.13226452906 3.07646940653e-14
6.15230460922 2.91389584985e-14
6.17234468938 2.75772191251e-14
6.19238476954 2.60718234382e-14
6.2124248497 2.45762014628e-14
6.23246492986 2.3090257779e-14
6.25250501002 2.16138982153e-14
6.27254509018 2.0259418582e-14
6.29258517034 1.90279293443e-14
6.3126252505 1.78043084475e-14
6.33266533066 1.65884802698e-14
6.35270541082 1.53803701645e-14
6.37274549098 1.4257373009e-14
6.39278557114 1.32341228316e-14
6.4128256513 1.22173080782e-14
6.43286573146 1.12068678504e-14
6.45290581162 1.02027420233e-14
6.47294589178 9.31973982999e-15
6.49298597194 8.60420042314e-15
6.5130260521 7.89309385946e-15
6.53306613226 7.18637877056e-15
6.55310621242 6.48401430719e-15
6.57314629259 5.86596721056e-15
6.59318637275 5.38537170901e-15
6.61322645291 4.90771054398e-15
6.63326653307 4.43295667954e-15
6.65330661323 3.96108341586e-15
6.67334669339 3.50795116733e-15
6.69338677355 3.08923210473e-15
6.71342685371 2.67303108819e-15
6.73346693387 2.25932526316e-15
6.75350701403 1.8480920551e-15
6.77354709419 1.48228788418e-15
6.79358717435 1.22209800469e-15
6.81362725451 9.63451901592e-16
6.83366733467 7.06335706972e-16
6.85370741483 4.50735722118e-16
6.87374749499 2.49343908999e-16
6.89378757515 2.04692570268e-16
6.91382765531 1.60307755373e-16
6.93386773547 1.16186956472e-16
6.95390781563 7.23276998714e-17
6.97394789579 3.69326932932e-17
6.99398797595 3.21361353963e-17
7.01402805611 2.7372913436e-17
7.03406813627 2.26425820563e-17
7.05410821643 1.79447053257e-17
7.07414829659 1.37910916391e-17
7.09418837675 1.2129903256e-17
7.11422845691 1.04831132954e-17
7.13426853707 8.85046333675e-18
7.15430861723 7.23170159098e-18
7.17434869739 5.81263651908e-18
7.19438877756 5.63322177682e-18
7.21442885772 5.45910753903e-18
7.23446893788 5.29013236044e-18
7.25450901804 5.12613978264e-18
7.2745490982 4.96746661936e-18
7.29458917836 4.81834494183e-18
7.31462925852 4.67373543966e-18
7.33466933868 4.53350033207e-18
7.35470941884 4.39750609003e-18
7.374749499 4.26562330342e-18
7.39478957916 4.13772655242e-18
7.41482965932 4.013694283e-18
7.43486973948 3.89340868629e-18
7.45490981964 3.77675558184e-18
7.4749498998 3.66362430449e-18
7.49498997996 3.55390759489e-18
7.51503006012 3.44750149345e-18
7.53507014028 3.34430523759e-18
7.55511022044 3.24422116233e-18
7.5751503006 3.14715460391e-18
7.59519038076 3.05301380655e-18
7.61523046092 2.96170983205e-18
7.63527054108 2.87315647229e-18
7.65531062124 2.7872701645e-18
7.6753507014 2.70396990914e-18
7.69539078156 2.62317719041e-18
7.71543086172 2.54481589923e-18
7.73547094188 2.46881225866e-18
7.75551102204 2.39509475163e-18
7.7755511022 2.32359405098e-18
7.79559118236 2.25424295166e-18
7.81563126253 2.18697630506e-18
7.83567134269 2.12173095542e-18
7.85571142285 2.0584456782e-18
7.87575150301 1.99706112042e-18
7.89579158317 1.93751974281e-18
7.91583166333 1.87976576381e-18
7.93587174349 1.82374510532e-18
7.95591182365 1.76940534016e-18
7.97595190381 1.71669564108e-18
7.99599198397 1.66556673148e-18
8.01603206413 1.61597083763e-18
8.03607214429 1.56786164231e-18
8.05611222445 1.52119424e-18
8.07615230461 1.47592509339e-18
8.09619238477 1.43201199129e-18
8.11623246493 1.38941400784e-18
8.13627254509 1.34809146295e-18
8.15631262525 1.30800588404e-18
8.17635270541 1.2691199689e-18
8.19639278557 1.23139754976e-18
8.21643286573 1.19480355844e-18
8.23647294589 1.15930399262e-18
8.25651302605 1.12486588308e-18
8.27655310621 1.09145726208e-18
8.29659318637 1.05904713258e-18
8.31663326653 1.02760543854e-18
8.33667334669 9.97103036043e-19
8.35671342685 9.67511665382e-19
8.37675350701 9.38803923965e-19
8.39679358717 9.10953240088e-19
8.41683366733 8.83933847502e-19
8.43687374749 8.57720760774e-19
8.45691382766 8.32289751412e-19
8.47695390782 8.07617324719e-19
8.49699398798 7.83680697371e-19
8.51703406814 7.60457775684e-19
8.5370741483 7.37927134549e-19
8.55711422846 7.1606799702e-19
8.57715430862 6.94860214536e-19
8.59719438878 6.74284247741e-19
8.61723446894 6.54321147907e-19
8.6372745491 6.34952538921e-19
8.65731462926 6.16160599836e-19
8.67735470942 5.97928047947e-19
8.69739478958 5.80238122398e-19
8.71743486974 5.63074568288e-19
8.7374749499 5.46421621269e-19
8.75751503006 5.30263992617e-19
8.77755511022 5.14586854757e-19
8.79759519038 4.99375827239e-19
8.81763527054 4.84616963141e-19
8.8376753507 4.70296735894e-19
8.85771543086 4.56402026502e-19
8.87775551102 4.42920111164e-19
8.89779559118 4.29838649271e-19
8.91783567134 4.1714567177e-19
8.9378757515 4.04829569889e-19
8.95791583166 3.92879084201e-19
8.97795591182 3.81283294028e-19
8.99799599198 3.70031607169e-19
9.01803607214 3.59113749937e-19
9.0380761523 3.48519757512e-19
9.05811623246 3.38239964576e-19
9.07815631263 3.28264996242e-19
9.09819639279 3.18585759258e-19
9.11823647295 3.09193433486e-19
9.13827655311 3.00079463625e-19
9.15831663327 2.91235551208e-19
9.17835671343 2.82653646825e-19
9.19839679359 2.74325942597e-19
9.21843687375 2.66244864869e-19
9.23847695391 2.58403067132e-19
9.25851703407 2.50793423159e-19
9.27855711423 2.43409020353e-19
9.29859719439 2.36243153289e-19
9.31863727455 2.29289317467e-19
9.33867735471 2.22541203239e-19
9.35871743487 2.15992689935e-19
9.37875751503 2.09637840155e-19
9.39879759519 2.03470894251e-19
9.41883767535 1.97486264957e-19
9.43887775551 1.91678532198e-19
9.45891783567 1.86042438049e-19
9.47895791583 1.80572881851e-19
9.49899799599 1.75264915473e-19
9.51903807615 1.70113738717e-19
9.53907815631 1.65114694866e-19
9.55911823647 1.60263266363e-19
9.57915831663 1.55555070626e-19
9.59919839679 1.50985855986e-19
9.61923847695 1.46551497746e-19
9.63927855711 1.42247994371e-19
9.65931863727 1.38071463774e-19
9.67935871743 1.34018139738e-19
9.6993987976 1.30084368425e-19
9.71943887776 1.26266605003e-19
9.73947895792 1.22561410373e-19
9.75951903808 1.18965447993e-19
9.77955911824 1.154754808e-19
9.7995991984 1.12088368222e-19
9.81963927856 1.08801063287e-19
9.83967935872 1.0561060981e-19
9.85971943888 1.02514139673e-19
9.87975951904 9.95088701855e-20
9.8997995992 0.0
9.91983967936 0.0
9.93987975952 0.0
9.95991983968 0.0
9.97995991984 0.0
10.0 0.0
