0.0 0.0
0.0200400801603 0.0
0.0400801603206 0.0
0.060120240481 0.0
0.0801603206413 0.0
0.100200400802 0.0
0.120240480962 0.0
0.140280561122 0.0
0.160320641283 0.0
0.180360721443 0.0
0.200400801603 0.0
0.220440881764 0.0
0.240480961924 0.0
0.260521042084 0.0
0.280561122244 0.0
0.300601202405 0.0
0.320641282565 0.0
0.340681362725 0.0
0.360721442886 0.0
0.380761523046 0.0
0.400801603206 0.0
0.420841683367 0.0
0.440881763527 2.12970536174e-11
0.460921843687 1.55090060699e-11
0.480961923848 1.32369686072e-11
0.501002004008 1.19729621113e-11
0.521042084168 1.11715513765e-11
0.541082164329 1.0612474612e-11
0.561122244489 1.02013581662e-11
0.581162324649 9.8899525222e-12
0.60120240481 9.64562337893e-12
0.62124248497 9.44400491757e-12
0.64128256513 9.27626032386e-12
0.661322645291 9.13872805452e-12
0.681362725451 9.01436809017e-12
0.701402805611 8.87403943192e-12
0.721442885772 8.752023574e-12
0.741482965932 8.64212378019e-12
0.761523046092 8.53339468503e-12
0.781563126253 8.43534007358e-12
0.801603206413 8.34957671502e-12
0.821643286573 8.24146700007e-12
0.841683366733 8.12072647187e-12
0.861723446894 8.00880646158e-12
0.881763527054 7.88674366609e-12
0.901803607214 7.72642284608e-12
0.921843687375 7.57632871685e-12
0.941883767535 7.43441424907e-12
0.961923847695 7.27592221006e-12
0.981963927856 7.1244522799e-12
1.00200400802 6.98307521538e-12
1.02204408818 6.86137907126e-12
1.04208416834 6.75319120721e-12
1.0621242485 6.64929699767e-12
1.08216432866 6.54483610452e-12
1.10220440882 6.43823320565e-12
1.12224448898 6.33650404183e-12
1.14228456914 6.24319701483e-12
1.1623246493 6.12774601141e-12
1.18236472946 6.01541544215e-12
1.20240480962 5.90760359402e-12
1.22244488978 5.80209150121e-12
1.24248496994 5.69944145128e-12
1.2625250501 5.60049684276e-12
1.28256513026 5.50605016013e-12
1.30260521042 5.41831270433e-12
1.32264529058 5.33370836331e-12
1.34268537074 5.25199194998e-12
1.3627254509 5.18171420006e-12
1.38276553106 5.11427427791e-12
1.40280561122 5.04843597393e-12
1.42284569138 4.97798982125e-12
1.44288577154 4.90592507176e-12
1.4629258517 4.83597144316e-12
1.48296593186 4.76871321846e-12
1.50300601202 4.70560932764e-12
1.52304609218 4.64438395397e-12
1.54308617234 4.58684014459e-12
1.56312625251 4.52073139085e-12
1.58316633267 4.4560591209e-12
1.60320641283 4.39319724197e-12
1.62324649299 4.33225750326e-12
1.64328657315 4.27307458443e-12
1.66332665331 4.21523946733e-12
1.68336673347 4.16077839021e-12
1.70340681363 4.11316565755e-12
1.72344689379 4.06677146077e-12
1.74348697395 4.02140304176e-12
1.76352705411 3.95360650451e-12
1.78356713427 3.88672977919e-12
1.80360721443 3.82147066378e-12
1.82364729459 3.76530296994e-12
1.84368737475 3.7146470658e-12
1.86372745491 3.66516583879e-12
1.88376753507 3.62329666529e-12
1.90380761523 3.59664648016e-12
1.92384769539 3.57060156168e-12
1.94388777555 3.54514109938e-12
1.96392785571 3.49556941619e-12
1.98396793587 3.44656733536e-12
2.00400801603 3.39607978872e-12
2.02404809619 3.35296803576e-12
2.04408817635 3.30862444643e-12
2.06412825651 3.26521378532e-12
2.08416833667 3.22287752327e-12
2.10420841683 3.18177240353e-12
2.12424849699 3.14150473932e-12
2.14428857715 3.10204880038e-12
2.16432865731 3.06175941378e-12
2.18436873747 3.02224862303e-12
2.20440881764 2.98350877953e-12
2.2244488978 2.94072522452e-12
2.24448897796 2.89631592944e-12
2.26452905812 2.8527431602e-12
2.28456913828 2.8092534784e-12
2.30460921844 2.7651023671e-12
2.3246492986 2.72175799738e-12
2.34468937876 2.67920368019e-12
2.36472945892 2.64570025675e-12
2.38476953908 2.61279531834e-12
2.40480961924 2.58047273532e-12
2.4248496994 2.54784135064e-12
2.44488977956 2.51535044878e-12
2.46492985972 2.48341844967e-12
2.48496993988 2.44798912188e-12
2.50501002004 2.40540638749e-12
2.5250501002 2.36353202761e-12
2.54509018036 2.32252670976e-12
2.56513026052 2.2981074549e-12
2.58517034068 2.27408862629e-12
2.60521042084 2.25046031463e-12
2.625250501 2.21872116453e-12
2.64529058116 2.18354090035e-12
2.66533066132 2.14891315032e-12
2.68537074148 2.11509055958e-12
2.70541082164 2.08227781647e-12
2.7254509018 2.04996825066e-12
2.74549098196 2.01824833736e-12
2.76553106212 1.99147450606e-12
2.78557114228 1.96510276666e-12
2.80561122244 1.93912400608e-12
2.82565130261 1.90352780244e-12
2.84569138277 1.86402024713e-12
2.86573146293 1.82508423926e-12
2.88577154309 1.79181123256e-12
2.90581162325 1.76796226935e-12
2.92585170341 1.74445290844e-12
2.94589178357 1.72106609423e-12
2.96593186373 1.69163835229e-12
2.98597194389 1.66261902014e-12
3.00601202405 1.63399954923e-12
3.02605210421 1.60532938797e-12
3.04609218437 1.5768619667e-12
3.06613226453 1.54877846366e-12
3.08617234469 1.5216546501e-12
3.10621242485 1.49587082554e-12
3.12625250501 1.47042781645e-12
3.14629258517 1.44541588412e-12
3.16633266533 1.42292926854e-12
3.18637274549 1.40073423718e-12
3.20641282565 1.37882508702e-12
3.22645290581 1.35291689164e-12
3.24649298597 1.32561824087e-12
3.26653306613 1.29866342393e-12
3.28657314629 1.27106047987e-12
3.30661322645 1.24221775598e-12
3.32665330661 1.21373108097e-12
3.34669338677 1.18593311834e-12
3.36673346693 1.16457967435e-12
3.38677354709 1.14348546798e-12
3.40681362725 1.12264575467e-12
3.42685370741 1.10099023828e-12
3.44689378758 1.07918566947e-12
3.46693386774 1.05763917694e-12
3.4869739479 1.0367010372e-12
3.50701402806 1.01655369823e-12
3.52705410822 9.96640613092e-13
3.54709418838 9.76808240626e-13
3.56713426854 9.54981669253e-13
3.5871743487 9.33404175626e-13
3.60721442886 9.12071478189e-13
3.62725450902 8.91982315229e-13
3.64729458918 8.72482182956e-13
3.66733466934 8.53199567893e-13
3.6873747495 8.34758738859e-13
3.70741482966 8.17446806364e-13
3.72745490982 8.00324823458e-13
3.74749498998 7.83440017e-13
3.76753507014 7.67374429416e-13
3.7875751503 7.51482228101e-13
3.80761523046 7.3576059376e-13
3.82765531062 7.18121399065e-13
3.84769539078 6.99952257075e-13
3.86773547094 6.81974747059e-13
3.8877755511 6.65196796747e-13
3.90781563126 6.50022014146e-13
3.92785571142 6.35004854473e-13
3.94789579158 6.20247576163e-13
3.96793587174 6.06787825033e-13
3.9879759519 5.93465751611e-13
4.00801603206 5.80279234538e-13
4.02805611222 5.65983625683e-13
4.04809619238 5.51427353037e-13
4.06813627255 5.37016811805e-13
4.08817635271 5.23705451175e-13
4.10821643287 5.11820149768e-13
4.12825651303 5.00052140253e-13
4.14829659319 4.88356347532e-13
4.16833667335 4.76357653113e-13
4.18837675351 4.64475571667e-13
4.20841683367 4.52708396721e-13
4.22845691383 4.41869961839e-13
4.24849699399 4.31386343395e-13
4.26853707415 4.21002669389e-13
4.28857715431 4.10468145287e-13
4.30861723447 3.99709269582e-13
4.32865731463 3.89051452053e-13
4.34869739479 3.78609939094e-13
4.36873747495 3.69265911761e-13
4.38877755511 3.60008449112e-13
4.40881763527 3.50836343567e-13
4.42885771543 3.42384190388e-13
4.44889779559 3.34193924775e-13
4.46893787575 3.26078154226e-13
4.48897795591 3.17968120949e-13
4.50901803607 3.09846807266e-13
4.52905811623 3.01798335414e-13
4.54909819639 2.93861299919e-13
4.56913827655 2.86299971799e-13
4.58917835671 2.78805553671e-13
4.60921843687 2.71377154034e-13
4.62925851703 2.64095470934e-13
4.64929859719 2.56899676593e-13
4.66933867735 2.49766427221e-13
4.68937875752 2.43067733953e-13
4.70941883768 2.36872180652e-13
4.72945891784 2.30729796825e-13
4.749498998 2.24578245586e-13
4.76953907816 2.1804808429e-13
4.78957915832 2.11573216577e-13
4.80961923848 2.05152937714e-13
4.82965931864 1.99379498964e-13
4.8496993988 1.93806782909e-13
4.86973947896 1.88280472024e-13
4.88977955912 1.82920054542e-13
4.90981963928 1.77741525337e-13
4.92985971944 1.72605582445e-13
4.9498997996 1.67579397908e-13
4.96993987976 1.63026122812e-13
4.98997995992 1.58509840552e-13
5.01002004008 1.54112925496e-13
5.03006012024 1.49827991754e-13
5.0501002004 1.45577446535e-13
5.07014028056 1.41582771964e-13
5.09018036072 1.37624458497e-13
5.11022044088 1.33697532273e-13
5.13026052104 1.29801618463e-13
5.1503006012 1.2593634824e-13
5.17034068136 1.22374176209e-13
5.19038076152 1.18857337201e-13
5.21042084168 1.15367838249e-13
5.23046092184 1.11905359251e-13
5.250501002 1.08469585126e-13
5.27054108216 1.05371225652e-13
5.29058116232 1.02331392174e-13
5.31062124248 9.93147388161e-14
5.33066132265 9.63209993288e-14
5.35070140281 9.33499115626e-14
5.37074148297 9.0486475074e-14
5.39078156313 8.7658528058e-14
5.41082164329 8.48517352168e-14
5.43086172345 8.206585824e-14
5.45090180361 7.93006624172e-14
5.47094188377 7.68266080537e-14
5.49098196393 7.44307119568e-14
5.51102204409 7.20524096197e-14
5.53106212425 6.96915064271e-14
5.55110220441 6.73478106519e-14
5.57114228457 6.51197234494e-14
5.59118236473 6.29358284877e-14
5.61122244489 6.07676777731e-14
5.63126252505 5.86151003461e-14
5.65130260521 5.64779277384e-14
5.67134268537 5.45353436074e-14
5.69138276553 5.26702220228e-14
5.71142284569 5.08183085838e-14
5.73146292585 4.8979462378e-14
5.75150300601 4.71535445114e-14
5.77154308617 4.54053535516e-14
5.79158316633 4.36975034701e-14
5.81162324649 4.20015346323e-14
5.83166332665 4.03173225332e-14
5.85170340681 3.86447444193e-14
5.87174348697 3.70630352356e-14
5.89178356713 3.55335456774e-14
5.91182364729 3.40145130572e-14
5.93186372745 3.25058296881e-14
5.95190380762 3.1007389372e-14
5.97194388778 2.96656001106e-14
5.99198396794 2.84238251565e-14
6.0120240481 2.71903988765e-14
6.03206412826 2.59652366836e-14
6.05210420842 2.47482551429e-14
6.07214428858 2.36001358761e-14
6.09218436874 2.25042569358e-14
6.1122244489 2.14156233022e-14
6.13226452906 2.03341627843e-14
6.15230460922 1.92598041582e-14
6.17234468938 1.82277371022e-14
6.19238476954 1.72329055187e-14
6.2124248497 1.62445430299e-14
6.23246492986 1.52625862455e-14
6.25250501002 1.42869726105e-14
6.27254509018 1.339188822e-14
6.29258517034 1.25780660035e-14
6.3126252505 1.17694519953e-14
6.33266533066 1.09659959448e-14
6.35270541082 1.01676482539e-14
6.37274549098 9.42553792902e-15
6.39278557114 8.74933211235e-15
6.4128256513 8.07738616016e-15
6.43286573146 7.4096595971e-15
6.45290581162 6.74611246588e-15
6.47294589178 6.16259024754e-15
6.49298597194 5.6897050876e-15
6.5130260521 5.21975516292e-15
6.53306613226 4.75271294622e-15
6.55310621242 4.2885512591e-15
6.57314629259 3.88009746739e-15
6.59318637275 3.56245260278e-15
6.61322645291 3.24675170942e-15
6.63326653307 2.93297676498e-15
6.65330661323 2.62110997402e-15
6.67334669339 2.32162880421e-15
6.69338677355 2.04488631547e-15
6.71342685371 1.7698119454e-15
6.73346693387 1.49639045869e-15
6.75350701403 1.22460680916e-15
6.77354709419 9.82838316565e-16
6.79358717435 8.10843688523e-16
6.81362725451 6.39872677526e-16
6.83366733467 4.69916009702e-16
6.85370741483 3.00964526365e-16
6.87374749499 1.67826750523e-16
6.89378757515 1.38235828847e-16
6.91382765531 1.08823903162e-16
6.93386773547 7.95892273559e-17
6.95390781563 5.05300806413e-17
6.97394789579 2.70651048938e-17
6.99398797595 2.38160805044e-17
7.01402805611 2.05915287604e-17
7.03406813627 1.73910802815e-17
7.05410821643 1.42143742465e-17
7.07414829659 1.13994398225e-17
7.09418837675 1.02331587004e-17
7.11422845691 9.07848251763e-18
7.13426853707 7.9351764298e-18
7.15430861723 6.80301196042e-18
7.17434869739 5.80467296491e-18
7.19438877756 5.62708778307e-18
7.21442885772 5.45479412208e-18
7.23446893788 5.28763057109e-18
7.25450901804 5.12544070712e-18
7.2745490982 4.96839559894e-18
7.29458917836 4.81924107329e-18
7.31462925852 4.67459990424e-18
7.33466933868 4.53433426775e-18
7.35470941884 4.39831059314e-18
7.374749499 4.26639943019e-18
7.39478957916 4.13847532048e-18
7.41482965932 4.01441667281e-18
7.43486973948 3.89410564255e-18
7.45490981964 3.77742801479e-18
7.4749498998 3.66427309121e-18
7.49498997996 3.55453358052e-18
7.51503006012 3.44810549239e-18
7.53507014028 3.34488803463e-18
7.55511022044 3.24478351375e-18
7.5751503006 3.14769723855e-18
7.59519038076 3.05353742678e-18
7.61523046092 2.96221511481e-18
7.63527054108 2.87364406998e-18
7.65531062124 2.78774070591e-18
7.6753507014 2.70442400033e-18
7.69539078156 2.62361541551e-18
7.71543086172 2.5452388213e-18
7.73547094188 2.46922042041e-18
7.75551102204 2.39548867621e-18
7.7755511022 2.32397424268e-18
7.79559118236 2.2546098966e-18
7.81563126253 2.18733047187e-18
7.83567134269 2.12207279588e-18
7.85571142285 2.05877562784e-18
7.87575150301 1.99737959912e-18
7.89579158317 1.93782715539e-18
7.91583166333 1.88006250056e-18
7.93587174349 1.82403154255e-18
7.95591182365 1.76968184069e-18
7.97595190381 1.71696255473e-18
7.99599198397 1.66582439559e-18
8.01603206413 1.61621957744e-18
8.03607214429 1.56810177145e-18
8.05611222445 1.52142606091e-18
8.07615230461 1.47614889772e-18
8.09619238477 1.43222806028e-18
8.11623246493 1.38962261271e-18
8.13627254509 1.34829286527e-18
8.15631262525 1.30820033604e-18
8.17635270541 1.26930771387e-18
8.19639278557 1.23157882233e-18
8.21643286573 1.19497858491e-18
8.23647294589 1.15947299124e-18
8.25651302605 1.12502906438e-18
8.27655310621 1.0916148291e-18
8.29659318637 1.05919928118e-18
8.31663326653 1.02775235764e-18
8.33667334669 9.97244907875e-19
8.35671342685 9.67648665732e-19
8.37675350701 9.38936222406e-19
8.39679358717 9.110810002e-19
8.41683366733 8.84057227091e-19
8.43687374749 8.57839912076e-19
8.45691382766 8.32404821294e-19
8.47695390782 8.07728454872e-19
8.49699398798 7.83788024495e-19
8.51703406814 7.60561431666e-19
8.5370741483 7.38027246634e-19
8.55711422846 7.16164687982e-19
8.57715430862 6.94953602831e-19
8.59719438878 6.74374447665e-19
8.61723446894 6.54408269744e-19
8.6372745491 6.35036689088e-19
8.65731462926 6.16241881014e-19
8.67735470942 5.98006559222e-19
8.69739478958 5.80313959384e-19
8.71743486974 5.63147823253e-19
8.7374749499 5.46492383253e-19
8.75751503006 5.30332347545e-19
8.77755511022 5.14652885553e-19
8.79759519038 4.99439613929e-19
8.81763527054 4.84678582959e-19
8.8376753507 4.70356263377e-19
8.85771543086 4.5645953359e-19
8.87775551102 4.42975667289e-19
8.89779559118 4.29892321446e-19
8.91783567134 4.17197524676e-19
8.9378757515 4.04879665956e-19
8.95791583166 3.92927483686e-19
8.97795591182 3.81330055096e-19
8.99799599198 3.70076785962e-19
9.01803607214 3.59157400651e-19
9.0380761523 3.48561932458e-19
9.05811623246 3.38280714252e-19
9.07815631263 3.28304369396e-19
9.09819639279 3.1862380295e-19
9.11823647295 3.09230193143e-19
9.13827655311 3.00114983104e-19
9.15831663327 2.91269872847e-19
9.17835671343 2.82686811499e-19
9.19839679359 2.74357989768e-19
9.21843687375 2.66275832635e-19
9.23847695391 2.58432992275e-19
9.25851703407 2.50822341195e-19
9.27855711423 2.43436965569e-19
9.29859719439 2.36270158792e-19
9.31863727455 2.29315415222e-19
9.33867735471 2.22566424111e-19
9.35871743487 2.16017063725e-19
9.37875751503 2.09661395641e-19
9.39879759519 2.03493659219e-19
9.41883767535 1.97508266237e-19
9.43887775551 1.91699795701e-19
9.45891783567 1.86062988795e-19
9.47895791583 1.80592744e-19
9.49899799599 1.75284112357e-19
9.51903807615 1.70132292868e-19
9.53907815631 1.65132628042e-19
9.55911823647 1.60280599579e-19
9.57915831663 1.55571824176e-19
9.59919839679 1.51002049468e-19
9.61923847695 1.4656715009e-19
9.63927855711 1.42263123857e-19
9.65931863727 1.3808608806e-19
9.67935871743 1.34032275877e-19
9.6993987976 1.30098032886e-19
9.71943887776 1.26279813696e-19
9.73947895792 1.22574178663e-19
9.75951903808 1.18977790721e-19
9.77955911824 1.15487412302e-19
9.7995991984 1.12099902345e-19
9.81963927856 1.08812213406e-19
9.83967935872 1.05621388846e-19
9.85971943888 1.02524560106e-19
9.87975951904 9.95189440701e-20
9.8997995992 0.0
9.91983967936 0.0
9.93987975952 0.0
9.95991983968 0.0
9.97995991984 0.0
10.0 0.0
