0.0 0.0
0.0200400801603 0.0
0.0400801603206 0.0
0.060120240481 0.0
0.0801603206413 0.0
0.100200400802 0.0
0.120240480962 0.0
0.140280561122 7.93464729952e-11
0.160320641283 2.16297841078e-11
0.180360721443 1.25374653801e-11
0.200400801603 9.93249598555e-12
0.220440881764 3.79999676421e-10
0.240480961924 3.65391252468e-10
0.260521042084 1.18007660882e-11
0.280561122244 1.2951328134e-11
0.300601202405 1.39064580342e-11
0.320641282565 1.49671905408e-11
0.340681362725 1.62214940902e-11
0.360721442886 1.70284005464e-11
0.380761523046 1.77150508477e-11
0.400801603206 1.83293387902e-11
0.420841683367 1.88956116127e-11
0.440881763527 1.94192234998e-11
0.460921843687 1.98971113996e-11
0.480961923848 2.0321826142e-11
0.501002004008 2.06721283896e-11
0.521042084168 2.09961135155e-11
0.541082164329 2.12920960685e-11
0.561122244489 2.15593508115e-11
0.581162324649 2.18080278114e-11
0.60120240481 2.20392214201e-11
0.62124248497 2.22408087609e-11
0.64128256513 2.2420303028e-11
0.661322645291 2.2590111578e-11
0.681362725451 2.27212100361e-11
0.701402805611 2.27536522288e-11
0.721442885772 2.27849252823e-11
0.741482965932 2.28125818962e-11
0.761523046092 2.2807992624e-11
0.781563126253 2.28014405322e-11
0.801603206413 2.27976430058e-11
0.821643286573 2.2705142968e-11
0.841683366733 2.25556079366e-11
0.861723446894 2.24129517558e-11
0.881763527054 2.22275994598e-11
0.901803607214 2.19160533924e-11
0.921843687375 2.16185880998e-11
0.941883767535 2.13333185122e-11
0.961923847695 2.09873788096e-11
0.981963927856 2.06504919878e-11
1.00200400802 2.03292038566e-11
1.02204408818 2.00547099656e-11
1.04208416834 1.98126155407e-11
1.0621242485 1.95788597152e-11
1.08216432866 1.93432859162e-11
1.10220440882 1.90952522594e-11
1.12224448898 1.88562984754e-11
1.14228456914 1.8629571027e-11
1.1623246493 1.83310679516e-11
1.18236472946 1.80377498965e-11
1.20240480962 1.7754351022e-11
1.22244488978 1.74744356857e-11
1.24248496994 1.71999487904e-11
1.2625250501 1.69341477458e-11
1.28256513026 1.66802986508e-11
1.30260521042 1.64444346121e-11
1.32264529058 1.62158329417e-11
1.34268537074 1.59940916248e-11
1.3627254509 1.5805598085e-11
1.38276553106 1.5624063205e-11
1.40280561122 1.54471788172e-11
1.42284569138 1.5255238586e-11
1.44288577154 1.50567216586e-11
1.4629258517 1.48635777117e-11
1.48296593186 1.46781230168e-11
1.50300601202 1.45042719798e-11
1.52304609218 1.43350518471e-11
1.54308617234 1.41721021977e-11
1.56312625251 1.39813614902e-11
1.58316633267 1.37941584084e-11
1.60320641283 1.36116960872e-11
1.62324649299 1.34343975513e-11
1.64328657315 1.32618185427e-11
1.66332665331 1.30932189283e-11
1.68336673347 1.29355718115e-11
1.70340681363 1.27987297724e-11
1.72344689379 1.26651002063e-11
1.74348697395 1.2534429561e-11
1.76352705411 1.23327270931e-11
1.78356713427 1.21333017559e-11
1.80360721443 1.19383540711e-11
1.82364729459 1.17714596278e-11
1.84368737475 1.16214348864e-11
1.86372745491 1.14746603235e-11
1.88376753507 1.13514611694e-11
1.90380761523 1.12758920156e-11
1.92384769539 1.12019109543e-11
1.94388777555 1.11294683308e-11
1.96392785571 1.09805544625e-11
1.98396793587 1.08330924641e-11
2.00400801603 1.06861203093e-11
2.02404809619 1.05504178348e-11
2.04408817635 1.0416450989e-11
2.06412825651 1.02851192989e-11
2.08416833667 1.01568874773e-11
2.10420841683 1.00322684367e-11
2.12424849699 9.91003036514e-12
2.14428857715 9.79010556258e-12
2.16432865731 9.66728913511e-12
2.18436873747 9.54670301562e-12
2.20440881764 9.42833482544e-12
2.2244488978 9.29691056891e-12
2.24448897796 9.16010592165e-12
2.26452905812 9.02574650616e-12
2.28456913828 8.8914487128e-12
2.30460921844 8.75485413487e-12
2.3246492986 8.62063619615e-12
2.34468937876 8.48875096756e-12
2.36472945892 8.38548431145e-12
2.38476953908 8.2839709583e-12
2.40480961924 8.18416654368e-12
2.4248496994 8.08324090426e-12
2.44488977956 7.98262891616e-12
2.46492985972 7.88366827101e-12
2.48496993988 7.773443987e-12
2.50501002004 7.64030465577e-12
2.5250501002 7.50929401172e-12
2.54509018036 7.38093010601e-12
2.56513026052 7.30532568956e-12
2.58517034068 7.23090501163e-12
2.60521042084 7.15764042324e-12
2.625250501 7.05841739886e-12
2.64529058116 6.94812333634e-12
2.66533066132 6.83949929839e-12
2.68537074148 6.73335568783e-12
2.70541082164 6.63035020506e-12
2.7254509018 6.52886968873e-12
2.74549098196 6.42919375905e-12
2.76553106212 6.34523891302e-12
2.78557114228 6.26250069498e-12
2.80561122244 6.18095279084e-12
2.82565130261 6.06861329902e-12
2.84569138277 5.94370519299e-12
2.86573146293 5.82055292643e-12
2.88577154309 5.715434309e-12
2.90581162325 5.6403826775e-12
2.92585170341 5.56636584991e-12
2.94589178357 5.49269176595e-12
2.96593186373 5.39965021259e-12
2.98597194389 5.30786413535e-12
3.00601202405 5.21730824258e-12
3.02605210421 5.12654302685e-12
3.04609218437 5.03638078499e-12
3.06613226453 4.94740292525e-12
3.08617234469 4.86145394359e-12
3.10621242485 4.77975342066e-12
3.12625250501 4.69910544917e-12
3.14629258517 4.61980050152e-12
3.16633266533 4.54854556165e-12
3.18637274549 4.47819136334e-12
3.20641282565 4.40872089821e-12
3.22645290581 4.32641151722e-12
3.24649298597 4.23961604455e-12
3.26653306613 4.1538898302e-12
3.28657314629 4.06605612782e-12
3.30661322645 3.97421958147e-12
3.32665330661 3.88349353525e-12
3.34669338677 3.79494520885e-12
3.36673346693 3.72702269436e-12
3.38677354709 3.659907275e-12
3.40681362725 3.59358462191e-12
3.42685370741 3.52462454361e-12
3.44689378758 3.45516459421e-12
3.46693386774 3.38651060853e-12
3.4869739479 3.31978651974e-12
3.50701402806 3.25557840407e-12
3.52705410822 3.19210256588e-12
3.54709418838 3.12886725558e-12
3.56713426854 3.0592179249e-12
3.5871743487 2.99034931521e-12
3.60721442886 2.92224835003e-12
3.62725450902 2.85811970977e-12
3.64729458918 2.79586481129e-12
3.66733466934 2.73429244961e-12
3.6873747495 2.67540628522e-12
3.70741482966 2.62012855806e-12
3.72745490982 2.56544710947e-12
3.74749498998 2.51151397068e-12
3.76753507014 2.46019771416e-12
3.7875751503 2.40942618399e-12
3.80761523046 2.35919073653e-12
3.82765531062 2.30278860854e-12
3.84769539078 2.24467368807e-12
3.86773547094 2.18716260497e-12
3.8877755511 2.13349188212e-12
3.90781563126 2.08495836346e-12
3.92785571142 2.03692146341e-12
3.94789579158 1.9897098758e-12
3.96793587174 1.94665623007e-12
3.9879759519 1.90403649838e-12
4.00801603206 1.861844142e-12
4.02805611222 1.81608178547e-12
4.04809619238 1.76947426144e-12
4.06813627255 1.72332705682e-12
4.08817635271 1.68070322935e-12
4.10821643287 1.64265356054e-12
4.12825651303 1.60497426895e-12
4.14829659319 1.56752074767e-12
4.16833667335 1.5290879501e-12
4.18837675351 1.49102382591e-12
4.20841683367 1.45332308662e-12
4.22845691383 1.41860105997e-12
4.24849699399 1.38501396421e-12
4.26853707415 1.35174300553e-12
4.28857715431 1.31798234989e-12
4.30861723447 1.28349582795e-12
4.32865731463 1.2493293429e-12
4.34869739479 1.21585346617e-12
4.36873747495 1.18590075514e-12
4.38877755511 1.15622221238e-12
4.40881763527 1.12681408421e-12
4.42885771543 1.09971649903e-12
4.44889779559 1.07345723111e-12
4.46893787575 1.04743401074e-12
4.48897795591 1.02142588753e-12
4.50901803607 9.95378227422e-13
4.52905811623 9.69561575301e-13
4.54909819639 9.44100124298e-13
4.56913827655 9.19843735905e-13
4.58917835671 8.95799642542e-13
4.60921843687 8.71965064527e-13
4.62925851703 8.48599593847e-13
4.64929859719 8.25507722737e-13
4.66933867735 8.02614463609e-13
4.68937875752 7.81116316182e-13
4.70941883768 7.61234046789e-13
4.72945891784 7.41520619903e-13
4.749498998 7.21775600184e-13
4.76953907816 7.00810723149e-13
4.78957915832 6.80021615155e-13
4.80961923848 6.59406071394e-13
4.82965931864 6.40869291984e-13
4.8496993988 6.22976398718e-13
4.86973947896 6.05231053452e-13
4.88977955912 5.88017706866e-13
4.90981963928 5.7138789833e-13
4.92985971944 5.54893545519e-13
4.9498997996 5.38750807362e-13
4.96993987976 5.24128147749e-13
4.98997995992 5.09623163855e-13
5.01002004008 4.95500939895e-13
5.03006012024 4.81737769123e-13
5.0501002004 4.68084033803e-13
5.07014028056 4.55252457327e-13
5.09018036072 4.4253676835e-13
5.11022044088 4.29920994192e-13
5.13026052104 4.17403959701e-13
5.1503006012 4.04984508125e-13
5.17034068136 3.93539483536e-13
5.19038076152 3.82239415577e-13
5.21042084168 3.71026426948e-13
5.23046092184 3.59899513127e-13
5.250501002 3.48857685021e-13
5.27054108216 3.38901009039e-13
5.29058116232 3.29131931827e-13
5.31062124248 3.19436714158e-13
5.33066132265 3.09814520001e-13
5.35070140281 3.00264525927e-13
5.37074148297 2.91060358601e-13
5.39078156313 2.81969766513e-13
5.41082164329 2.72946624781e-13
5.43086172345 2.63990184129e-13
5.45090180361 2.55099706367e-13
5.47094188377 2.47145887613e-13
5.49098196393 2.39443136376e-13
5.51102204409 2.31796499106e-13
5.53106212425 2.24205363702e-13
5.55110220441 2.16669126954e-13
5.57114228457 2.09504611023e-13
5.59118236473 2.02481913515e-13
5.61122244489 1.95509458625e-13
5.63126252505 1.88586708105e-13
5.65130260521 1.8171313139e-13
5.67134268537 1.75465685495e-13
5.69138276553 1.69467277131e-13
5.71142284569 1.63511030309e-13
5.73146292585 1.57596501223e-13
5.75150300601 1.51723252291e-13
5.77154308617 1.46099953049e-13
5.79158316633 1.40606233128e-13
5.81162324649 1.35150458857e-13
5.83166332665 1.29732237717e-13
5.85170340681 1.24351182598e-13
5.87174348697 1.19262469711e-13
5.89178356713 1.14341650859e-13
5.91182364729 1.0945424288e-13
5.93186372745 1.04599906023e-13
5.95190380762 9.97783051385e-14
5.97194388778 9.54609761636e-14
5.99198396794 9.14655370722e-14
6.0120240481 8.7496775024e-14
6.03206412826 8.3554423194e-14
6.05210420842 7.96382183152e-14
6.07214428858 7.59436146424e-14
6.09218436874 7.24170875674e-14
6.1122244489 6.89137199092e-14
6.13226452906 6.54332838156e-14
6.15230460922 6.19755544233e-14
6.17234468938 5.86538863353e-14
6.19238476954 5.54520020349e-14
6.2124248497 5.2270804768e-14
6.23246492986 4.91100942981e-14
6.25250501002 4.59696729732e-14
6.27254509018 4.30885229554e-14
6.29258517034 4.04690183435e-14
6.3126252505 3.78661701876e-14
6.33266533066 3.52798197842e-14
6.35270541082 3.27098104468e-14
6.37274549098 3.03208595258e-14
6.39278557114 2.81441196435e-14
6.4128256513 2.59810050214e-14
6.43286573146 2.38313878386e-14
6.45290581162 2.16951418738e-14
6.47294589178 1.98166240872e-14
6.49298597194 1.82944711853e-14
6.5130260521 1.67817019233e-14
6.53306613226 1.52782295521e-14
6.55310621242 1.37839683936e-14
6.57314629259 1.24691263445e-14
6.59318637275 1.14468053493e-14
6.61322645291 1.04306935586e-14
6.63326653307 9.42073436782e-15
6.65330661323 8.41687186295e-15
6.67334669339 7.45286697937e-15
6.69338677355 6.56208122508e-15
6.71342685371 5.67662494154e-15
6.73346693387 4.79645026445e-15
6.75350701403 3.92150990494e-15
6.77354709419 3.14324474342e-15
6.79358717435 2.5897738523e-15
6.81362725451 2.03956784218e-15
6.83366733467 1.49259775751e-15
6.85370741483 9.48834987535e-16
6.87374749499 5.2044900592e-16
6.89378757515 4.25712613209e-16
6.91382765531 3.3153241431e-16
6.93386773547 2.37903398903e-16
6.95390781563 1.44820619516e-16
6.97394789579 6.97467919603e-17
6.99398797595 5.98036317668e-17
7.01402805611 4.99231388327e-17
7.03406813627 4.01046183646e-17
7.05410821643 3.03473878011e-17
7.07414829659 2.17412976324e-17
7.09418837675 1.84341705716e-17
7.11422845691 1.51506844782e-17
7.13426853707 1.18905036467e-17
7.15430861723 8.65329985353e-18
7.17434869739 5.83486630714e-18
7.19438877756 5.64951687964e-18
7.21442885772 5.46949223919e-18
7.23446893788 5.29463102929e-18
7.25450901804 5.12477686945e-18
7.2745490982 4.96081814507e-18
7.29458917836 4.81193147265e-18
7.31462925852 4.66754852801e-18
7.33466933868 4.52753183969e-18
7.35470941884 4.39174817638e-18
7.374749499 4.26006841457e-18
7.39478957916 4.1323674104e-18
7.41482965932 4.00852387548e-18
7.43486973948 3.88842025671e-18
7.45490981964 3.77194261988e-18
7.4749498998 3.65898053694e-18
7.49498997996 3.54942697683e-18
7.51503006012 3.44317819978e-18
7.53507014028 3.3401336549e-18
7.55511022044 3.24019588103e-18
7.5751503006 3.14327041071e-18
7.59519038076 3.04926567717e-18
7.61523046092 2.95809292427e-18
7.63527054108 2.86966611921e-18
7.65531062124 2.78390186807e-18
7.6753507014 2.70071933395e-18
7.69539078156 2.62004015768e-18
7.71543086172 2.54178838105e-18
7.73547094188 2.46589037245e-18
7.75551102204 2.3922747548e-18
7.7755511022 2.32087233577e-18
7.79559118236 2.25161604021e-18
7.81563126253 2.18444084465e-18
7.83567134269 2.11928371387e-18
7.85571142285 2.05608353948e-18
7.87575150301 1.99478108036e-18
7.89579158317 1.93531890505e-18
7.91583166333 1.87764133585e-18
7.93587174349 1.82169439475e-18
7.95591182365 1.76742575094e-18
7.97595190381 1.71478467011e-18
7.99599198397 1.66372196517e-18
8.01603206413 1.61418994865e-18
8.03607214429 1.56614238646e-18
8.05611222445 1.51953445318e-18
8.07615230461 1.4743226887e-18
8.09619238477 1.43046495623e-18
8.11623246493 1.38792040159e-18
8.13627254509 1.3466494138e-18
8.15631262525 1.30661358687e-18
8.17635270541 1.26777568278e-18
8.19639278557 1.23009959563e-18
8.21643286573 1.19355031686e-18
8.23647294589 1.15809390162e-18
8.25651302605 1.12369743612e-18
8.27655310621 1.09032900599e-18
8.29659318637 1.0579576657e-18
8.31663326653 1.02655340881e-18
8.33667334669 9.96087139253e-19
8.35671342685 9.66530643443e-19
8.37675350701 9.37856563247e-19
8.39679358717 9.10038369826e-19
8.41683366733 8.83050338256e-19
8.43687374749 8.56867522949e-19
8.45691382766 8.31465733827e-19
8.47695390782 8.06821513234e-19
8.49699398798 7.82912113557e-19
8.51703406814 7.59715475548e-19
8.5370741483 7.37210207303e-19
8.55711422846 7.15375563895e-19
8.57715430862 6.94191427634e-19
8.59719438878 6.7363828894e-19
8.61723446894 6.53697227795e-19
8.6372745491 6.34349895774e-19
8.65731462926 6.1557849863e-19
8.67735470942 5.97365779411e-19
8.69739478958 5.79695002095e-19
8.71743486974 5.62549935735e-19
8.7374749499 5.45914839082e-19
8.75751503006 5.29774445693e-19
8.77755511022 5.14113949483e-19
8.79759519038 4.98918990731e-19
8.81763527054 4.84175642508e-19
8.8376753507 4.69870397529e-19
8.85771543086 4.55990155402e-19
8.87775551102 4.42522210269e-19
8.89779559118 4.29454238832e-19
8.91783567134 4.16774288735e-19
8.9378757515 4.04470767314e-19
8.95791583166 3.92532430682e-19
8.97795591182 3.80948373153e-19
8.99799599198 3.69708016988e-19
9.01803607214 3.58801102455e-19
9.0380761523 3.48217678194e-19
9.05811623246 3.37948091877e-19
9.07815631263 3.27982981146e-19
9.09819639279 3.18313264844e-19
9.11823647295 3.08930134493e-19
9.13827655311 2.99825046054e-19
9.15831663327 2.90989711918e-19
9.17835671343 2.82416093157e-19
9.19839679359 2.74096392003e-19
9.21843687375 2.66023044561e-19
9.23847695391 2.58188713738e-19
9.25851703407 2.50586282395e-19
9.27855711423 2.43208846703e-19
9.29859719439 2.36049709703e-19
9.31863727455 2.29102375058e-19
9.33867735471 2.22360541004e-19
9.35871743487 2.15818094477e-19
9.37875751503 2.0946910542e-19
9.39879759519 2.03307821268e-19
9.41883767535 1.97328661595e-19
9.43887775551 1.91526212926e-19
9.45891783567 1.85895223707e-19
9.47895791583 1.80430599427e-19
9.49899799599 1.75127397891e-19
9.51903807615 1.69980824628e-19
9.53907815631 1.64986228452e-19
9.55911823647 1.60139097144e-19
9.57915831663 1.55435053274e-19
9.59919839679 1.50869850145e-19
9.61923847695 1.46439367866e-19
9.63927855711 1.42139609532e-19
9.65931863727 1.37966697534e-19
9.67935871743 1.33916869972e-19
9.6993987976 1.29986477179e-19
9.71943887776 1.26171978349e-19
9.73947895792 1.2246993827e-19
9.75951903808 1.18877024152e-19
9.77955911824 1.15390002554e-19
9.7995991984 1.12005736404e-19
9.81963927856 1.08721182106e-19
9.83967935872 1.05533386735e-19
9.85971943888 1.02439485322e-19
9.87975951904 9.94366982166e-20
9.8997995992 0.0
9.91983967936 0.0
9.93987975952 0.0
9.95991983968 0.0
9.97995991984 0.0
10.0 0.0
