0.0 0.0
0.0200400801603 0.0
0.0400801603206 0.0
0.060120240481 0.0
0.0801603206413 0.0
0.100200400802 0.0
0.120240480962 0.0
0.140280561122 0.0
0.160320641283 0.0
0.180360721443 0.0
0.200400801603 0.0
0.220440881764 0.0
0.240480961924 0.0
0.260521042084 4.8269332073e-11
0.280561122244 4.03931640165e-11
0.300601202405 3.79398710457e-11
0.320641282565 3.76259470411e-11
0.340681362725 3.85863023131e-11
0.360721442886 3.89030882225e-11
0.380761523046 3.92516738674e-11
0.400801603206 3.96540001441e-11
0.420841683367 4.01056131122e-11
0.440881763527 4.05788830212e-11
0.460921843687 4.10424883924e-11
0.480961923848 4.14642479709e-11
0.501002004008 4.17890654087e-11
0.521042084168 4.21067004175e-11
0.541082164329 4.24103003024e-11
0.561122244489 4.26883318704e-11
0.581162324649 4.29560160741e-11
0.60120240481 4.32130365332e-11
0.62124248497 4.34319921642e-11
0.64128256513 4.36243847304e-11
0.661322645291 4.38118525697e-11
0.681362725451 4.39350681764e-11
0.701402805611 4.38786842404e-11
0.721442885772 4.38311114579e-11
0.741482965932 4.3788473954e-11
0.761523046092 4.36924163355e-11
0.781563126253 4.36002650299e-11
0.801603206413 4.35184674805e-11
0.821643286573 4.32719604259e-11
0.841683366733 4.29225934987e-11
0.861723446894 4.25926055358e-11
0.881763527054 4.21877982123e-11
0.901803607214 4.15476876152e-11
0.921843687375 4.0939160259e-11
0.941883767535 4.03589090743e-11
0.961923847695 3.96675112577e-11
0.981963927856 3.8996943948e-11
1.00200400802 3.83577197219e-11
1.02204408818 3.78090513279e-11
1.04208416834 3.73242694021e-11
1.0621242485 3.6858516245e-11
1.08216432866 3.63938482344e-11
1.10220440882 3.5907540319e-11
1.12224448898 3.54400709895e-11
1.14228456914 3.49940430148e-11
1.1623246493 3.44143022205e-11
1.18236472946 3.38458893235e-11
1.20240480962 3.32976149021e-11
1.22244488978 3.27572370222e-11
1.24248496994 3.22282795011e-11
1.2625250501 3.1716913771e-11
1.28256513026 3.12293919448e-11
1.30260521042 3.07765424668e-11
1.32264529058 3.03381577848e-11
1.34268537074 2.99134745076e-11
1.3627254509 2.95518164175e-11
1.38276553106 2.92038269193e-11
1.40280561122 2.88656613355e-11
1.42284569138 2.85001487724e-11
1.44288577154 2.81228303504e-11
1.4629258517 2.77561620116e-11
1.48296593186 2.74045924377e-11
1.50300601202 2.70751237497e-11
1.52304609218 2.67546796799e-11
1.54308617234 2.64447288142e-11
1.56312625251 2.60831499053e-11
1.58316633267 2.57285417822e-11
1.60320641283 2.53831176713e-11
1.62324649299 2.50476490525e-11
1.64328657315 2.4721289948e-11
1.66332665331 2.44028264766e-11
1.68336673347 2.41054786691e-11
1.70340681363 2.38471857707e-11
1.72344689379 2.3595088929e-11
1.74348697395 2.33488234309e-11
1.76352705411 2.29702311834e-11
1.78356713427 2.25960920037e-11
1.80360721443 2.22304863932e-11
1.82364729459 2.19173647157e-11
1.84368737475 2.16358543492e-11
1.86372745491 2.13605467922e-11
1.88376753507 2.11293169328e-11
1.90380761523 2.09869720305e-11
1.92384769539 2.08476785212e-11
1.94388777555 2.07113386162e-11
1.96392785571 2.04326132203e-11
1.98396793587 2.01567017514e-11
2.00400801603 1.98839311263e-11
2.02404809619 1.96277296839e-11
2.04408817635 1.93771316335e-11
2.06412825651 1.91315126158e-11
2.08416833667 1.8891733616e-11
2.10420841683 1.86587452704e-11
2.12424849699 1.84302501576e-11
2.14428857715 1.82061187684e-11
2.16432865731 1.79766600912e-11
2.18436873747 1.77514058958e-11
2.20440881764 1.7530330163e-11
2.2244488978 1.72850076172e-11
2.24448897796 1.70297239966e-11
2.26452905812 1.67790397253e-11
2.28456913828 1.65285174826e-11
2.30460921844 1.62737681722e-11
2.3246492986 1.60234844721e-11
2.34468937876 1.57775822446e-11
2.36472945892 1.55849496372e-11
2.38476953908 1.53956104205e-11
2.40480961924 1.52094804185e-11
2.4248496994 1.50212950264e-11
2.44488977956 1.48337218032e-11
2.46492985972 1.46492470337e-11
2.48496993988 1.44438563764e-11
2.50501002004 1.41958898683e-11
2.5250501002 1.39519124025e-11
2.54509018036 1.37128854402e-11
2.56513026052 1.35719634479e-11
2.58517034068 1.34332602521e-11
2.60521042084 1.32967236137e-11
2.625250501 1.31119557797e-11
2.64529058116 1.29066322577e-11
2.66533066132 1.27044344673e-11
2.68537074148 1.25068674345e-11
2.70541082164 1.23151522015e-11
2.7254509018 1.21262897795e-11
2.74549098196 1.19407988748e-11
2.76553106212 1.17845371774e-11
2.78557114228 1.1630550777e-11
2.80561122244 1.14787901291e-11
2.82565130261 1.12698348902e-11
2.84569138277 1.10375464084e-11
2.86573146293 1.08085384211e-11
2.88577154309 1.06130497144e-11
2.90581162325 1.04734302541e-11
2.92585170341 1.03357440006e-11
2.94589178357 1.01987049636e-11
2.96593186373 1.00257015105e-11
2.98597194389 9.85504223447e-12
3.00601202405 9.68667963441e-12
3.02605210421 9.51793959643e-12
3.04609218437 9.35033051256e-12
3.06613226453 9.18493180304e-12
3.08617234469 9.02516852359e-12
3.10621242485 8.87330483874e-12
3.12625250501 8.72340491502e-12
3.14629258517 8.57600778672e-12
3.16633266533 8.4435675998e-12
3.18637274549 8.31280750658e-12
3.20641282565 8.18369562825e-12
3.22645290581 8.03075128612e-12
3.24649298597 7.86948530303e-12
3.26653306613 7.71021283914e-12
3.28657314629 7.54703536001e-12
3.30661322645 7.3764339583e-12
3.32665330661 7.20790237372e-12
3.34669338677 7.04342163925e-12
3.36673346693 6.91724051355e-12
3.38677354709 6.79256338962e-12
3.40681362725 6.66936345269e-12
3.42685370741 6.54127268491e-12
3.44689378758 6.41225934834e-12
3.46693386774 6.2847474413e-12
3.4869739479 6.1608231128e-12
3.50701402806 6.04157395854e-12
3.52705410822 5.92368868133e-12
3.54709418838 5.80625433284e-12
3.56713426854 5.67691893481e-12
3.5871743487 5.54903734224e-12
3.60721442886 5.42258511175e-12
3.62725450902 5.30351014403e-12
3.64729458918 5.18791695341e-12
3.66733466934 5.07359441632e-12
3.6873747495 4.9642611152e-12
3.70741482966 4.86162835201e-12
3.72745490982 4.76010546283e-12
3.74749498998 4.65997448585e-12
3.76753507014 4.56470308259e-12
3.7875751503 4.47044543063e-12
3.80761523046 4.3771853923e-12
3.82765531062 4.27248412666e-12
3.84769539078 4.16460732615e-12
3.86773547094 4.05785406655e-12
3.8877755511 3.95823021259e-12
3.90781563126 3.86814191767e-12
3.92785571142 3.77897751556e-12
3.94789579158 3.6913468556e-12
3.96793587174 3.61143381646e-12
3.9879759519 3.53232789795e-12
4.00801603206 3.45401690348e-12
4.02805611222 3.36908358246e-12
4.04809619238 3.28258405392e-12
4.06813627255 3.19694063183e-12
4.08817635271 3.11783659235e-12
4.10821643287 3.04722131701e-12
4.12825651303 2.97729476994e-12
4.14829659319 2.90778860217e-12
4.16833667335 2.83646697941e-12
4.18837675351 2.76583084504e-12
4.20841683367 2.69587034134e-12
4.22845691383 2.63143764126e-12
4.24849699399 2.56911181408e-12
4.26853707415 2.50737369829e-12
4.28857715431 2.44472824103e-12
4.30861723447 2.38073730623e-12
4.32865731463 2.31734128057e-12
4.34869739479 2.25522760724e-12
4.36873747495 2.19965109825e-12
4.38877755511 2.14458417279e-12
4.40881763527 2.09001983905e-12
4.42885771543 2.03974274014e-12
4.44889779559 1.99102162265e-12
4.46893787575 1.94273917443e-12
4.48897795591 1.89448549634e-12
4.50901803607 1.84615922873e-12
4.52905811623 1.79826223244e-12
4.54909819639 1.75102486634e-12
4.56913827655 1.70602359515e-12
4.58917835671 1.66141678652e-12
4.60921843687 1.61719926588e-12
4.62925851703 1.57385254589e-12
4.64929859719 1.53101394276e-12
4.66933867735 1.48854434047e-12
4.68937875752 1.44866311823e-12
4.70941883768 1.41177970575e-12
4.72945891784 1.37520995281e-12
4.749498998 1.33858206645e-12
4.76953907816 1.29969199044e-12
4.78957915832 1.26112842793e-12
4.80961923848 1.22288727625e-12
4.82965931864 1.18850230478e-12
4.8496993988 1.15531201909e-12
4.86973947896 1.12239578987e-12
4.88977955912 1.09046667452e-12
4.90981963928 1.05962024141e-12
4.92985971944 1.02902538641e-12
4.9498997996 9.99083017615e-13
4.96993987976 9.71960290948e-13
4.98997995992 9.45056100933e-13
5.01002004008 9.1886209098e-13
5.03006012024 8.93334276248e-13
5.0501002004 8.68009682682e-13
5.07014028056 8.44210163502e-13
5.09018036072 8.20625803118e-13
5.11022044088 7.97226972067e-13
5.13026052104 7.74011485558e-13
5.1503006012 7.50977193044e-13
5.17034068136 7.29750287654e-13
5.19038076152 7.08792406067e-13
5.21042084168 6.87996203902e-13
5.23046092184 6.67359813961e-13
5.250501002 6.46881397748e-13
5.27054108216 6.28415625104e-13
5.29058116232 6.10297912243e-13
5.31062124248 5.9231731956e-13
5.33066132265 5.74472293395e-13
5.35070140281 5.56761303522e-13
5.37074148297 5.39691787692e-13
5.39078156313 5.2283302653e-13
5.41082164329 5.06099478145e-13
5.43086172345 4.89489750244e-13
5.45090180361 4.73002471143e-13
5.47094188377 4.58252303653e-13
5.49098196393 4.43967829935e-13
5.51102204409 4.29787513838e-13
5.53106212425 4.1571021823e-13
5.55110220441 4.01734822505e-13
5.57114228457 3.884488425e-13
5.59118236473 3.7542593699e-13
5.61122244489 3.62496284483e-13
5.63126252505 3.49658885164e-13
5.65130260521 3.36912753491e-13
5.67134268537 3.25327777552e-13
5.69138276553 3.14204675451e-13
5.71142284569 3.03159820327e-13
5.73146292585 2.9219238796e-13
5.75150300601 2.81301565693e-13
5.77154308617 2.70874293717e-13
5.79158316633 2.60687360941e-13
5.81162324649 2.50570846861e-13
5.83166332665 2.40524022573e-13
5.85170340681 2.30546169219e-13
5.87174348697 2.21110455996e-13
5.89178356713 2.11986114319e-13
5.91182364729 2.02923771799e-13
5.93186372745 1.93922797592e-13
5.95190380762 1.84982569405e-13
5.97194388778 1.7697743283e-13
5.99198396794 1.69569196153e-13
6.0120240481 1.62210457755e-13
6.03206412826 1.54900722337e-13
6.05210420842 1.47639501204e-13
6.07214428858 1.40789208517e-13
6.09218436874 1.34250593912e-13
6.1122244489 1.27754948021e-13
6.13226452906 1.21301847945e-13
6.15230460922 1.14890876328e-13
6.17234468938 1.08732213128e-13
6.19238476954 1.02795674345e-13
6.2124248497 9.68975153106e-14
6.23246492986 9.10373644086e-14
6.25250501002 8.52148548151e-14
6.27254509018 7.98730958012e-14
6.29258517034 7.50164846018e-14
6.3126252505 7.01907723946e-14
6.33266533066 6.53956647173e-14
6.35270541082 6.06308708471e-14
6.37274549098 5.62017969296e-14
6.39278557114 5.21662005334e-14
6.4128256513 4.81558777791e-14
6.43286573146 4.41705915584e-14
6.45290581162 4.02101077276e-14
6.47294589178 3.67274872791e-14
6.49298597194 3.39056073621e-14
6.5130260521 3.11011297463e-14
6.53306613226 2.83138936128e-14
6.55310621242 2.55437401249e-14
6.57314629259 2.31062463589e-14
6.59318637275 2.12111077637e-14
6.61322645291 1.93274812061e-14
6.63326653307 1.74552618437e-14
6.65330661323 1.5594346109e-14
6.67334669339 1.38073283022e-14
6.69338677355 1.21560614839e-14
6.71342685371 1.05146751085e-14
6.73346693387 8.88308053448e-15
6.75350701403 7.26119018196e-15
6.77354709419 5.81853715051e-15
6.79358717435 4.79265461283e-15
6.81362725451 3.77282223233e-15
6.83366733467 2.75898646569e-15
6.85370741483 1.75109440328e-15
6.87374749499 9.57107709043e-16
6.89378757515 7.81700419661e-16
6.91382765531 6.07318027817e-16
6.93386773547 4.33951445664e-16
6.95390781563 2.61591695417e-16
6.97394789579 1.22614340993e-16
6.99398797595 1.04381437996e-16
7.01402805611 8.62586784588e-17
7.03406813627 6.82449603809e-17
7.05410821643 5.03391986432e-17
7.07414829659 3.45620959396e-17
7.09418837675 2.86036448479e-17
7.11422845691 2.26838061138e-17
7.13426853707 1.68021173739e-17
7.15430861723 1.09581251752e-17
7.17434869739 5.88575223724e-18
7.19438877756 5.6903108772e-18
7.21442885772 5.50025293838e-18
7.23446893788 5.31541649314e-18
7.25450901804 5.13564459897e-18
7.2745490982 4.962713107e-18
7.29458917836 4.81375946737e-18
7.31462925852 4.66931196213e-18
7.33466933868 4.52923303172e-18
7.35470941884 4.39338936005e-18
7.374749499 4.26165174198e-18
7.39478957916 4.13389495505e-18
7.41482965932 4.00999763521e-18
7.43486973948 3.88984215651e-18
7.45490981964 3.77331451461e-18
7.4749498998 3.66030421392e-18
7.49498997996 3.55070415836e-18
7.51503006012 3.44441054554e-18
7.53507014028 3.34132276428e-18
7.55511022044 3.24134329535e-18
7.5751503006 3.14437761539e-18
7.59519038076 3.05033410379e-18
7.61523046092 2.95912395254e-18
7.63527054108 2.87066107891e-18
7.65531062124 2.78486204086e-18
7.6753507014 2.70164595518e-18
7.69539078156 2.62093441808e-18
7.71543086172 2.54265142836e-18
7.73547094188 2.46672331302e-18
7.75551102204 2.39307865509e-18
7.7755511022 2.32164822385e-18
7.79559118236 2.25236490711e-18
7.81563126253 2.18516364578e-18
7.83567134269 2.11998137028e-18
7.85571142285 2.05675693914e-18
7.87575150301 1.99543107937e-18
7.89579158317 1.93594632879e-18
7.91583166333 1.87824698011e-18
7.93587174349 1.82227902681e-18
7.95591182365 1.76799011062e-18
7.97595190381 1.71532947074e-18
7.99599198397 1.66424789461e-18
8.01603206413 1.61469767014e-18
8.03607214429 1.56663253958e-18
8.05611222445 1.52000765468e-18
8.07615230461 1.47477953334e-18
8.09619238477 1.43090601756e-18
8.11623246493 1.38834623275e-18
8.13627254509 1.34706054823e-18
8.15631262525 1.30701053904e-18
8.17635270541 1.26815894886e-18
8.19639278557 1.23046965416e-18
8.21643286573 1.19390762941e-18
8.23647294589 1.15843891337e-18
8.25651302605 1.12403057645e-18
8.27655310621 1.09065068909e-18
8.29659318637 1.05826829106e-18
8.31663326653 1.02685336181e-18
8.33667334669 9.96376791616e-19
8.35671342685 9.66810353759e-19
8.37675350701 9.38126677436e-19
8.39679358717 9.10299221591e-19
8.41683366733 8.83302249525e-19
8.43687374749 8.57110804295e-19
8.45691382766 8.31700684875e-19
8.47695390782 8.07048423053e-19
8.49699398798 7.8313126104e-19
8.51703406814 7.59927129774e-19
8.5370741483 7.37414627886e-19
8.55711422846 7.15573001327e-19
8.57715430862 6.94382123608e-19
8.59719438878 6.73822476661e-19
8.61723446894 6.53875132287e-19
8.6372745491 6.34521734171e-19
8.65731462926 6.15744480456e-19
8.67735470942 5.97526106849e-19
8.69739478958 5.79849870252e-19
8.71743486974 5.62699532888e-19
8.7374749499 5.46059346928e-19
8.75751503006 5.29914039577e-19
8.77755511022 5.14248798624e-19
8.79759519038 4.99049258442e-19
8.81763527054 4.84301486402e-19
8.8376753507 4.69991969723e-19
8.85771543086 4.56107602711e-19
8.87775551102 4.42635674393e-19
8.89779559118 4.29563856537e-19
8.91783567134 4.16880192029e-19
8.9378757515 4.04573083612e-19
8.95791583166 3.9263128297e-19
8.97795591182 3.81043880145e-19
8.99799599198 3.69800293274e-19
9.01803607214 3.58890258648e-19
9.0380761523 3.48303821071e-19
9.05811623246 3.38031324511e-19
9.07815631263 3.2806340304e-19
9.09819639279 3.18390972052e-19
9.11823647295 3.09005219747e-19
9.13827655311 2.99897598874e-19
9.15831663327 2.9105981873e-19
9.17835671343 2.82483837398e-19
9.19839679359 2.74161854229e-19
9.21843687375 2.66086302545e-19
9.23847695391 2.58249842569e-19
9.25851703407 2.50645354571e-19
9.27855711423 2.43265932224e-19
9.29859719439 2.36104876154e-19
9.31863727455 2.29155687698e-19
9.33867735471 2.22412062844e-19
9.35871743487 2.15867886359e-19
9.37875751503 2.09517226094e-19
9.39879759519 2.03354327465e-19
9.41883767535 1.97373608095e-19
9.43887775551 1.91569652627e-19
9.45891783567 1.85937207693e-19
9.47895791583 1.80471177027e-19
9.49899799599 1.75166616743e-19
9.51903807615 1.70018730737e-19
9.53907815631 1.65022866246e-19
9.55911823647 1.6017450953e-19
9.57915831663 1.55469281689e-19
9.59919839679 1.50902934609e-19
9.61923847695 1.46471347029e-19
9.63927855711 1.42170520724e-19
9.65931863727 1.37996576809e-19
9.67935871743 1.33945752152e-19
9.6993987976 1.30014395897e-19
9.71943887776 1.2619896609e-19
9.73947895792 1.22496026412e-19
9.75951903808 1.18902243003e-19
9.77955911824 1.15414381389e-19
9.7995991984 1.120293035e-19
9.81963927856 1.08743964776e-19
9.83967935872 1.05555411365e-19
9.85971943888 1.02460777401e-19
9.87975951904 9.94572823628e-20
9.8997995992 0.0
9.91983967936 0.0
9.93987975952 0.0
9.95991983968 0.0
9.97995991984 0.0
10.0 0.0
