0.0 0.0
0.0200400801603 0.0
0.0400801603206 0.0
0.060120240481 0.0
0.0801603206413 0.0
0.100200400802 0.0
0.120240480962 0.0
0.140280561122 0.0
0.160320641283 0.0
0.180360721443 0.0
0.200400801603 0.0
0.220440881764 0.0
0.240480961924 0.0
0.260521042084 9.16633304686e-11
0.280561122244 5.07819932969e-11
0.300601202405 4.38566702971e-11
0.320641282565 4.19267739021e-11
0.340681362725 4.21239318165e-11
0.360721442886 4.19186876562e-11
0.380761523046 4.19150487413e-11
0.400801603206 4.20677596033e-11
0.420841683367 4.23357434189e-11
0.440881763527 4.26690562127e-11
0.460921843687 4.30223130715e-11
0.480961923848 4.33539711941e-11
0.501002004008 4.36013947897e-11
0.521042084168 4.38547954406e-11
0.541082164329 4.41043546614e-11
0.561122244489 4.43359129779e-11
0.581162324649 4.45637421799e-11
0.60120240481 4.47863452925e-11
0.62124248497 4.49743854071e-11
0.64128256513 4.51390553303e-11
0.661322645291 4.53021432119e-11
0.681362725451 4.54017947125e-11
0.701402805611 4.53186028156e-11
0.721442885772 4.52470080578e-11
0.741482965932 4.51827364179e-11
0.761523046092 4.50652504632e-11
0.781563126253 4.49534902063e-11
0.801603206413 4.48538472606e-11
0.821643286573 4.45857632862e-11
0.841683366733 4.42129922282e-11
0.861723446894 4.38613897173e-11
0.881763527054 4.34338502838e-11
0.901803607214 4.27650747883e-11
0.921843687375 4.21297942849e-11
0.941883767535 4.15245133514e-11
0.961923847695 4.08056728072e-11
0.981963927856 4.01090094313e-11
1.00200400802 3.94452123646e-11
1.02204408818 3.88751112782e-11
1.04208416834 3.83712227173e-11
1.0621242485 3.78873887051e-11
1.08216432866 3.74051613509e-11
1.10220440882 3.69010780085e-11
1.12224448898 3.64167123325e-11
1.14228456914 3.59546130524e-11
1.1623246493 3.53554300281e-11
1.18236472946 3.4768188249e-11
1.20240480962 3.42019137041e-11
1.22244488978 3.36440060864e-11
1.24248496994 3.30980635758e-11
1.2625250501 3.25704093107e-11
1.28256513026 3.20674510231e-11
1.30260521042 3.16002776768e-11
1.32264529058 3.11481216287e-11
1.34268537074 3.07101871876e-11
1.3627254509 3.03370978874e-11
1.38276553106 2.99781650844e-11
1.40280561122 2.96294473778e-11
1.42284569138 2.92527745703e-11
1.44288577154 2.88640868323e-11
1.4629258517 2.84864312119e-11
1.48296593186 2.81243706066e-11
1.50300601202 2.7785075625e-11
1.52304609218 2.74551192763e-11
1.54308617234 2.71359577008e-11
1.56312625251 2.67638851241e-11
1.58316633267 2.639903409e-11
1.60320641283 2.60436707165e-11
1.62324649299 2.56985822715e-11
1.64328657315 2.53628967298e-11
1.66332665331 2.50353702782e-11
1.68336673347 2.47295687973e-11
1.70340681363 2.44638795269e-11
1.72344689379 2.42045875217e-11
1.74348697395 2.39513195946e-11
1.76352705411 2.3562344215e-11
1.78356713427 2.31779782502e-11
1.80360721443 2.28024046783e-11
1.82364729459 2.24807029588e-11
1.84368737475 2.2191458291e-11
1.86372745491 2.19086055023e-11
1.88376753507 2.16709901396e-11
1.90380761523 2.15245647681e-11
1.92384769539 2.13812889685e-11
1.94388777555 2.12410613813e-11
1.96392785571 2.09548223557e-11
1.98396793587 2.06714919139e-11
2.00400801603 2.03914656316e-11
2.02404809619 2.01283215173e-11
2.04408817635 1.98710088586e-11
2.06412825651 1.96188199244e-11
2.08416833667 1.9372636665e-11
2.10420841683 1.91334329621e-11
2.12424849699 1.8898851954e-11
2.14428857715 1.86687600296e-11
2.16432865731 1.84332190284e-11
2.18436873747 1.82020026154e-11
2.20440881764 1.79750834193e-11
2.2244488978 1.77233139957e-11
2.24448897796 1.74613430014e-11
2.26452905812 1.7204099985e-11
2.28456913828 1.69470345401e-11
2.30460921844 1.66856459511e-11
2.3246492986 1.64288467414e-11
2.34468937876 1.6176550097e-11
2.36472945892 1.59788804178e-11
2.38476953908 1.57845956296e-11
2.40480961924 1.55936090317e-11
2.4248496994 1.54005226267e-11
2.44488977956 1.52080711454e-11
2.46492985972 1.50188033712e-11
2.48496993988 1.48080985917e-11
2.50501002004 1.45537507824e-11
2.5250501002 1.43035000468e-11
2.54509018036 1.40583317248e-11
2.56513026052 1.39137474458e-11
2.58517034068 1.37714427494e-11
2.60521042084 1.36313638666e-11
2.625250501 1.3441844053e-11
2.64529058116 1.3231256345e-11
2.66533066132 1.30238782949e-11
2.68537074148 1.28212525434e-11
2.70541082164 1.26246305719e-11
2.7254509018 1.24309377246e-11
2.74549098196 1.22407055392e-11
2.76553106212 1.20804411348e-11
2.78557114228 1.1922512882e-11
2.80561122244 1.17668698343e-11
2.82565130261 1.15525998318e-11
2.84569138277 1.13144150373e-11
2.86573146293 1.10795972685e-11
2.88577154309 1.08791436638e-11
2.90581162325 1.07359639838e-11
2.92585170341 1.05947687591e-11
2.94589178357 1.04542396498e-11
2.96593186373 1.02768473807e-11
2.98597194389 1.01018609371e-11
3.00601202405 9.92923150712e-12
3.02605210421 9.75621788587e-12
3.04609218437 9.5843661662e-12
3.06613226453 9.41478270142e-12
3.08617234469 9.2509781745e-12
3.10621242485 9.09527326213e-12
3.12625250501 8.94158343418e-12
3.14629258517 8.79046112238e-12
3.16633266533 8.65467187916e-12
3.18637274549 8.52060658486e-12
3.20641282565 8.38823249237e-12
3.22645290581 8.23143188025e-12
3.24649298597 8.06610350927e-12
3.26653306613 7.9028203694e-12
3.28657314629 7.73553647253e-12
3.30661322645 7.56064500238e-12
3.32665330661 7.38787687261e-12
3.34669338677 7.21926251916e-12
3.36673346693 7.0899058046e-12
3.38677354709 6.96209199602e-12
3.40681362725 6.83579355863e-12
3.42685370741 6.70448348608e-12
3.44689378758 6.57222909115e-12
3.46693386774 6.44151483414e-12
3.4869739479 6.31447886451e-12
3.50701402806 6.19223584259e-12
3.52705410822 6.07139180666e-12
3.54709418838 5.95101100101e-12
3.56713426854 5.81843341526e-12
3.5871743487 5.68734695982e-12
3.60721442886 5.55772654274e-12
3.62725450902 5.43566828541e-12
3.64729458918 5.31717952417e-12
3.66733466934 5.19999398085e-12
3.6873747495 5.08792286321e-12
3.70741482966 4.98272004665e-12
3.72745490982 4.87865551898e-12
3.74749498998 4.77601831702e-12
3.76753507014 4.67836244052e-12
3.7875751503 4.58174623718e-12
3.80761523046 4.48615314433e-12
3.82765531062 4.37883459185e-12
3.84769539078 4.26826212658e-12
3.86773547094 4.15884185133e-12
3.8877755511 4.05672909852e-12
3.90781563126 3.96438984043e-12
3.92785571142 3.87299801887e-12
3.94789579158 3.78317863999e-12
3.96793587174 3.70126942354e-12
3.9879759519 3.62018787848e-12
4.00801603206 3.53992148937e-12
4.02805611222 3.45286848942e-12
4.04809619238 3.36421078965e-12
4.06813627255 3.27643094796e-12
4.08817635271 3.19535355802e-12
4.10821643287 3.12297642454e-12
4.12825651303 3.05130551055e-12
4.14829659319 2.98006578367e-12
4.16833667335 2.90696581697e-12
4.18837675351 2.83456872596e-12
4.20841683367 2.76286439688e-12
4.22845691383 2.69682558867e-12
4.24849699399 2.63294631479e-12
4.26853707415 2.56966964416e-12
4.28857715431 2.50546336505e-12
4.30861723447 2.43987845448e-12
4.32865731463 2.37490350981e-12
4.34869739479 2.31124304395e-12
4.36873747495 2.25428239446e-12
4.38877755511 2.19784421803e-12
4.40881763527 2.14192134216e-12
4.42885771543 2.0903924002e-12
4.44889779559 2.0404582833e-12
4.46893787575 1.99097392149e-12
4.48897795591 1.94151923145e-12
4.50901803607 1.89199033312e-12
4.52905811623 1.84290154465e-12
4.54909819639 1.79448893868e-12
4.56913827655 1.74836811005e-12
4.58917835671 1.70265169671e-12
4.60921843687 1.65733439092e-12
4.62925851703 1.61290965239e-12
4.64929859719 1.56900578916e-12
4.66933867735 1.52548022776e-12
4.68937875752 1.484607421e-12
4.70941883768 1.44680694551e-12
4.72945891784 1.40932803197e-12
4.749498998 1.37178965889e-12
4.76953907816 1.33193308265e-12
4.78957915832 1.29241123905e-12
4.80961923848 1.25321992026e-12
4.82965931864 1.21798055611e-12
4.8496993988 1.1839656141e-12
4.86973947896 1.15023162258e-12
4.88977955912 1.11750932272e-12
4.90981963928 1.08589664799e-12
4.92985971944 1.0545418764e-12
4.9498997996 1.02385585622e-12
4.96993987976 9.96059482719e-13
4.98997995992 9.68487137741e-13
5.01002004008 9.416426538e-13
5.03006012024 9.15480951832e-13
5.0501002004 8.89527575282e-13
5.07014028056 8.65137148613e-13
5.09018036072 8.40967274582e-13
5.11022044088 8.16987587507e-13
5.13026052104 7.93195846893e-13
5.1503006012 7.69589847379e-13
5.17034068136 7.47836090518e-13
5.19038076152 7.26358075335e-13
5.21042084168 7.05045795212e-13
5.23046092184 6.83897335414e-13
5.250501002 6.62910810652e-13
5.27054108216 6.43986853574e-13
5.29058116232 6.25419622297e-13
5.31062124248 6.06992948301e-13
5.33066132265 5.88705238426e-13
5.35070140281 5.7055492355e-13
5.37074148297 5.53062013813e-13
5.39078156313 5.35785115495e-13
5.41082164329 5.18636566186e-13
5.43086172345 5.01614938241e-13
5.45090180361 4.84718825156e-13
5.47094188377 4.69602889936e-13
5.49098196393 4.54964213237e-13
5.51102204409 4.40432301356e-13
5.53106212425 4.26005988323e-13
5.55110220441 4.11684125121e-13
5.57114228457 3.98068779331e-13
5.59118236473 3.84723047807e-13
5.61122244489 3.71472901975e-13
5.63126252505 3.58317316696e-13
5.65130260521 3.45255281469e-13
5.67134268537 3.33383179958e-13
5.69138276553 3.21984409845e-13
5.71142284569 3.10665842873e-13
5.73146292585 2.99426633971e-13
5.75150300601 2.88265949923e-13
5.77154308617 2.77580311711e-13
5.79158316633 2.67140980096e-13
5.81162324649 2.56773826578e-13
5.83166332665 2.46478103829e-13
5.85170340681 2.36253074827e-13
5.87174348697 2.26583623068e-13
5.89178356713 2.1723326544e-13
5.91182364729 2.07946455131e-13
5.93186372745 1.98722545371e-13
5.95190380762 1.89560898156e-13
5.97194388778 1.81357502698e-13
5.99198396794 1.73765793722e-13
6.0120240481 1.66224818394e-13
6.03206412826 1.58734068923e-13
6.05210420842 1.51293044288e-13
6.07214428858 1.44273128594e-13
6.09218436874 1.37572614066e-13
6.1122244489 1.30916140109e-13
6.13226452906 1.24303273167e-13
6.15230460922 1.17733585367e-13
6.17234468938 1.11422458025e-13
6.19238476954 1.05338959603e-13
6.2124248497 9.92947978403e-14
6.23246492986 9.32895917634e-14
6.25250501002 8.73229653147e-14
6.27254509018 8.18489923748e-14
6.29258517034 7.68721780679e-14
6.3126252505 7.19270327723e-14
6.33266533066 6.70132546193e-14
6.35270541082 6.21305455746e-14
6.37274549098 5.75918680956e-14
6.39278557114 5.34564081518e-14
6.4128256513 4.93468513826e-14
6.43286573146 4.52629547213e-14
6.45290581162 4.12044781413e-14
6.47294589178 3.76356910602e-14
6.49298597194 3.47439940246e-14
6.5130260521 3.18701325221e-14
6.53306613226 2.90139416981e-14
6.55310621242 2.61752587298e-14
6.57314629259 2.36774670524e-14
6.59318637275 2.17354487058e-14
6.61322645291 1.98052288147e-14
6.63326653307 1.78866999099e-14
6.65330661323 1.59797558289e-14
6.67334669339 1.41485390774e-14
6.69338677355 1.24564324681e-14
6.71342685371 1.07744520239e-14
6.73346693387 9.10250688397e-15
6.75350701403 7.44050727585e-15
6.77354709419 5.96217918863e-15
6.79358717435 4.91093013011e-15
6.81362725451 3.86588156954e-15
6.83366733467 2.82697862615e-15
6.85370741483 1.79416706871e-15
6.87374749499 9.8055141631e-16
6.89378757515 8.00812784412e-16
6.91382765531 6.22124343802e-16
6.93386773547 4.44476784919e-16
6.95390781563 2.67860910854e-16
6.97394789579 1.25452862527e-16
6.99398797595 1.06774886173e-16
7.01402805611 8.82096152768e-17
7.03406813627 6.9755925688e-17
7.05410821643 5.14127103944e-17
7.07414829659 3.52506400954e-17
7.09418837675 2.91498466742e-17
7.11422845691 2.30884735846e-17
7.13426853707 1.70660515678e-17
7.15430861723 1.10821203538e-17
7.17434869739 5.88875219875e-18
7.19438877756 5.69275958864e-18
7.21442885772 5.50215390461e-18
7.23446893788 5.31677317545e-18
7.25450901804 5.13646041605e-18
7.2745490982 4.96303909862e-18
7.29458917836 4.81407393741e-18
7.31462925852 4.6696153247e-18
7.33466933868 4.52952568576e-18
7.35470941884 4.39367168991e-18
7.374749499 4.26192411796e-18
7.39478957916 4.13415773393e-18
7.41482965932 4.01025116074e-18
7.43486973948 3.89008675991e-18
7.45490981964 3.77355051504e-18
7.4749498998 3.6605319189e-18
7.49498997996 3.55092386423e-18
7.51503006012 3.44462253787e-18
7.53507014028 3.34152731825e-18
7.55511022044 3.24154067617e-18
7.5751503006 3.14456807863e-18
7.59519038076 3.05051789576e-18
7.61523046092 2.95930131063e-18
7.63527054108 2.87083223191e-18
7.65531062124 2.78502720929e-18
7.6753507014 2.70180535159e-18
7.69539078156 2.62108824732e-18
7.71543086172 2.54279988792e-18
7.73547094188 2.46686659324e-18
7.75551102204 2.39321693945e-18
7.7755511022 2.32178168923e-18
7.79559118236 2.25249372402e-18
7.81563126253 2.18528797859e-18
7.83567134269 2.12010137747e-18
7.85571142285 2.05687277346e-18
7.87575150301 1.99554288812e-18
7.89579158317 1.93605425397e-18
7.91583166333 1.87835115864e-18
7.93587174349 1.82237959068e-18
7.95591182365 1.76808718711e-18
7.97595190381 1.71542318259e-18
7.99599198397 1.66433836014e-18
8.01603206413 1.61478500347e-18
8.03607214429 1.56671685073e-18
8.05611222445 1.52008904977e-18
8.07615230461 1.47485811468e-18
8.09619238477 1.43098188383e-18
8.11623246493 1.38841947911e-18
8.13627254509 1.34713126644e-18
8.15631262525 1.30707881761e-18
8.17635270541 1.26822487316e-18
8.19639278557 1.23053330651e-18
8.21643286573 1.19396908921e-18
8.23647294589 1.15849825721e-18
8.25651302605 1.1240878782e-18
8.27655310621 1.09070602e-18
8.29659318637 1.05832171986e-18
8.31663326653 1.02690495479e-18
8.33667334669 9.96426612727e-19
8.35671342685 9.66858464689e-19
8.37675350701 9.38173137693e-19
8.39679358717 9.10344088582e-19
8.41683366733 8.8334557863e-19
8.43687374749 8.57152648941e-19
8.45691382766 8.31741096606e-19
8.47695390782 8.07087451596e-19
8.49699398798 7.83168954371e-19
8.51703406814 7.59963534182e-19
8.5370741483 7.37449788031e-19
8.55711422846 7.15606960299e-19
8.57715430862 6.94414922983e-19
8.59719438878 6.73854156557e-19
8.61723446894 6.53905731413e-19
8.6372745491 6.34551289879e-19
8.65731462926 6.15773028787e-19
8.67735470942 5.97553682584e-19
8.69739478958 5.79876506952e-19
8.71743486974 5.62725262942e-19
8.7374749499 5.4608420159e-19
8.75751503006 5.29938049009e-19
8.77755511022 5.14271991936e-19
8.79759519038 4.99071663726e-19
8.81763527054 4.84323130771e-19
8.8376753507 4.70012879343e-19
8.85771543086 4.56127802835e-19
8.87775551102 4.42655189397e-19
8.89779559118 4.29582709947e-19
8.91783567134 4.16898406552e-19
8.9378757515 4.04590681165e-19
8.95791583166 3.92648284709e-19
8.97795591182 3.81060306488e-19
8.99799599198 3.69816163934e-19
9.01803607214 3.58905592652e-19
9.0380761523 3.48318636785e-19
9.05811623246 3.38045639665e-19
9.07815631263 3.28077234749e-19
9.09819639279 3.18404336839e-19
9.11823647295 3.09018133562e-19
9.13827655311 2.99910077115e-19
9.15831663327 2.91071876263e-19
9.17835671343 2.82495488576e-19
9.19839679359 2.74173112908e-19
9.21843687375 2.66097182102e-19
9.23847695391 2.5826035592e-19
9.25851703407 2.50655514187e-19
9.27855711423 2.43275750144e-19
9.29859719439 2.36114364004e-19
9.31863727455 2.29164856702e-19
9.33867735471 2.22420923841e-19
9.35871743487 2.15876449814e-19
9.37875751503 2.09525502112e-19
9.39879759519 2.03362325804e-19
9.41883767535 1.97381338177e-19
9.43887775551 1.91577123551e-19
9.45891783567 1.85944428245e-19
9.47895791583 1.80478155693e-19
9.49899799599 1.75173361716e-19
9.51903807615 1.7002524993e-19
9.53907815631 1.650291673e-19
9.55911823647 1.60180599825e-19
9.57915831663 1.55475168353e-19
9.59919839679 1.50908624526e-19
9.61923847695 1.46476846845e-19
9.63927855711 1.42175836861e-19
9.65931863727 1.38001715467e-19
9.67935871743 1.33950719321e-19
9.6993987976 1.30019197362e-19
9.71943887776 1.26203607439e-19
9.73947895792 1.22500513041e-19
9.75951903808 1.18906580124e-19
9.77955911824 1.15418574038e-19
9.7995991984 1.12033356541e-19
9.81963927856 1.08747882907e-19
9.83967935872 1.05559199124e-19
9.85971943888 1.02464439171e-19
9.87975951904 9.94608223789e-20
9.8997995992 0.0
9.91983967936 0.0
9.93987975952 0.0
9.95991983968 0.0
9.97995991984 0.0
10.0 0.0
