0.0 0.0
0.0200400801603 0.0
0.0400801603206 0.0
0.060120240481 0.0
0.0801603206413 0.0
0.100200400802 0.0
0.120240480962 0.0
0.140280561122 0.0
0.160320641283 0.0
0.180360721443 0.0
0.200400801603 0.0
0.220440881764 0.0
0.240480961924 0.0
0.260521042084 0.0
0.280561122244 1.08049997194e-10
0.300601202405 5.81295055572e-11
0.320641282565 4.99665303387e-11
0.340681362725 4.78394707284e-11
0.360721442886 4.63145232775e-11
0.380761523046 4.54961024187e-11
0.400801603206 4.51013255923e-11
0.420841683367 4.49790520285e-11
0.440881763527 4.50207714941e-11
0.460921843687 4.51475134622e-11
0.480961923848 4.52971413406e-11
0.501002004008 4.53927105527e-11
0.521042084168 4.55204849043e-11
0.541082164329 4.56644446665e-11
0.561122244489 4.580569617e-11
0.581162324649 4.59559198376e-11
0.60120240481 4.61112267758e-11
0.62124248497 4.62396313733e-11
0.64128256513 4.63513086121e-11
0.661322645291 4.6467524911e-11
0.681362725451 4.65239479951e-11
0.701402805611 4.63977575685e-11
0.721442885772 4.62876849032e-11
0.741482965932 4.61887921834e-11
0.761523046092 4.60387137152e-11
0.781563126253 4.58973280616e-11
0.801603206413 4.57707819966e-11
0.821643286573 4.54746082818e-11
0.841683366733 4.50738095821e-11
0.861723446894 4.46965537435e-11
0.881763527054 4.42436961085e-11
0.901803607214 4.35467926892e-11
0.921843687375 4.28855976596e-11
0.941883767535 4.22563724362e-11
0.961923847695 4.15128884632e-11
0.981963927856 4.07931755651e-11
1.00200400802 4.01079537128e-11
1.02204408818 3.951894781e-11
1.04208416834 3.89980879154e-11
1.0621242485 3.84983670972e-11
1.08216432866 3.80009870491e-11
1.10220440882 3.74820256865e-11
1.12224448898 3.69836668544e-11
1.14228456914 3.65084018695e-11
1.1623246493 3.58944356309e-11
1.18236472946 3.52930747243e-11
1.20240480962 3.47134397017e-11
1.22244488978 3.41427018544e-11
1.24248496994 3.35844795666e-11
1.2625250501 3.30451595138e-11
1.28256513026 3.25312148808e-11
1.30260521042 3.20538592708e-11
1.32264529058 3.15919978997e-11
1.34268537074 3.11448027894e-11
1.3627254509 3.07635900671e-11
1.38276553106 3.03969297717e-11
1.40280561122 3.00408165323e-11
1.42284569138 2.96565354249e-11
1.44288577154 2.92602378874e-11
1.4629258517 2.88752805571e-11
1.48296593186 2.85062787852e-11
1.50300601202 2.8160484877e-11
1.52304609218 2.7824278763e-11
1.54308617234 2.74991068732e-11
1.56312625251 2.71204252984e-11
1.58316633267 2.67491694641e-11
1.60320641283 2.63876282036e-11
1.62324649299 2.60365922126e-11
1.64328657315 2.56951714433e-11
1.66332665331 2.53621021987e-11
1.68336673347 2.50511244421e-11
1.70340681363 2.47808514643e-11
1.72344689379 2.45171232549e-11
1.74348697395 2.42595593486e-11
1.76352705411 2.38646019595e-11
1.78356713427 2.34743786429e-11
1.80360721443 2.30931219182e-11
1.82364729459 2.27664812149e-11
1.84368737475 2.24727613314e-11
1.86372745491 2.2185561288e-11
1.88376753507 2.19442142344e-11
1.90380761523 2.17952448741e-11
1.92384769539 2.16494964878e-11
1.94388777555 2.15068647548e-11
1.96392785571 2.12164252893e-11
1.98396793587 2.09289666633e-11
2.00400801603 2.06449152293e-11
2.02404809619 2.03779293327e-11
2.04408817635 2.01169071592e-11
2.06412825651 1.98611006331e-11
2.08416833667 1.96114010179e-11
2.10420841683 1.9368792637e-11
2.12424849699 1.91308881244e-11
2.14428857715 1.88975509328e-11
2.16432865731 1.86587199843e-11
2.18436873747 1.84242878963e-11
2.20440881764 1.81942258534e-11
2.2244488978 1.79390302724e-11
2.24448897796 1.76735287068e-11
2.26452905812 1.74128318376e-11
2.28456913828 1.71523330887e-11
2.30460921844 1.68874765563e-11
2.3246492986 1.66272820734e-11
2.34468937876 1.63716609031e-11
2.36472945892 1.61713408237e-11
2.38476953908 1.59744596577e-11
2.40480961924 1.5780929024e-11
2.4248496994 1.55852855115e-11
2.44488977956 1.53902963111e-11
2.46492985972 1.51985402906e-11
2.48496993988 1.49851017084e-11
2.50501002004 1.47275097772e-11
2.5250501002 1.44740757315e-11
2.54509018036 1.42257960837e-11
2.56513026052 1.40793089887e-11
2.58517034068 1.39351365187e-11
2.60521042084 1.37932239199e-11
2.625250501 1.36012908826e-11
2.64529058116 1.33880484055e-11
2.66533066132 1.31780620901e-11
2.68537074148 1.29728924486e-11
2.70541082164 1.2773805338e-11
2.7254509018 1.25776893416e-11
2.74549098196 1.23850819425e-11
2.76553106212 1.22228024639e-11
2.78557114228 1.20628926341e-11
2.80561122244 1.19053006531e-11
2.82565130261 1.16883977587e-11
2.84569138277 1.14473055347e-11
2.86573146293 1.12096266065e-11
2.88577154309 1.10067214859e-11
2.90581162325 1.08617673904e-11
2.92585170341 1.07188254769e-11
2.94589178357 1.05765617905e-11
2.96593186373 1.03970079169e-11
2.98597194389 1.02198926591e-11
3.00601202405 1.00451664415e-11
3.02605210421 9.87005587588e-12
3.04609218437 9.69612497639e-12
3.06613226453 9.52449284789e-12
3.08617234469 9.35871090776e-12
3.10621242485 9.20112661473e-12
3.12625250501 9.04558436275e-12
3.14629258517 8.89264286804e-12
3.16633266533 8.75521589323e-12
3.18637274549 8.6195358498e-12
3.20641282565 8.4855694962e-12
3.22645290581 8.32689599394e-12
3.24649298597 8.15959884995e-12
3.26653306613 7.99437366462e-12
3.28657314629 7.82510430289e-12
3.30661322645 7.64814218978e-12
3.32665330661 7.47333089201e-12
3.34669338677 7.30272421383e-12
3.36673346693 7.17183163947e-12
3.38677354709 7.04250196895e-12
3.40681362725 6.91470726845e-12
3.42685370741 6.7818451165e-12
3.44689378758 6.64802977987e-12
3.46693386774 6.51577433293e-12
3.4869739479 6.38724149704e-12
3.50701402806 6.26355867118e-12
3.52705410822 6.14129268978e-12
3.54709418838 6.01949696164e-12
3.56713426854 5.8853657527e-12
3.5871743487 5.75274454566e-12
3.60721442886 5.62160789749e-12
3.62725450902 5.49812193054e-12
3.64729458918 5.37824797145e-12
3.66733466934 5.25969363319e-12
3.6873747495 5.14631382294e-12
3.70741482966 5.03988244341e-12
3.72745490982 4.93460363607e-12
3.74749498998 4.83076970932e-12
3.76753507014 4.73197535623e-12
3.7875751503 4.63423367191e-12
3.80761523046 4.53752786685e-12
3.82765531062 4.42896335394e-12
3.84769539078 4.31710876532e-12
3.86773547094 4.20642063592e-12
3.8877755511 4.10312467447e-12
3.90781563126 4.00971494972e-12
3.92785571142 3.91726437496e-12
3.94789579158 3.82640506969e-12
3.96793587174 3.74354712759e-12
3.9879759519 3.66152706381e-12
4.00801603206 3.58033219518e-12
4.02805611222 3.49227395706e-12
4.04809619238 3.4025934464e-12
4.06813627255 3.31380154287e-12
4.08817635271 3.23178924683e-12
4.10821643287 3.15857706361e-12
4.12825651303 3.08607973754e-12
4.14829659319 3.01401908316e-12
4.16833667335 2.94007755166e-12
4.18837675351 2.86684745727e-12
4.20841683367 2.79431855333e-12
4.22845691383 2.72752019214e-12
4.24849699399 2.6629064254e-12
4.26853707415 2.59890257847e-12
4.28857715431 2.53395899526e-12
4.30861723447 2.46762154461e-12
4.32865731463 2.40190143696e-12
4.34869739479 2.33751118017e-12
4.36873747495 2.27989729743e-12
4.38877755511 2.22281219555e-12
4.40881763527 2.1662486092e-12
4.42885771543 2.11412921196e-12
4.44889779559 2.06362307174e-12
4.46893787575 2.01357210121e-12
4.48897795591 1.96355143978e-12
4.50901803607 1.9134560226e-12
4.52905811623 1.86380599776e-12
4.54909819639 1.81484010708e-12
4.56913827655 1.76819225747e-12
4.58917835671 1.72195366629e-12
4.60921843687 1.67611895807e-12
4.62925851703 1.63118717806e-12
4.64929859719 1.58678241191e-12
4.66933867735 1.54276046305e-12
4.68937875752 1.50142154194e-12
4.70941883768 1.4631899564e-12
4.72945891784 1.42528376586e-12
4.749498998 1.38731762958e-12
4.76953907816 1.34700723302e-12
4.78957915832 1.30703554707e-12
4.80961923848 1.26739831086e-12
4.82965931864 1.23175792055e-12
4.8496993988 1.19735596465e-12
4.86973947896 1.16323829113e-12
4.88977955912 1.13014390006e-12
4.90981963928 1.09817182391e-12
4.92985971944 1.06646070391e-12
4.9498997996 1.03542602817e-12
4.96993987976 1.00731378391e-12
4.98997995992 9.79428216605e-13
5.01002004008 9.52278847526e-13
5.03006012024 9.258200827e-13
5.0501002004 8.99572101748e-13
5.07014028056 8.74904823023e-13
5.09018036072 8.50460683322e-13
5.11022044088 8.26208971446e-13
5.13026052104 8.02147419096e-13
5.1503006012 7.78273793573e-13
5.17034068136 7.56273399177e-13
5.19038076152 7.3455193773e-13
5.21042084168 7.12998159005e-13
5.23046092184 6.91610124613e-13
5.250501002 6.70385926001e-13
5.27054108216 6.51247626553e-13
5.29058116232 6.32470140503e-13
5.31062124248 6.13834859688e-13
5.33066132265 5.9534017135e-13
5.35070140281 5.76984487081e-13
5.37074148297 5.59293675684e-13
5.39078156313 5.41821366102e-13
5.41082164329 5.24478906463e-13
5.43086172345 5.07264851635e-13
5.45090180361 4.90177777904e-13
5.47094188377 4.74890982852e-13
5.49098196393 4.60086866683e-13
5.51102204409 4.45390761335e-13
5.53106212425 4.30801486608e-13
5.55110220441 4.16317879476e-13
5.57114228457 4.02548783496e-13
5.59118236473 3.89052374901e-13
5.61122244489 3.75652665045e-13
5.63126252505 3.62348616326e-13
5.65130260521 3.4913920597e-13
5.67134268537 3.37133151267e-13
5.69138276553 3.25605784103e-13
5.71142284569 3.14159552244e-13
5.73146292585 3.0279360038e-13
5.75150300601 2.91507085209e-13
5.77154308617 2.80700985661e-13
5.79158316633 2.70143988695e-13
5.81162324649 2.59660007011e-13
5.83166332665 2.49248284258e-13
5.85170340681 2.38908074522e-13
5.87174348697 2.29129710288e-13
5.89178356713 2.19674048747e-13
5.91182364729 2.10282670211e-13
5.93186372745 2.00954920127e-13
5.95190380762 1.9169015282e-13
5.97194388778 1.83394422333e-13
5.99198396794 1.75717267317e-13
6.0120240481 1.68091432366e-13
6.03206412826 1.60516403596e-13
6.05210420842 1.52991673979e-13
6.07214428858 1.45892797451e-13
6.09218436874 1.39116922844e-13
6.1122244489 1.32385596998e-13
6.13226452906 1.2569838117e-13
6.15230460922 1.19054842373e-13
6.17234468938 1.12672779083e-13
6.19238476954 1.0652091172e-13
6.2124248497 1.00408834164e-13
6.23246492986 9.4336160896e-14
6.25250501002 8.83025113763e-14
6.27254509018 8.27670537754e-14
6.29258517034 7.77343423222e-14
6.3126252505 7.27336641505e-14
6.33266533066 6.77647138011e-14
6.35270541082 6.28271896968e-14
6.37274549098 5.8237564092e-14
6.39278557114 5.40556857291e-14
6.4128256513 4.99000080478e-14
6.43286573146 4.5770285098e-14
6.45290581162 4.16662740074e-14
6.47294589178 3.80574491114e-14
6.49298597194 3.51333105636e-14
6.5130260521 3.22272121138e-14
6.53306613226 2.93389869573e-14
6.55310621242 2.64684703464e-14
6.57314629259 2.39426699148e-14
6.59318637275 2.19788749862e-14
6.61322645291 2.00270136466e-14
6.63326653307 1.80869771594e-14
6.65330661323 1.61586581108e-14
6.67334669339 1.43069175804e-14
6.69338677355 1.25958482597e-14
6.71342685371 1.08950209255e-14
6.73346693387 9.2043436478e-15
6.75350701403 7.52372559864e-15
6.77354709419 6.02883847928e-15
6.79358717435 4.96581542795e-15
6.81362725451 3.9090636786e-15
6.83366733467 2.85852770724e-15
6.85370741483 1.81415264724e-15
6.87374749499 9.91429075246e-16
6.89378757515 8.0968047813e-16
6.91382765531 6.28993977596e-16
6.93386773547 4.49360157553e-16
6.95390781563 2.70769715843e-16
6.97394789579 1.26770149499e-16
6.99398797595 1.0788565359e-16
7.01402805611 8.91150690352e-17
7.03406813627 7.04572610286e-17
7.05410821643 5.19111120295e-17
7.07414829659 3.55704662291e-17
7.09418837675 2.94036307682e-17
7.11422845691 2.32765960811e-17
7.13426853707 1.71888895812e-17
7.15430861723 1.11400477103e-17
7.17434869739 5.89055829801e-18
7.19438877756 5.69429532882e-18
7.21442885772 5.50342146011e-18
7.23446893788 5.31777468057e-18
7.25450901804 5.13719796618e-18
7.2745490982 4.96353684798e-18
7.29458917836 4.81455409408e-18
7.31462925852 4.67007852101e-18
7.33466933868 4.52997253089e-18
7.35470941884 4.39410277077e-18
7.374749499 4.26233999999e-18
7.39478957916 4.13455896193e-18
7.41482965932 4.01063825962e-18
7.43486973948 3.89046023544e-18
7.45490981964 3.77391085455e-18
7.4749498998 3.66087959199e-18
7.49498997996 3.5512593234e-18
7.51503006012 3.44494621916e-18
7.53507014028 3.34183964188e-18
7.55511022044 3.24184204708e-18
7.5751503006 3.14485888708e-18
7.59519038076 3.05079851785e-18
7.61523046092 2.95957210885e-18
7.63527054108 2.87109355561e-18
7.65531062124 2.7852793952e-18
7.6753507014 2.70204872424e-18
7.69539078156 2.62132311955e-18
7.71543086172 2.54302656124e-18
7.73547094188 2.46708535831e-18
7.75551102204 2.39342807645e-18
7.7755511022 2.32198546822e-18
7.79559118236 2.25269040537e-18
7.81563126253 2.18547781328e-18
7.83567134269 2.12028460746e-18
7.85571142285 2.05704963204e-18
7.87575150301 1.99571360017e-18
7.89579158317 1.93621903632e-18
7.91583166333 1.87851022034e-18
7.93587174349 1.8225331333e-18
7.95591182365 1.768235405e-18
7.97595190381 1.71556626313e-18
7.99599198397 1.66447648402e-18
8.01603206413 1.61491834492e-18
8.03607214429 1.56684557777e-18
8.05611222445 1.5202133244e-18
8.07615230461 1.47497809314e-18
8.09619238477 1.43109771679e-18
8.11623246493 1.38853131185e-18
8.13627254509 1.34723923911e-18
8.15631262525 1.30718306534e-18
8.17635270541 1.26832552627e-18
8.19639278557 1.23063049072e-18
8.21643286573 1.19406292576e-18
8.23647294589 1.15858886304e-18
8.25651302605 1.1241753661e-18
8.27655310621 1.09079049875e-18
8.29659318637 1.05840329441e-18
8.31663326653 1.02698372635e-18
8.33667334669 9.96502678953e-19
8.35671342685 9.66931919766e-19
8.37675350701 9.38244072483e-19
8.39679358717 9.10412590736e-19
8.41683366733 8.83411732708e-19
8.43687374749 8.57216536517e-19
8.45691382766 8.31802796381e-19
8.47695390782 8.07147039496e-19
8.49699398798 7.83226503652e-19
8.51703406814 7.60019115517e-19
8.5370741483 7.37503469611e-19
8.55711422846 7.15658807916e-19
8.57715430862 6.94465000119e-19
8.59719438878 6.73902524464e-19
8.61723446894 6.53952449194e-19
8.6372745491 6.34596414564e-19
8.65731462926 6.15816615407e-19
8.67735470942 5.97595784243e-19
8.69739478958 5.79917174893e-19
8.71743486974 5.62764546616e-19
8.7374749499 5.46122148719e-19
8.75751503006 5.29974705646e-19
8.77755511022 5.14307402526e-19
8.79759519038 4.9910587116e-19
8.81763527054 4.84356176446e-19
8.8376753507 4.7004480321e-19
8.85771543086 4.56158643455e-19
8.87775551102 4.42684983985e-19
8.89779559118 4.29611494422e-19
8.91783567134 4.16926215583e-19
8.9378757515 4.04617548217e-19
8.95791583166 3.92674242082e-19
8.97795591182 3.81085385361e-19
8.99799599198 3.69840394401e-19
9.01803607214 3.58929003764e-19
9.0380761523 3.48341256584e-19
9.05811623246 3.38067495221e-19
9.07815631263 3.28098352194e-19
9.09819639279 3.184247414e-19
9.11823647295 3.09037849592e-19
9.13827655311 2.99929128126e-19
9.15831663327 2.91090284951e-19
9.17835671343 2.82513276854e-19
9.19839679359 2.74190301931e-19
9.21843687375 2.66113792295e-19
9.23847695391 2.58276407003e-19
9.25851703407 2.506710252e-19
9.27855711423 2.4329073947e-19
9.29859719439 2.36128849391e-19
9.31863727455 2.29178855289e-19
9.33867735471 2.22434452175e-19
9.35871743487 2.15889523874e-19
9.37875751503 2.09538137326e-19
9.39879759519 2.0337453707e-19
9.41883767535 1.97393139881e-19
9.43887775551 1.91588529585e-19
9.45891783567 1.85955452024e-19
9.47895791583 1.80488810171e-19
9.49899799599 1.75183659403e-19
9.51903807615 1.70035202908e-19
9.53907815631 1.65038787236e-19
9.55911823647 1.60189897987e-19
9.57915831663 1.55484155622e-19
9.59919839679 1.50917311411e-19
9.61923847695 1.46485243497e-19
9.63927855711 1.42183953081e-19
9.65931863727 1.38009560724e-19
9.67935871743 1.33958302759e-19
9.6993987976 1.30026527813e-19
9.71943887776 1.26210693434e-19
9.73947895792 1.2250736282e-19
9.75951903808 1.18913201646e-19
9.77955911824 1.1542497499e-19
9.7995991984 1.12039544348e-19
9.81963927856 1.08753864742e-19
9.83967935872 1.05564981916e-19
9.85971943888 1.02470029612e-19
9.87975951904 9.94662269344e-20
9.8997995992 0.0
9.91983967936 0.0
9.93987975952 0.0
9.95991983968 0.0
9.97995991984 0.0
10.0 0.0
