0.0 0.0
0.0200400801603 0.0
0.0400801603206 0.0
0.060120240481 0.0
0.0801603206413 0.0
0.100200400802 0.0
0.120240480962 0.0
0.140280561122 0.0
0.160320641283 0.0
0.180360721443 0.0
0.200400801603 2.87066852424e-11
0.220440881764 8.39968793802e-10
0.240480961924 7.14532141298e-10
0.260521042084 2.11885557362e-11
0.280561122244 2.23305498044e-11
0.300601202405 2.33166352825e-11
0.320641282565 2.45952279323e-11
0.340681362725 2.62618695347e-11
0.360721442886 2.72441555095e-11
0.380761523046 2.80761122139e-11
0.400801603206 2.88283312906e-11
0.420841683367 2.9532712125e-11
0.440881763527 3.01919271467e-11
0.460921843687 3.07975829527e-11
0.480961923848 3.1335526833e-11
0.501002004008 3.17709316324e-11
0.521042084168 3.21767449447e-11
0.541082164329 3.25511602372e-11
0.561122244489 3.28895563176e-11
0.581162324649 3.3206279024e-11
0.60120240481 3.3502886347e-11
0.62124248497 3.37599147465e-11
0.64128256513 3.39877510507e-11
0.661322645291 3.42044577827e-11
0.681362725451 3.43649179071e-11
0.701402805611 3.43790400177e-11
0.721442885772 3.43945374619e-11
0.741482965932 3.44085751402e-11
0.761523046092 3.43763651199e-11
0.781563126253 3.43433872002e-11
0.801603206413 3.43155504123e-11
0.821643286573 3.41550661444e-11
0.841683366733 3.39104231405e-11
0.861723446894 3.36781570168e-11
0.881763527054 3.33839250014e-11
0.901803607214 3.29012062595e-11
0.921843687375 3.24411243922e-11
0.941883767535 3.20011447558e-11
0.961923847695 3.14711680789e-11
0.981963927856 3.09559023666e-11
1.00200400802 3.04642171224e-11
1.02204408818 3.00431670003e-11
1.04208416834 2.96715673326e-11
1.0621242485 2.93137340715e-11
1.08216432866 2.89551838065e-11
1.10220440882 2.85784955826e-11
1.12224448898 2.82159276487e-11
1.14228456914 2.78703544796e-11
1.1623246493 2.7417622844e-11
1.18236472946 2.69731545082e-11
1.20240480962 2.65440219139e-11
1.22244488978 2.61205374098e-11
1.24248496994 2.5705565509e-11
1.2625250501 2.5304038765e-11
1.28256513026 2.49209396399e-11
1.30260521042 2.45650417248e-11
1.32264529058 2.42202713024e-11
1.34268537074 2.38860393568e-11
1.3627254509 2.36017579042e-11
1.38276553106 2.33280773744e-11
1.40280561122 2.30618318159e-11
1.42284569138 2.27734123451e-11
1.44288577154 2.24753101381e-11
1.4629258517 2.21854475887e-11
1.48296593186 2.19073621539e-11
1.50300601202 2.1646731883e-11
1.52304609218 2.13931255508e-11
1.54308617234 2.11480904153e-11
1.56312625251 2.08616211756e-11
1.58316633267 2.05805507361e-11
1.60320641283 2.03066626383e-11
1.62324649299 2.00405839779e-11
1.64328657315 1.97816475054e-11
1.66332665331 1.95288488342e-11
1.68336673347 1.92927213167e-11
1.70340681363 1.90877260532e-11
1.72344689379 1.88875868692e-11
1.74348697395 1.86919904661e-11
1.76352705411 1.83904078355e-11
1.78356713427 1.80922857527e-11
1.80360721443 1.78008987325e-11
1.82364729459 1.75514330017e-11
1.84368737475 1.73271919524e-11
1.86372745491 1.71078433821e-11
1.88376753507 1.69237162508e-11
1.90380761523 1.68106986717e-11
1.92384769539 1.67000760155e-11
1.94388777555 1.65917726197e-11
1.96392785571 1.6369393912e-11
1.98396793587 1.61492128418e-11
2.00400801603 1.59310058493e-11
2.02404809619 1.57270587768e-11
2.04408817635 1.55270291568e-11
2.06412825651 1.53309468722e-11
2.08416833667 1.51395040276e-11
2.10420841683 1.49534645777e-11
2.12424849699 1.47709900774e-11
2.14428857715 1.45919786753e-11
2.16432865731 1.44086667153e-11
2.18436873747 1.42286930454e-11
2.20440881764 1.4052038458e-11
2.2244488978 1.38559240713e-11
2.24448897796 1.36517977285e-11
2.26452905812 1.34513294293e-11
2.28456913828 1.32509640899e-11
2.30460921844 1.30471846447e-11
2.3246492986 1.28469595062e-11
2.34468937876 1.26502225434e-11
2.36472945892 1.24961655935e-11
2.38476953908 1.23447297756e-11
2.40480961924 1.21958485439e-11
2.4248496994 1.20453020391e-11
2.44488977956 1.18952294011e-11
2.46492985972 1.17476246887e-11
2.48496993988 1.15832339988e-11
2.50501002004 1.13846888229e-11
2.5250501002 1.11893245933e-11
2.54509018036 1.09979131452e-11
2.56513026052 1.08851554377e-11
2.58517034068 1.07741658384e-11
2.60521042084 1.06649029514e-11
2.625250501 1.05169502522e-11
2.64529058116 1.03525002707e-11
2.66533066132 1.0190544658e-11
2.68537074148 1.00322910522e-11
2.70541082164 9.87871941949e-12
2.7254509018 9.72742507394e-12
2.74549098196 9.57882454705e-12
2.76553106212 9.45365871546e-12
2.78557114228 9.33030930677e-12
2.80561122244 9.2087369512e-12
2.82565130261 9.04127799775e-12
2.84569138277 8.85509223658e-12
2.86573146293 8.67152788329e-12
2.88577154309 8.51484291023e-12
2.90581162325 8.40296864804e-12
2.92585170341 8.29263881083e-12
2.94589178357 8.18282198495e-12
2.96593186373 8.04414632845e-12
2.98597194389 7.90734444218e-12
3.00601202405 7.77237850618e-12
3.02605210421 7.63710334973e-12
3.04609218437 7.50272933789e-12
3.06613226453 7.37012273453e-12
3.08617234469 7.24203185571e-12
3.10621242485 7.12027373762e-12
3.12625250501 7.00008610192e-12
3.14629258517 6.88190166681e-12
3.16633266533 6.77571376451e-12
3.18637274549 6.67086965267e-12
3.20641282565 6.56734391955e-12
3.22645290581 6.44469033193e-12
3.24649298597 6.31535467059e-12
3.26653306613 6.18761416949e-12
3.28657314629 6.05673566652e-12
3.30661322645 5.91989532491e-12
3.32665330661 5.78471157168e-12
3.34669338677 5.65277434247e-12
3.36673346693 5.55156855834e-12
3.38677354709 5.45156654666e-12
3.40681362725 5.35274690828e-12
3.42685370741 5.24999922692e-12
3.44689378758 5.14650812627e-12
3.46693386774 5.04421903079e-12
3.4869739479 4.94480630765e-12
3.50701402806 4.84914298841e-12
3.52705410822 4.75457169017e-12
3.54709418838 4.66035978887e-12
3.56713426854 4.55659373683e-12
3.5871743487 4.45399192207e-12
3.60721442886 4.3525348205e-12
3.62725450902 4.25699641485e-12
3.64729458918 4.16425031715e-12
3.66733466934 4.07252193661e-12
3.6873747495 3.98479603754e-12
3.70741482966 3.90244635267e-12
3.72745490982 3.82098569256e-12
3.74749498998 3.74064050238e-12
3.76753507014 3.66419423991e-12
3.7875751503 3.58856008846e-12
3.80761523046 3.51372514947e-12
3.82765531062 3.42970492456e-12
3.84769539078 3.34313407064e-12
3.86773547094 3.25746344769e-12
3.8877755511 3.17751408771e-12
3.90781563126 3.10521762319e-12
3.92785571142 3.03366147344e-12
3.94789579158 2.96333522699e-12
3.96793587174 2.8992029625e-12
3.9879759519 2.83571749262e-12
4.00801603206 2.77286906304e-12
4.02805611222 2.70470347956e-12
4.04809619238 2.63527949847e-12
4.06813627255 2.56654166552e-12
4.08817635271 2.50305238794e-12
4.10821643287 2.4463767134e-12
4.12825651303 2.39025306879e-12
4.14829659319 2.33446605446e-12
4.16833667335 2.27722078112e-12
4.18837675351 2.2205249886e-12
4.20841683367 2.16437078926e-12
4.22845691383 2.11265357324e-12
4.24849699399 2.06262706919e-12
4.26853707415 2.01307171075e-12
4.28857715431 1.96278725597e-12
4.30861723447 1.911421956e-12
4.32865731463 1.8605336094e-12
4.34869739479 1.81067414141e-12
4.36873747495 1.76606236404e-12
4.38877755511 1.72185915595e-12
4.40881763527 1.67805892025e-12
4.42885771543 1.63770019332e-12
4.44889779559 1.59859022724e-12
4.46893787575 1.55983200068e-12
4.48897795591 1.521096432e-12
4.50901803607 1.48230215023e-12
4.52905811623 1.44385209399e-12
4.54909819639 1.40593122637e-12
4.56913827655 1.36980528119e-12
4.58917835671 1.33399566663e-12
4.60921843687 1.29849823897e-12
4.62925851703 1.26369961345e-12
4.64929859719 1.22930860719e-12
4.66933867735 1.19521353482e-12
4.68937875752 1.16319636187e-12
4.70941883768 1.13358585771e-12
4.72945891784 1.10422691628e-12
4.749498998 1.07482102603e-12
4.76953907816 1.04359850607e-12
4.78957915832 1.01263787197e-12
4.80961923848 9.81935837359e-13
4.82965931864 9.54329786348e-13
4.8496993988 9.27682753919e-13
4.86973947896 9.01255546736e-13
4.88977955912 8.75620714599e-13
4.90981963928 8.50855006568e-13
4.92985971944 8.26291102513e-13
4.9498997996 8.02250917552e-13
4.96993987976 7.80474588468e-13
4.98997995992 7.58873566516e-13
5.01002004008 7.37842626463e-13
5.03006012024 7.17346458857e-13
5.0501002004 6.97013319172e-13
5.07014028056 6.77904619275e-13
5.09018036072 6.58968548373e-13
5.11022044088 6.40181318514e-13
5.13026052104 6.21541178814e-13
5.1503006012 6.03046405794e-13
5.17034068136 5.86002809317e-13
5.19038076152 5.69175121059e-13
5.21042084168 5.52477148379e-13
5.23046092184 5.35907394732e-13
5.250501002 5.19464386549e-13
5.27054108216 5.0463742087e-13
5.29058116232 4.90089854531e-13
5.31062124248 4.75652306442e-13
5.33066132265 4.61323531207e-13
5.35070140281 4.47102302193e-13
5.37074148297 4.33396098896e-13
5.39078156313 4.19859054238e-13
5.41082164329 4.06422479388e-13
5.43086172345 3.93085258198e-13
5.45090180361 3.79846291025e-13
5.47094188377 3.68002188654e-13
5.49098196393 3.56531985205e-13
5.51102204409 3.45145361682e-13
5.53106212425 3.33841406383e-13
5.55110220441 3.22619220845e-13
5.57114228457 3.11950600932e-13
5.59118236473 3.01493184944e-13
5.61122244489 2.91110602265e-13
5.63126252505 2.80802051219e-13
5.65130260521 2.70566741566e-13
5.67134268537 2.61263841097e-13
5.69138276553 2.52331802402e-13
5.71142284569 2.43462558196e-13
5.73146292585 2.34655447533e-13
5.75150300601 2.25909818729e-13
5.77154308617 2.17536406392e-13
5.79158316633 2.09355962788e-13
5.81162324649 2.01232033795e-13
5.83166332665 1.93164034855e-13
5.85170340681 1.85151389464e-13
5.87174348697 1.77574083147e-13
5.89178356713 1.70246797121e-13
5.91182364729 1.62969270734e-13
5.93186372745 1.55740998034e-13
5.95190380762 1.48561479918e-13
5.97194388778 1.42132879748e-13
5.99198396794 1.36183609791e-13
6.0120240481 1.30274068426e-13
6.03206412826 1.24403858365e-13
6.05210420842 1.18572587609e-13
6.07214428858 1.13071304538e-13
6.09218436874 1.07820305185e-13
6.1122244489 1.02603795013e-13
6.13226452906 9.74214347786e-14
6.15230460922 9.22728896834e-14
6.17234468938 8.732695336e-14
6.19238476954 8.25593866893e-14
6.2124248497 7.78226269281e-14
6.23246492986 7.31163759536e-14
6.25250501002 6.84403394866e-14
6.27254509018 6.41503776091e-14
6.29258517034 6.02500240722e-14
6.3126252505 5.63744738965e-14
6.33266533066 5.252349083e-14
6.35270541082 4.86968416196e-14
6.37274549098 4.51397995696e-14
6.39278557114 4.18987516894e-14
6.4128256513 3.86779924624e-14
6.43286573146 3.54773316334e-14
6.45290581162 3.22965813259e-14
6.47294589178 2.94996003095e-14
6.49298597194 2.7233261678e-14
6.5130260521 2.49808939321e-14
6.53306613226 2.27423680044e-14
6.55310621242 2.05175564179e-14
6.57314629259 1.85599050709e-14
6.59318637275 1.7037825895e-14
6.61322645291 1.55249896558e-14
6.63326653307 1.40213121868e-14
6.65330661323 1.25267103449e-14
6.67334669339 1.10914552183e-14
6.69338677355 9.76522290409e-15
6.71342685371 8.44692379395e-15
6.73346693387 7.1364867221e-15
6.75350701403 5.83384137555e-15
6.77354709419 4.67514512223e-15
6.79358717435 3.8511692247e-15
6.81362725451 3.03205181265e-15
6.83366733467 2.21774987904e-15
6.85370741483 1.4082209265e-15
6.87374749499 7.70486718044e-16
6.89378757515 6.29557252685e-16
6.91382765531 4.89452160345e-16
6.93386773547 3.50164100329e-16
6.95390781563 2.11685821731e-16
6.97394789579 1.0001949265e-16
6.99398797595 8.53295029745e-17
7.01402805611 7.07293453638e-17
7.03406813627 5.62180923053e-17
7.05410821643 4.17948311717e-17
7.07414829659 2.90824463768e-17
7.09418837675 2.42571196398e-17
7.11422845691 1.94640001402e-17
7.13426853707 1.47026797952e-17
7.15430861723 9.97275881785e-18
7.17434869739 5.86365545999e-18
7.19438877756 5.67253948587e-18
7.21442885772 5.48678140467e-18
7.23446893788 5.30621954974e-18
7.25450901804 5.13069723503e-18
7.2745490982 4.96161106076e-18
7.29458917836 4.81269636841e-18
7.31462925852 4.66828641074e-18
7.33466933868 4.52824367943e-18
7.35470941884 4.39243490769e-18
7.374749499 4.26073093788e-18
7.39478957916 4.13300659324e-18
7.41482965932 4.00914055373e-18
7.43486973948 3.88901523579e-18
7.45490981964 3.77251667584e-18
7.4749498998 3.65953441759e-18
7.49498997996 3.54996140279e-18
7.51503006012 3.44369386545e-18
7.53507014028 3.34063122946e-18
7.55511022044 3.24067600937e-18
7.5751503006 3.14373371433e-18
7.59519038076 3.04971275506e-18
7.61523046092 2.95852435369e-18
7.63527054108 2.87008245656e-18
7.65531062124 2.7843036496e-18
7.6753507014 2.70110707653e-18
7.69539078156 2.62041435952e-18
7.71543086172 2.54214952239e-18
7.73547094188 2.46623891618e-18
7.75551102204 2.39261114715e-18
7.7755511022 2.32119700689e-18
7.79559118236 2.25192940476e-18
7.81563126253 2.18474330239e-18
7.83567134269 2.11957565018e-18
7.85571142285 2.05636532589e-18
7.87575150301 1.99505307508e-18
7.89579158317 1.93558145344e-18
7.91583166333 1.87789477088e-18
7.93587174349 1.82193903745e-18
7.95591182365 1.76766191088e-18
7.97595190381 1.71501264576e-18
7.99599198397 1.66394204434e-18
8.01603206413 1.61440240886e-18
8.03607214429 1.56634749532e-18
8.05611222445 1.51973246876e-18
8.07615230461 1.47451385986e-18
8.09619238477 1.43064952295e-18
8.11623246493 1.38809859533e-18
8.13627254509 1.34682145776e-18
8.15631262525 1.30677969631e-18
8.17635270541 1.26793606532e-18
8.19639278557 1.2302544515e-18
8.21643286573 1.1936998392e-18
8.23647294589 1.15823827671e-18
8.25651302605 1.12383684362e-18
8.27655310621 1.09046361921e-18
8.29659318637 1.0580876518e-18
8.31663326653 1.02667892904e-18
8.33667334669 9.96208349165e-19
8.35671342685 9.6664769308e-19
8.37675350701 9.37969597355e-19
8.39679358717 9.10147528038e-19
8.41683366733 8.83155755278e-19
8.43687374749 8.56969328738e-19
8.45691382766 8.31564053757e-19
8.47695390782 8.06916468262e-19
8.49699398798 7.83003820384e-19
8.51703406814 7.59804046767e-19
8.5370741483 7.37295751548e-19
8.55711422846 7.15458185981e-19
8.57715430862 6.94271228697e-19
8.59719438878 6.73715366563e-19
8.61723446894 6.53771676137e-19
8.6372745491 6.34421805695e-19
8.65731462926 6.15647957804e-19
8.67735470942 5.9743287244e-19
8.69739478958 5.79759810621e-19
8.71743486974 5.62612538542e-19
8.7374749499 5.45975312201e-19
8.75751503006 5.29832862496e-19
8.77755511022 5.14170380781e-19
8.79759519038 4.98973504861e-19
8.81763527054 4.84228305424e-19
8.8376753507 4.69921272885e-19
8.85771543086 4.56039304631e-19
8.87775551102 4.42569692668e-19
8.89779559118 4.29500111629e-19
8.91783567134 4.16818607171e-19
8.9378757515 4.04513584705e-19
8.95791583166 3.92573798493e-19
8.97795591182 3.8098834106e-19
8.99799599198 3.69746632942e-19
9.01803607214 3.58838412743e-19
9.0380761523 3.48253727497e-19
9.05811623246 3.37982923327e-19
9.07815631263 3.28016636381e-19
9.09819639279 3.18345784058e-19
9.11823647295 3.08961556491e-19
9.13827655311 2.99855408296e-19
9.15831663327 2.9101905057e-19
9.17835671343 2.82444443135e-19
9.19839679359 2.74123787016e-19
9.21843687375 2.66049517154e-19
9.23847695391 2.58214295332e-19
9.25851703407 2.5061100333e-19
9.27855711423 2.4323273627e-19
9.29859719439 2.36072796183e-19
9.31863727455 2.29124685761e-19
9.33867735471 2.22382102297e-19
9.35871743487 2.15838931821e-19
9.37875751503 2.09489243399e-19
9.39879759519 2.03327283623e-19
9.41883767535 1.97347471249e-19
9.43887775551 1.91544392015e-19
9.45891783567 1.85912793608e-19
9.47895791583 1.80447580784e-19
9.49899799599 1.75143810637e-19
9.51903807615 1.69996688016e-19
9.53907815631 1.65001561073e-19
9.55911823647 1.60153916953e-19
9.57915831663 1.55449377612e-19
9.59919839679 1.5088369576e-19
9.61923847695 1.46452750931e-19
9.63927855711 1.42152545668e-19
9.65931863727 1.37979201829e-19
9.67935871743 1.33928956998e-19
9.6993987976 1.29998161011e-19
9.71943887776 1.26183272581e-19
9.73947895792 1.22480856033e-19
9.75951903808 1.18887578129e-19
9.77955911824 1.15400204996e-19
9.7995991984 1.12015599144e-19
9.81963927856 1.08730716573e-19
9.83967935872 1.05542603972e-19
9.85971943888 1.02448395996e-19
9.87975951904 9.94453126288e-20
9.8997995992 0.0
9.91983967936 0.0
9.93987975952 0.0
9.95991983968 0.0
9.97995991984 0.0
10.0 0.0
