0.0 0.0
0.0200400801603 0.0
0.0400801603206 0.0
0.060120240481 0.0
0.0801603206413 0.0
0.100200400802 0.0
0.120240480962 0.0
0.140280561122 0.0
0.160320641283 0.0
0.180360721443 0.0
0.200400801603 0.0
0.220440881764 0.0
0.240480961924 0.0
0.260521042084 0.0
0.280561122244 0.0
0.300601202405 0.0
0.320641282565 0.0
0.340681362725 0.0
0.360721442886 0.0
0.380761523046 0.0
0.400801603206 7.15324561665e-11
0.420841683367 2.68851622853e-11
0.440881763527 2.09400612483e-11
0.460921843687 1.83516014235e-11
0.480961923848 1.68791569541e-11
0.501002004008 1.59064684521e-11
0.521042084168 1.52336485281e-11
0.541082164329 1.47387046012e-11
0.561122244489 1.43607182946e-11
0.581162324649 1.40681267602e-11
0.60120240481 1.383563307e-11
0.62124248497 1.3639567731e-11
0.64128256513 1.34738655962e-11
0.661322645291 1.3337831771e-11
0.681362725451 1.32090357947e-11
0.701402805611 1.30478985754e-11
0.721442885772 1.29069741416e-11
0.741482965932 1.2780006721e-11
0.761523046092 1.26501373897e-11
0.781563126253 1.25322517365e-11
0.801603206413 1.24282635395e-11
0.821643286573 1.22871061717e-11
0.841683366733 1.21245124196e-11
0.861723446894 1.19734285155e-11
0.881763527054 1.18061227362e-11
0.901803607214 1.15793093664e-11
0.921843687375 1.1366353689e-11
0.941883767535 1.11649281348e-11
0.961923847695 1.09371813523e-11
0.981963927856 1.07189174826e-11
1.00200400802 1.05139393307e-11
1.02204408818 1.03373242994e-11
1.04208416834 1.01804968774e-11
1.0621242485 1.00301717674e-11
1.08216432866 9.87997660282e-12
1.10220440882 9.72591953951e-12
1.12224448898 9.57871621966e-12
1.14228456914 9.44175543913e-12
1.1623246493 9.27060489657e-12
1.18236472946 9.10384089822e-12
1.20240480962 8.94365299084e-12
1.22244488978 8.78668188166e-12
1.24248496994 8.63379335265e-12
1.2625250501 8.48639735976e-12
1.28256513026 8.34586747403e-12
1.30260521042 8.21534225488e-12
1.32264529058 8.08939015239e-12
1.34268537074 7.96769312036e-12
1.3627254509 7.86327400072e-12
1.38276553106 7.76302724255e-12
1.40280561122 7.66541967109e-12
1.42284569138 7.56083099996e-12
1.44288577154 7.45362423739e-12
1.4629258517 7.3495779492e-12
1.48296593186 7.24969186933e-12
1.50300601202 7.15602297066e-12
1.52304609218 7.06510406239e-12
1.54308617234 6.97869195204e-12
1.56312625251 6.87908258965e-12
1.58316633267 6.78159280535e-12
1.60320641283 6.68679230967e-12
1.62324649299 6.59485984831e-12
1.64328657315 6.50555098173e-12
1.66332665331 6.41836478994e-12
1.68336673347 6.33654504189e-12
1.70340681363 6.26513758809e-12
1.72344689379 6.19553782321e-12
1.74348697395 6.12753152693e-12
1.76352705411 6.0251663467e-12
1.78356713427 5.92415283651e-12
1.80360721443 5.82555436351e-12
1.82364729459 5.74081176933e-12
1.84368737475 5.66445773402e-12
1.86372745491 5.58985901405e-12
1.88376753507 5.5268694873e-12
1.90380761523 5.48713553801e-12
1.92384769539 5.44829554612e-12
1.94388777555 5.41031912424e-12
1.96392785571 5.3354040067e-12
1.98396793587 5.26132799558e-12
2.00400801603 5.18629587566e-12
2.02404809619 5.1196554433e-12
2.04408817635 5.05254953413e-12
2.06412825651 4.98683616647e-12
2.08416833667 4.92273374222e-12
2.10420841683 4.86048400174e-12
2.12424849699 4.79948570203e-12
2.14428857715 4.73970092851e-12
2.16432865731 4.67861141066e-12
2.18436873747 4.61868721314e-12
2.20440881764 4.55991789907e-12
2.2244488978 4.49492981645e-12
2.24448897796 4.42742712798e-12
2.26452905812 4.36118241152e-12
2.28456913828 4.29504254638e-12
2.30460921844 4.22786785989e-12
2.3246492986 4.16190840019e-12
2.34468937876 4.09713954946e-12
2.36472945892 4.04621900385e-12
2.38476953908 3.9961981425e-12
2.40480961924 3.94705301426e-12
2.4248496994 3.8974188352e-12
2.44488977956 3.84798463017e-12
2.46492985972 3.79939218413e-12
2.48496993988 3.74542626276e-12
2.50501002004 3.68048413042e-12
2.5250501002 3.61661366596e-12
2.54509018036 3.55406170958e-12
2.56513026052 3.51691661272e-12
2.58517034068 3.48037420949e-12
2.60521042084 3.44441976647e-12
2.625250501 3.39602365706e-12
2.64529058116 3.34234284761e-12
2.66533066132 3.28949868657e-12
2.68537074148 3.23787885914e-12
2.70541082164 3.18779755653e-12
2.7254509018 3.13847855376e-12
2.74549098196 3.09005478035e-12
2.76553106212 3.0492047472e-12
2.78557114228 3.0089634e-12
2.80561122244 2.96931707753e-12
2.82565130261 2.91491978956e-12
2.84569138277 2.85451873274e-12
2.86573146293 2.79498651272e-12
2.88577154309 2.7441292192e-12
2.90581162325 2.70771377035e-12
2.92585170341 2.67181315476e-12
2.94589178357 2.63609481102e-12
2.96593186373 2.59110897575e-12
2.98597194389 2.54674379986e-12
3.00601202405 2.50298639298e-12
3.02605210421 2.45914613527e-12
3.04609218437 2.41561178415e-12
3.06613226453 2.37266132697e-12
3.08617234469 2.33117781467e-12
3.10621242485 2.29174460863e-12
3.12625250501 2.25282980278e-12
3.14629258517 2.21457196653e-12
3.16633266533 2.18018266768e-12
3.18637274549 2.14623683035e-12
3.20641282565 2.11272584663e-12
3.22645290581 2.07307888075e-12
3.24649298597 2.03129615593e-12
3.26653306613 1.99003731669e-12
3.28657314629 1.9477812548e-12
3.30661322645 1.90362069111e-12
3.32665330661 1.86000302406e-12
3.34669338677 1.81743854998e-12
3.36673346693 1.78475470572e-12
3.38677354709 1.75246584053e-12
3.40681362725 1.72056477276e-12
3.42685370741 1.68741009688e-12
3.44689378758 1.65402444568e-12
3.46693386774 1.62103230611e-12
3.4869739479 1.58897099192e-12
3.50701402806 1.55812042866e-12
3.52705410822 1.52762710711e-12
3.54709418838 1.49725560283e-12
3.56713426854 1.4638234992e-12
3.5871743487 1.43077151956e-12
3.60721442886 1.3980931652e-12
3.62725450902 1.36732039957e-12
3.64729458918 1.3374494185e-12
3.66733466934 1.30791044705e-12
3.6873747495 1.27966109154e-12
3.70741482966 1.25314182612e-12
3.72745490982 1.22691248983e-12
3.74749498998 1.20104557445e-12
3.76753507014 1.17643393796e-12
3.7875751503 1.15208698483e-12
3.80761523046 1.12800043462e-12
3.82765531062 1.10097123073e-12
3.84769539078 1.07312789859e-12
3.86773547094 1.04557734413e-12
3.8877755511 1.01986576072e-12
3.90781563126 9.96612356425e-13
3.92785571142 9.73599729546e-13
3.94789579158 9.50984781608e-13
3.96793587174 9.30359333449e-13
3.9879759519 9.0994419192e-13
4.00801603206 8.89736132971e-13
4.02805611222 8.67825815394e-13
4.04809619238 8.45514782396e-13
4.06813627255 8.23426494735e-13
4.08817635271 8.03023659923e-13
4.10821643287 7.84807796688e-13
4.12825651303 7.66771170275e-13
4.14829659319 7.48844653306e-13
4.16833667335 7.30452786613e-13
4.18837675351 7.12239174644e-13
4.20841683367 6.9420122072e-13
4.22845691383 6.775874931e-13
4.24849699399 6.61517539125e-13
4.26853707415 6.45600366148e-13
4.28857715431 6.29451227955e-13
4.30861723447 6.12957370687e-13
4.32865731463 5.96618046286e-13
4.34869739479 5.8061008293e-13
4.36873747495 5.66285418535e-13
4.38877755511 5.52093116055e-13
4.40881763527 5.38031337216e-13
4.42885771543 5.2507371445e-13
4.44889779559 5.12517492701e-13
4.46893787575 5.00075181812e-13
4.48897795591 4.87641301903e-13
4.50901803607 4.75189753785e-13
4.52905811623 4.62849613516e-13
4.54909819639 4.50680106996e-13
4.56913827655 4.39086712817e-13
4.58917835671 4.27595662389e-13
4.60921843687 4.16205597866e-13
4.62925851703 4.05040344284e-13
4.64929859719 3.94006583847e-13
4.66933867735 3.8306850923e-13
4.68937875752 3.72796914575e-13
4.70941883768 3.63297045497e-13
4.72945891784 3.53878512372e-13
4.749498998 3.44445676729e-13
4.76953907816 3.3443169137e-13
4.78957915832 3.24502317469e-13
4.80961923848 3.14656480816e-13
4.82965931864 3.05802917937e-13
4.8496993988 2.97257136038e-13
4.86973947896 2.88782362763e-13
4.88977955912 2.80561944683e-13
4.90981963928 2.72620431904e-13
4.92985971944 2.64744088328e-13
4.9498997996 2.57035987973e-13
4.96993987976 2.50053357292e-13
4.98997995992 2.43127333942e-13
5.01002004008 2.36384318996e-13
5.03006012024 2.29812985252e-13
5.0501002004 2.23294278078e-13
5.07014028056 2.17168050213e-13
5.09018036072 2.11097486271e-13
5.11022044088 2.05074958178e-13
5.13026052104 1.99099894602e-13
5.1503006012 1.93171733294e-13
5.17034068136 1.87708546439e-13
5.19038076152 1.82314811738e-13
5.21042084168 1.76962923218e-13
5.23046092184 1.71652392887e-13
5.250501002 1.66382740363e-13
5.27054108216 1.61630744957e-13
5.29058116232 1.56968464821e-13
5.31062124248 1.52341665492e-13
5.33066132265 1.47749941069e-13
5.35070140281 1.43192891862e-13
5.37074148297 1.38800951843e-13
5.39078156313 1.3446339219e-13
5.41082164329 1.30158217829e-13
5.43086172345 1.25885065327e-13
5.45090180361 1.21643576707e-13
5.47094188377 1.17848779758e-13
5.49098196393 1.14173852745e-13
5.51102204409 1.10525860625e-13
5.53106212425 1.06904506625e-13
5.55110220441 1.03309498347e-13
5.57114228457 9.9891837565e-14
5.59118236473 9.65419359495e-14
5.61122244489 9.32161407939e-14
5.63126252505 8.99141913354e-14
5.65130260521 8.66358305857e-14
5.67134268537 8.36560268406e-14
5.69138276553 8.07950470696e-14
5.71142284569 7.79542910755e-14
5.73146292585 7.51335439366e-14
5.75150300601 7.23325937886e-14
5.77154308617 6.96508798066e-14
5.79158316633 6.70310322372e-14
5.81162324649 6.44293790254e-14
5.83166332665 6.18457302259e-14
5.85170340681 5.92798985481e-14
5.87174348697 5.6853477891e-14
5.89178356713 5.45071592144e-14
5.91182364729 5.21768551814e-14
5.93186372745 4.98624014796e-14
5.95190380762 4.75636360535e-14
5.97194388778 4.55052377257e-14
5.99198396794 4.36002936636e-14
6.0120240481 4.17081347288e-14
6.03206412826 3.98286318921e-14
6.05210420842 3.79616578684e-14
6.07214428858 3.62003363817e-14
6.09218436874 3.45191603055e-14
6.1122244489 3.28490803641e-14
6.13226452906 3.11899864279e-14
6.15230460922 2.95417698314e-14
6.17234468938 2.79584343264e-14
6.19238476954 2.64322215459e-14
6.2124248497 2.49159171428e-14
6.23246492986 2.34094243931e-14
6.25250501002 2.1912647838e-14
6.27254509018 2.05394371853e-14
6.29258517034 1.92909183037e-14
6.3126252505 1.8050376169e-14
6.33266533066 1.68177341264e-14
6.35270541082 1.55929165092e-14
6.37274549098 1.44543891765e-14
6.39278557114 1.3416988686e-14
6.4128256513 1.2386112281e-14
6.43286573146 1.13616982315e-14
6.45290581162 1.03436855911e-14
6.47294589178 9.44847233775e-15
6.49298597194 8.72303890041e-15
6.5130260521 8.00209934048e-15
6.53306613226 7.28561172587e-15
6.55310621242 6.5735346506e-15
6.57314629259 5.9469414703e-15
6.59318637275 5.45970172708e-15
6.61322645291 4.97543668321e-15
6.63326653307 4.49411893564e-15
6.65330661323 4.0157214219e-15
6.67334669339 3.55632404909e-15
6.69338677355 3.13181587898e-15
6.71342685371 2.70986039516e-15
6.73346693387 2.29043443273e-15
6.75350701403 1.87351511056e-15
6.77354709419 1.5026533231e-15
6.79358717435 1.23886723641e-15
6.81362725451 9.76646126625e-16
6.83366733467 7.15975938716e-16
6.85370741483 4.56842789043e-16
6.87374749499 2.52667855295e-16
6.89378757515 2.07402415969e-16
6.91382765531 1.62407067986e-16
6.93386773547 1.17679272477e-16
6.95390781563 7.32165250805e-17
6.97394789579 3.73350573724e-17
6.99398797595 3.2475397209e-17
7.01402805611 2.7649434244e-17
7.03406813627 2.28567200262e-17
7.05410821643 1.80968155646e-17
7.07414829659 1.38886153673e-17
7.09418837675 1.22072464636e-17
7.11422845691 1.05403898455e-17
7.13426853707 8.88778613199e-18
7.15430861723 7.24918258448e-18
7.17434869739 5.81296168008e-18
7.19438877756 5.6334723192e-18
7.21442885772 5.4592838295e-18
7.23446893788 5.2902347643e-18
7.25450901804 5.12616866373e-18
7.2745490982 4.96742910006e-18
7.29458917836 4.81830874913e-18
7.31462925852 4.67370052586e-18
7.33466933868 4.53346665121e-18
7.35470941884 4.39747359784e-18
7.374749499 4.26559195724e-18
7.39478957916 4.13769631116e-18
7.41482965932 4.01366510706e-18
7.43486973948 3.89338053752e-18
7.45490981964 3.77672842348e-18
7.4749498998 3.66359810112e-18
7.49498997996 3.55388231238e-18
7.51503006012 3.4474770989e-18
7.53507014028 3.34428169932e-18
7.55511022044 3.24419844979e-18
7.5751503006 3.14713268768e-18
7.59519038076 3.05299265825e-18
7.61523046092 2.96168942435e-18
7.63527054108 2.87313677884e-18
7.65531062124 2.7872511599e-18
7.6753507014 2.70395156892e-18
7.69539078156 2.62315949098e-18
7.71543086172 2.54479881785e-18
7.73547094188 2.46879577341e-18
7.75551102204 2.39507884138e-18
7.7755511022 2.32357869537e-18
7.79559118236 2.25422813105e-18
7.81563126253 2.18696200053e-18
7.83567134269 2.12171714873e-18
7.85571142285 2.05843235176e-18
7.87575150301 1.99704825726e-18
7.89579158317 1.93750732659e-18
7.91583166333 1.87975377876e-18
7.93587174349 1.82373353626e-18
7.95591182365 1.76939417242e-18
7.97595190381 1.71668486053e-18
7.99599198397 1.66555632451e-18
8.01603206413 1.6159607911e-18
8.03607214429 1.56785194355e-18
8.05611222445 1.52118487679e-18
8.07615230461 1.47591605396e-18
8.09619238477 1.43200326428e-18
8.11623246493 1.3894055823e-18
8.13627254509 1.34808332831e-18
8.15631262525 1.30799803011e-18
8.17635270541 1.26911238586e-18
8.19639278557 1.23139022813e-18
8.21643286573 1.19479648909e-18
8.23647294589 1.15929716672e-18
8.25651302605 1.12485929214e-18
8.27655310621 1.09145089789e-18
8.29659318637 1.05904098724e-18
8.31663326653 1.02759950441e-18
8.33667334669 9.97097305774e-19
8.35671342685 9.67506131868e-19
8.37675350701 9.38798580359e-19
8.39679358717 9.10948079782e-19
8.41683366733 8.83928864122e-19
8.43687374749 8.57715948173e-19
8.45691382766 8.32285103657e-19
8.47695390782 8.07612836088e-19
8.49699398798 7.83676362343e-19
8.51703406814 7.60453588932e-19
8.5370741483 7.37923090933e-19
8.55711422846 7.16064091583e-19
8.57715430862 6.94856442493e-19
8.59719438878 6.74280604476e-19
8.61723446894 6.54317628965e-19
8.6372745491 6.34949140005e-19
8.65731462926 6.16157316799e-19
8.67735470942 5.97924876786e-19
8.69739478958 5.80235059251e-19
8.71743486974 5.63071609429e-19
8.7374749499 5.46418763103e-19
8.75751503006 5.30261231672e-19
8.77755511022 5.14584187685e-19
8.79759519038 4.99373250806e-19
8.81763527054 4.8461447423e-19
8.8376753507 4.70294331492e-19
8.85771543086 4.56399703705e-19
8.87775551102 4.42917867167e-19
8.89779559118 4.29836481368e-19
8.91783567134 4.17143577349e-19
8.9378757515 4.04827546428e-19
8.95791583166 3.92877129265e-19
8.97795591182 3.81281405269e-19
8.99799599198 3.70029782319e-19
9.01803607214 3.59111986808e-19
9.0380761523 3.4851805399e-19
9.05811623246 3.38238318622e-19
9.07815631263 3.28263405886e-19
9.09819639279 3.18584222601e-19
9.11823647295 3.09191948692e-19
9.13827655311 3.00078028923e-19
9.15831663327 2.91234164888e-19
9.17835671343 2.82652307237e-19
9.19839679359 2.74324648146e-19
9.21843687375 2.66243614016e-19
9.23847695391 2.58401858391e-19
9.25851703407 2.50792255097e-19
9.27855711423 2.43407891584e-19
9.29859719439 2.36242062477e-19
9.31863727455 2.2928826332e-19
9.33867735471 2.22540184511e-19
9.35871743487 2.15991705421e-19
9.37875751503 2.09636888694e-19
9.39879759519 2.0346997472e-19
9.41883767535 1.97485376272e-19
9.43887775551 1.91677673313e-19
9.45891783567 1.86041607953e-19
9.47895791583 1.80572079569e-19
9.49899799599 1.75264140063e-19
9.51903807615 1.70112989268e-19
9.53907815631 1.65113970499e-19
9.55911823647 1.60262566229e-19
9.57915831663 1.55554393906e-19
9.59919839679 1.50985201888e-19
9.61923847695 1.46550865506e-19
9.63927855711 1.42247383249e-19
9.65931863727 1.38070873059e-19
9.67935871743 1.34017568741e-19
9.6993987976 1.30083816479e-19
9.71943887776 1.26266071466e-19
9.73947895792 1.22560894625e-19
9.75951903808 1.18964949435e-19
9.77955911824 1.15474998852e-19
9.7995991984 1.12087902325e-19
9.81963927856 1.08800612901e-19
9.83967935872 1.05610174412e-19
9.85971943888 1.02513718761e-19
9.87975951904 9.95084632706e-20
9.8997995992 0.0
9.91983967936 0.0
9.93987975952 0.0
9.95991983968 0.0
9.97995991984 0.0
10.0 0.0
