0.0 0.0
0.0200400801603 0.0
0.0400801603206 0.0
0.060120240481 0.0
0.0801603206413 0.0
0.100200400802 0.0
0.120240480962 0.0
0.140280561122 0.0
0.160320641283 0.0
0.180360721443 0.0
0.200400801603 0.0
0.220440881764 0.0
0.240480961924 0.0
0.260521042084 0.0
0.280561122244 0.0
0.300601202405 0.0
0.320641282565 0.0
0.340681362725 3.62440877238e-10
0.360721442886 7.27716539813e-11
0.380761523046 5.66775780811e-11
0.400801603206 5.0227713463e-11
0.420841683367 4.68223587357e-11
0.440881763527 4.47880256584e-11
0.460921843687 4.3473377091e-11
0.480961923848 4.2559392483e-11
0.501002004008 4.18408376259e-11
0.521042084168 4.13210790197e-11
0.541082164329 4.09353579936e-11
0.561122244489 4.06362697704e-11
0.581162324649 4.04129117006e-11
0.60120240481 4.02463229788e-11
0.62124248497 4.0097953922e-11
0.64128256513 3.99691028175e-11
0.661322645291 3.98721491629e-11
0.681362725451 3.97476013021e-11
0.701402805611 3.94874242716e-11
0.721442885772 3.92584834471e-11
0.741482965932 3.90533268095e-11
0.761523046092 3.88177461271e-11
0.781563126253 3.8600671882e-11
0.801603206413 3.84061439909e-11
0.821643286573 3.80783867615e-11
0.841683366733 3.76711583829e-11
0.861723446894 3.72906861845e-11
0.881763527054 3.68533354277e-11
0.901803607214 3.62190444852e-11
0.921843687375 3.56201586643e-11
0.941883767535 3.5052667595e-11
0.961923847695 3.4395089242e-11
0.981963927856 3.37614406265e-11
1.00200400802 3.31604502924e-11
1.02204408818 3.26424815101e-11
1.04208416834 3.21836329204e-11
1.0621242485 3.17445570054e-11
1.08216432866 3.13091786905e-11
1.10220440882 3.08581920343e-11
1.12224448898 3.04261358891e-11
1.14228456914 3.00155881514e-11
1.1623246493 2.94928036032e-11
1.18236472946 2.8981979191e-11
1.20240480962 2.84904443177e-11
1.22244488978 2.80075465583e-11
1.24248496994 2.75361457492e-11
1.2625250501 2.70813322849e-11
1.28256513026 2.66482527476e-11
1.30260521042 2.6246073637e-11
1.32264529058 2.58574381399e-11
1.34268537074 2.54815822249e-11
1.3627254509 2.51603976624e-11
1.38276553106 2.48517582423e-11
1.40280561122 2.45522177375e-11
1.42284569138 2.42301702262e-11
1.44288577154 2.3898859354e-11
1.4629258517 2.35772945424e-11
1.48296593186 2.32691677776e-11
1.50300601202 2.29804197224e-11
1.52304609218 2.26999035606e-11
1.54308617234 2.24291263668e-11
1.56312625251 2.21150973307e-11
1.58316633267 2.18074694956e-11
1.60320641283 2.15080866911e-11
1.62324649299 2.12175690359e-11
1.64328657315 2.09351687214e-11
1.66332665331 2.0659794282e-11
1.68336673347 2.04025627226e-11
1.70340681363 2.01786979004e-11
1.72344689379 1.99603719271e-11
1.74348697395 1.97472343893e-11
1.76352705411 1.94225128766e-11
1.78356713427 1.91018565655e-11
1.80360721443 1.87886980458e-11
1.82364729459 1.85201440427e-11
1.84368737475 1.82785260502e-11
1.86372745491 1.80423629007e-11
1.88376753507 1.78436169652e-11
1.90380761523 1.77200800847e-11
1.92384769539 1.7599266883e-11
1.94388777555 1.74810870235e-11
1.96392785571 1.72429161174e-11
1.98396793587 1.7007284891e-11
2.00400801603 1.6774052527e-11
2.02404809619 1.65558114492e-11
2.04408817635 1.63419968105e-11
2.06412825651 1.61325152808e-11
2.08416833667 1.59280852216e-11
2.10420841683 1.5729500564e-11
2.12424849699 1.55348180458e-11
2.14428857715 1.53439224295e-11
2.16432865731 1.51486432337e-11
2.18436873747 1.49570074637e-11
2.20440881764 1.47689879746e-11
2.2244488978 1.45606395131e-11
2.24448897796 1.43439954723e-11
2.26452905812 1.41313153448e-11
2.28456913828 1.39188584289e-11
2.30460921844 1.37029263209e-11
2.3246492986 1.34908343157e-11
2.34468937876 1.32825075036e-11
2.36472945892 1.31190880295e-11
2.38476953908 1.29585031775e-11
2.40480961924 1.28006791043e-11
2.4248496994 1.26411832241e-11
2.44488977956 1.24822582491e-11
2.46492985972 1.23259937371e-11
2.48496993988 1.21521859593e-11
2.50501002004 1.1942617853e-11
2.5250501002 1.17364607766e-11
2.54509018036 1.15345206767e-11
2.56513026052 1.14151346815e-11
2.58517034068 1.12976523557e-11
2.60521042084 1.11820281276e-11
2.625250501 1.10258861773e-11
2.64529058116 1.08525011773e-11
2.66533066132 1.06817838256e-11
2.68537074148 1.05149975084e-11
2.70541082164 1.03531666676e-11
2.7254509018 1.01937684912e-11
2.74549098196 1.00372374154e-11
2.76553106212 9.90530376337e-12
2.78557114228 9.77531053325e-12
2.80561122244 9.64721489509e-12
2.82565130261 9.47108449106e-12
2.84569138277 9.27537835512e-12
2.86573146293 9.08245989818e-12
2.88577154309 8.91773369706e-12
2.90581162325 8.7999717672e-12
2.92585170341 8.6838551201e-12
2.94589178357 8.5683025891e-12
2.96593186373 8.42255900167e-12
2.98597194389 8.27880635419e-12
3.00601202405 8.13700384589e-12
3.02605210421 7.99490459881e-12
3.04609218437 7.85377492278e-12
3.06613226453 7.71452067058e-12
3.08617234469 7.58001745145e-12
3.10621242485 7.45216556263e-12
3.12625250501 7.32597917946e-12
3.14629258517 7.20191028127e-12
3.16633266533 7.09041564548e-12
3.18637274549 6.98034561514e-12
3.20641282565 6.87167288743e-12
3.22645290581 6.74300371716e-12
3.24649298597 6.60736204995e-12
3.26653306613 6.47340808989e-12
3.28657314629 6.33618946302e-12
3.30661322645 6.19275209516e-12
3.32665330661 6.05106571213e-12
3.34669338677 5.91279270845e-12
3.36673346693 5.80668062627e-12
3.38677354709 5.7018411312e-12
3.40681362725 5.59825133707e-12
3.42685370741 5.49056608161e-12
3.44689378758 5.38211601472e-12
3.46693386774 5.27493534879e-12
3.4869739479 5.17077453581e-12
3.50701402806 5.0705458368e-12
3.52705410822 4.97146987029e-12
3.54709418838 4.87278021188e-12
3.56713426854 4.76411137173e-12
3.5871743487 4.65667047136e-12
3.60721442886 4.5504367093e-12
3.62725450902 4.45040065842e-12
3.64729458918 4.35329308108e-12
3.66733466934 4.25725834355e-12
3.6873747495 4.16541622787e-12
3.70741482966 4.07920209574e-12
3.72745490982 3.99392486973e-12
3.74749498998 3.90982097388e-12
3.76753507014 3.82979942513e-12
3.7875751503 3.7506334135e-12
3.80761523046 3.67230922689e-12
3.82765531062 3.58439168534e-12
3.84769539078 3.4938152637e-12
3.86773547094 3.40418637763e-12
3.8877755511 3.32054289987e-12
3.90781563126 3.24490273722e-12
3.92785571142 3.17004166894e-12
3.94789579158 3.0964711017e-12
3.96793587174 3.02937784665e-12
3.9879759519 2.96296510722e-12
4.00801603206 2.897222537e-12
4.02805611222 2.82592884957e-12
4.04809619238 2.75332497974e-12
4.06813627255 2.68144254946e-12
4.08817635271 2.61504801029e-12
4.10821643287 2.55577592963e-12
4.12825651303 2.49708421367e-12
4.14829659319 2.43874772092e-12
4.16833667335 2.37889130606e-12
4.18837675351 2.31961235472e-12
4.20841683367 2.26090251708e-12
4.22845691383 2.20683076896e-12
4.24849699399 2.15452807998e-12
4.26853707415 2.10272038467e-12
4.28857715431 2.05015391351e-12
4.30861723447 1.99646125473e-12
4.32865731463 1.94326951074e-12
4.34869739479 1.89115505936e-12
4.36873747495 1.84452407281e-12
4.38877755511 1.79832211282e-12
4.40881763527 1.7525432634e-12
4.42885771543 1.71036083739e-12
4.44889779559 1.66948457449e-12
4.46893787575 1.62897756824e-12
4.48897795591 1.58849609433e-12
4.50901803607 1.54795513923e-12
4.52905811623 1.50777545268e-12
4.54909819639 1.46815013152e-12
4.56913827655 1.43040085208e-12
4.58917835671 1.39298349737e-12
4.60921843687 1.35589369325e-12
4.62925851703 1.31953509526e-12
4.64929859719 1.28360359225e-12
4.66933867735 1.24798251853e-12
4.68937875752 1.2145324605e-12
4.70941883768 1.18359656674e-12
4.72945891784 1.15292452605e-12
4.749498998 1.12220462985e-12
4.76953907816 1.08958917208e-12
4.78957915832 1.05724831912e-12
4.80961923848 1.02517860614e-12
4.82965931864 9.963423225e-13
4.8496993988 9.68508278579e-13
4.86973947896 9.40904693426e-13
4.88977955912 9.14129275337e-13
4.90981963928 8.88262097064e-13
4.92985971944 8.62606450118e-13
4.9498997996 8.37498372486e-13
4.96993987976 8.14754410686e-13
4.98997995992 7.92194184163e-13
5.01002004008 7.70229779863e-13
5.03006012024 7.48824303106e-13
5.0501002004 7.2758966505e-13
5.07014028056 7.07633817407e-13
5.09018036072 6.87858767679e-13
5.11022044088 6.68239668146e-13
5.13026052104 6.48774675516e-13
5.1503006012 6.29461975528e-13
5.17034068136 6.11664558188e-13
5.19038076152 5.94093002457e-13
5.21042084168 5.76657326256e-13
5.23046092184 5.59355954727e-13
5.250501002 5.42187337337e-13
5.27054108216 5.26705901598e-13
5.29058116232 5.11516490703e-13
5.31062124248 4.96442302315e-13
5.33066132265 4.81482026371e-13
5.35070140281 4.66634372662e-13
5.37074148297 4.52324611278e-13
5.39078156313 4.38191747175e-13
5.41082164329 4.24164081223e-13
5.43086172345 4.102404398e-13
5.45090180361 3.96419666734e-13
5.47094188377 3.84054936285e-13
5.49098196393 3.72080699464e-13
5.51102204409 3.60193960459e-13
5.53106212425 3.48393760943e-13
5.55110220441 3.36679156582e-13
5.57114228457 3.25542497527e-13
5.59118236473 3.14626485049e-13
5.61122244489 3.03788798261e-13
5.63126252505 2.93028594791e-13
5.65130260521 2.82345044345e-13
5.67134268537 2.726347105e-13
5.69138276553 2.6331157644e-13
5.71142284569 2.5405415653e-13
5.73146292585 2.44861756487e-13
5.75150300601 2.35733691806e-13
5.77154308617 2.26994205505e-13
5.79158316633 2.18456244061e-13
5.81162324649 2.09977414259e-13
5.83166332665 2.01557102254e-13
5.85170340681 1.93194702701e-13
5.87174348697 1.85286705299e-13
5.89178356713 1.77639728759e-13
5.91182364729 1.70044807442e-13
5.93186372745 1.62501410207e-13
5.95190380762 1.55009013135e-13
5.97194388778 1.48300252148e-13
5.99198396794 1.42091734326e-13
6.0120240481 1.35924772237e-13
6.03206412826 1.29798948921e-13
6.05210420842 1.23713852999e-13
6.07214428858 1.17973151409e-13
6.09218436874 1.12493675655e-13
6.1122244489 1.07050269904e-13
6.13226452906 1.01642578212e-13
6.15230460922 9.62702493218e-14
6.17234468938 9.11093881898e-14
6.19238476954 8.61347001553e-14
6.2124248497 8.11922263152e-14
6.23246492986 7.6281653954e-14
6.25250501002 7.14026744046e-14
6.27254509018 6.69265517467e-14
6.29258517034 6.28569637851e-14
6.3126252505 5.88133088675e-14
6.33266533066 5.47953392383e-14
6.35270541082 5.08028102991e-14
6.37274549098 4.70916040518e-14
6.39278557114 4.37101077754e-14
6.4128256513 4.03498214938e-14
6.43286573146 3.70105457357e-14
6.45290581162 3.36920835323e-14
6.47294589178 3.07740206755e-14
6.49298597194 2.84095702614e-14
6.5130260521 2.60597235061e-14
6.53306613226 2.37243451214e-14
6.55310621242 2.1403301492e-14
6.57314629259 1.93609854599e-14
6.59318637275 1.77730773477e-14
6.61322645291 1.61948297156e-14
6.63326653307 1.46261543615e-14
6.65330661323 1.30669641597e-14
6.67334669339 1.15696997953e-14
6.69338677355 1.01861801445e-14
6.71342685371 8.81095109204e-15
6.73346693387 7.44393807583e-15
6.75350701403 6.08506743032e-15
6.77354709419 4.87636972185e-15
6.79358717435 4.01684207107e-15
6.81362725451 3.16239113646e-15
6.83366733467 2.31297187123e-15
6.85370741483 1.46853976393e-15
6.87374749499 8.03316862973e-16
6.89378757515 6.56320173524e-16
6.91382765531 5.10184523228e-16
6.93386773547 3.64902233942e-16
6.95390781563 2.20465721506e-16
6.97394789579 1.03997445774e-16
6.99398797595 8.868409416e-17
7.01402805611 7.34642901681e-17
7.03406813627 5.8337072419e-17
7.05410821643 4.33014948398e-17
7.07414829659 3.00503302409e-17
7.09418837675 2.50256645334e-17
7.11422845691 2.00343797786e-17
7.13426853707 1.50760572392e-17
7.15430861723 1.01502866083e-17
7.17434869739 5.87185960693e-18
7.19438877756 5.67983050219e-18
7.21442885772 5.49316945438e-18
7.23446893788 5.31171454468e-18
7.25450901804 5.13530884331e-18
7.2745490982 4.96541532175e-18
7.29458917836 4.81636616701e-18
7.31462925852 4.67182658005e-18
7.33466933868 4.5316588756e-18
7.35470941884 4.39572961656e-18
7.374749499 4.26390948131e-18
7.39478957916 4.13607313522e-18
7.41482965932 4.01209910628e-18
7.43486973948 3.89186966459e-18
7.45490981964 3.77527070572e-18
7.4749498998 3.66219163773e-18
7.49498997996 3.55252527175e-18
7.51503006012 3.44616771603e-18
7.53507014028 3.34301827337e-18
7.55511022044 3.24297934171e-18
7.5751503006 3.14595631788e-18
7.59519038076 3.05185750447e-18
7.61523046092 2.96059401946e-18
7.63527054108 2.87207970887e-18
7.65531062124 2.78623106205e-18
7.6753507014 2.70296712967e-18
7.69539078156 2.62220944427e-18
7.71543086172 2.54388194336e-18
7.73547094188 2.46791089485e-18
7.75551102204 2.39422482489e-18
7.7755511022 2.32275444794e-18
7.79559118236 2.25343259904e-18
7.81563126253 2.18619416821e-18
7.83567134269 2.12097603691e-18
7.85571142285 2.05771701643e-18
7.87575150301 1.99635778834e-18
7.89579158317 1.93684084662e-18
7.91583166333 1.8791104418e-18
7.93587174349 1.82311252665e-18
7.95591182365 1.76879470375e-18
7.97595190381 1.71610617452e-18
7.99599198397 1.66499769e-18
8.01603206413 1.61542150308e-18
8.03607214429 1.56733132219e-18
8.05611222445 1.52068226654e-18
8.07615230461 1.47543082265e-18
8.09619238477 1.43153480229e-18
8.11623246493 1.38895330172e-18
8.13627254509 1.34764666217e-18
8.15631262525 1.30757643163e-18
8.17635270541 1.26870532768e-18
8.19639278557 1.23099720166e-18
8.21643286573 1.19441700379e-18
8.23647294589 1.15893074948e-18
8.25651302605 1.12450548662e-18
8.27655310621 1.09110926393e-18
8.29659318637 1.05871110027e-18
8.31663326653 1.02728095492e-18
8.33667334669 9.96789698717e-19
8.35671342685 9.67209086188e-19
8.37675350701 9.38511728462e-19
8.39679358717 9.10671067063e-19
8.41683366733 8.83661348494e-19
8.43687374749 8.57457599618e-19
8.45691382766 8.32035603796e-19
8.47695390782 8.07371877761e-19
8.49699398798 7.8344364921e-19
8.51703406814 7.60228835085e-19
8.5370741483 7.37706020521e-19
8.55711422846 7.15854438455e-19
8.57715430862 6.9465394985e-19
8.59719438878 6.74085024538e-19
8.61723446894 6.5412872265e-19
8.6372745491 6.34766676617e-19
8.65731462926 6.15981073729e-19
8.67735470942 5.97754639229e-19
8.69739478958 5.80070619921e-19
8.71743486974 5.62912768298e-19
8.7374749499 5.46265327139e-19
8.75751503006 5.30113014592e-19
8.77755511022 5.14441009715e-19
8.79759519038 4.99234938452e-19
8.81763527054 4.84480860052e-19
8.8376753507 4.70165253893e-19
8.85771543086 4.5627500672e-19
8.87775551102 4.4279740027e-19
8.89779559118 4.29720099272e-19
8.91783567134 4.17031139827e-19
8.9378757515 4.04718918131e-19
8.95791583166 3.92772179551e-19
8.97795591182 3.81180008037e-19
8.99799599198 3.69931815846e-19
9.01803607214 3.59017333601e-19
9.0380761523 3.48426600631e-19
9.05811623246 3.38149955626e-19
9.07815631263 3.28178027565e-19
9.09819639279 3.18501726929e-19
9.11823647295 3.09112237174e-19
9.13827655311 3.00001006476e-19
9.15831663327 2.91159739716e-19
9.17835671343 2.8258039072e-19
9.19839679359 2.74255154725e-19
9.21843687375 2.66176461089e-19
9.23847695391 2.58336966208e-19
9.25851703407 2.50729546658e-19
9.27855711423 2.43347292546e-19
9.29859719439 2.3618350106e-19
9.31863727455 2.29231670218e-19
9.33867735471 2.22485492803e-19
9.35871743487 2.15938850492e-19
9.37875751503 2.09585808152e-19
9.39879759519 2.03420608317e-19
9.41883767535 1.97437665832e-19
9.43887775551 1.91631562659e-19
9.45891783567 1.85997042837e-19
9.47895791583 1.80529007605e-19
9.49899799599 1.75222510661e-19
9.51903807615 1.70072753575e-19
9.53907815631 1.65075081335e-19
9.55911823647 1.60224978033e-19
9.57915831663 1.55518062674e-19
9.59919839679 1.50950085123e-19
9.61923847695 1.46516922166e-19
9.63927855711 1.42214573695e-19
9.65931863727 1.38039159007e-19
9.67935871743 1.33986913214e-19
9.6993987976 1.30054183764e-19
9.71943887776 1.2623742707e-19
9.73947895792 1.22533205229e-19
9.75951903808 1.18938182858e-19
9.77955911824 1.15449124011e-19
9.7995991984 1.12062889195e-19
9.81963927856 1.08776432479e-19
9.83967935872 1.05586798685e-19
9.85971943888 1.02491120665e-19
9.87975951904 9.94866166658e-20
9.8997995992 0.0
9.91983967936 0.0
9.93987975952 0.0
9.95991983968 0.0
9.97995991984 0.0
10.0 0.0
