0.0 0.0
0.0200400801603 0.0
0.0400801603206 0.0
0.060120240481 0.0
0.0801603206413 0.0
0.100200400802 0.0
0.120240480962 0.0
0.140280561122 0.0
0.160320641283 0.0
0.180360721443 0.0
0.200400801603 0.0
0.220440881764 0.0
0.240480961924 0.0
0.260521042084 0.0
0.280561122244 0.0
0.300601202405 0.0
0.320641282565 0.0
0.340681362725 0.0
0.360721442886 0.0
0.380761523046 0.0
0.400801603206 0.0
0.420841683367 0.0
0.440881763527 0.0
0.460921843687 1.37021236786e-11
0.480961923848 9.23153606125e-12
0.501002004008 7.66391617149e-12
0.521042084168 6.83262761188e-12
0.541082164329 6.30394339204e-12
0.561122244489 5.93744126512e-12
0.581162324649 5.66962903243e-12
0.60120240481 5.46379490775e-12
0.62124248497 5.2977115758e-12
0.64128256513 5.16189393142e-12
0.661322645291 5.05133555786e-12
0.681362725451 4.95539520761e-12
0.701402805611 4.85575501356e-12
0.721442885772 4.76963910575e-12
0.741482965932 4.69145815083e-12
0.761523046092 4.61634443395e-12
0.781563126253 4.54898608273e-12
0.801603206413 4.49099870001e-12
0.821643286573 4.42346913268e-12
0.841683366733 4.35051862256e-12
0.861723446894 4.2828923328e-12
0.881763527054 4.20999345718e-12
0.901803607214 4.11799832404e-12
0.921843687375 4.03212345851e-12
0.941883767535 3.95068094723e-12
0.961923847695 3.86121209862e-12
0.981963927856 3.77597440891e-12
1.00200400802 3.69742182049e-12
1.02204408818 3.63009277349e-12
1.04208416834 3.57010679205e-12
1.0621242485 3.5120736065e-12
1.08216432866 3.45256580256e-12
1.10220440882 3.39227691947e-12
1.12224448898 3.33481493764e-12
1.14228456914 3.28390286837e-12
1.1623246493 3.22181131953e-12
1.18236472946 3.16149788691e-12
1.20240480962 3.10364635203e-12
1.22244488978 3.04710619167e-12
1.24248496994 2.99217229278e-12
1.2625250501 2.93917713303e-12
1.28256513026 2.88838862174e-12
1.30260521042 2.84117494707e-12
1.32264529058 2.79567976725e-12
1.34268537074 2.75173279074e-12
1.3627254509 2.7137759512e-12
1.38276553106 2.67736362835e-12
1.40280561122 2.64153797055e-12
1.42284569138 2.60323073226e-12
1.44288577154 2.56417038791e-12
1.4629258517 2.52620649041e-12
1.48296593186 2.48954553822e-12
1.50300601202 2.45510135952e-12
1.52304609218 2.42169610962e-12
1.54308617234 2.39117922374e-12
1.56312625251 2.35631465311e-12
1.58316633267 2.32222571507e-12
1.60320641283 2.28910906048e-12
1.62324649299 2.25701728689e-12
1.64328657315 2.22585979537e-12
1.66332665331 2.19531370375e-12
1.68336673347 2.16629083411e-12
1.70340681363 2.14082758719e-12
1.72344689379 2.11602300692e-12
1.74348697395 2.09170524158e-12
1.76352705411 2.05587147137e-12
1.78356713427 2.02054198089e-12
1.80360721443 1.98608095464e-12
1.82364729459 1.95633081243e-12
1.84368737475 1.92944286931e-12
1.86372745491 1.90318382138e-12
1.88376753507 1.88086461609e-12
1.90380761523 1.86639705269e-12
1.92384769539 1.85226092118e-12
1.94388777555 1.83844470314e-12
1.96392785571 1.81224492509e-12
1.98396793587 1.78635744641e-12
2.00400801603 1.75848930981e-12
2.02404809619 1.7370596886e-12
2.04408817635 1.71368747106e-12
2.06412825651 1.69081933122e-12
2.08416833667 1.66852687313e-12
2.10420841683 1.64688959672e-12
2.12424849699 1.62570403911e-12
2.14428857715 1.60495600291e-12
2.16432865731 1.58379878539e-12
2.18436873747 1.56306033958e-12
2.20440881764 1.542735901e-12
2.2244488978 1.5203497798e-12
2.24448897796 1.49714439174e-12
2.26452905812 1.47438474285e-12
2.28456913828 1.45168288593e-12
2.30460921844 1.42865554967e-12
2.3246492986 1.40605672559e-12
2.34468937876 1.38387722866e-12
2.36472945892 1.36636172203e-12
2.38476953908 1.34916568317e-12
2.40480961924 1.33228031664e-12
2.4248496994 1.31524721872e-12
2.44488977956 1.2982968276e-12
2.46492985972 1.28164371331e-12
2.48496993988 1.26320335069e-12
2.50501002004 1.24109706619e-12
2.5250501002 1.21936397839e-12
2.54509018036 1.19808624409e-12
2.56513026052 1.18533804318e-12
2.58517034068 1.17280329466e-12
2.60521042084 1.1604765957e-12
2.625250501 1.14399044221e-12
2.64529058116 1.12574367682e-12
2.66533066132 1.10778761428e-12
2.68537074148 1.0902517525e-12
2.70541082164 1.07324095588e-12
2.7254509018 1.05649470333e-12
2.74549098196 1.0400571687e-12
2.76553106212 1.02616569102e-12
2.78557114228 1.01248604335e-12
2.80561122244 9.99013337173e-13
2.82565130261 9.80606072089e-13
2.84569138277 9.60194916475e-13
2.86573146293 9.40082111505e-13
2.88577154309 9.22882263738e-13
2.90581162325 9.1052655715e-13
2.92585170341 8.98349286634e-13
2.94589178357 8.86238831548e-13
2.96593186373 8.71029920852e-13
2.98597194389 8.56034447968e-13
3.00601202405 8.4124788117e-13
3.02605210421 8.26438723819e-13
3.04609218437 8.11736991497e-13
3.06613226453 7.97235595807e-13
3.08617234469 7.83230063616e-13
3.10621242485 7.69915539438e-13
3.12625250501 7.5677884839e-13
3.14629258517 7.4386622994e-13
3.16633266533 7.32252872108e-13
3.18637274549 7.2079173202e-13
3.20641282565 7.09479789002e-13
3.22645290581 6.96116937395e-13
3.24649298597 6.82042491444e-13
3.26653306613 6.6814681591e-13
3.28657314629 6.53920543271e-13
3.30661322645 6.39059854394e-13
3.32665330661 6.24383999681e-13
3.34669338677 6.10063691694e-13
3.36673346693 5.99053814865e-13
3.38677354709 5.88178780424e-13
3.40681362725 5.7743608928e-13
3.42685370741 5.66276221368e-13
3.44689378758 5.55041422361e-13
3.46693386774 5.43940645507e-13
3.4869739479 5.33153651957e-13
3.50701402806 5.22774042804e-13
3.52705410822 5.12516058391e-13
3.54709418838 5.02300831175e-13
3.56713426854 4.91063192077e-13
3.5871743487 4.79954669129e-13
3.60721442886 4.68973019947e-13
3.62725450902 4.58630874476e-13
3.64729458918 4.48592210301e-13
3.66733466934 4.38666280909e-13
3.6873747495 4.29173489934e-13
3.70741482966 4.2026116718e-13
3.72745490982 4.11447305832e-13
3.74749498998 4.02756113744e-13
3.76753507014 3.94486314581e-13
3.7875751503 3.86306372761e-13
3.80761523046 3.78214811458e-13
3.82765531062 3.69139812506e-13
3.84769539078 3.5979359827e-13
3.86773547094 3.50546514761e-13
3.8877755511 3.41915870777e-13
3.90781563126 3.34108786309e-13
3.92785571142 3.26383282441e-13
3.94789579158 3.18791820682e-13
3.96793587174 3.1186695113e-13
3.9879759519 3.05013349443e-13
4.00801603206 2.98229906342e-13
4.02805611222 2.90877797004e-13
4.04809619238 2.83392460365e-13
4.06813627255 2.75982457843e-13
4.08817635271 2.69137111491e-13
4.10821643287 2.63024157976e-13
4.12825651303 2.56971875885e-13
4.14829659319 2.50957115803e-13
4.16833667335 2.44787344817e-13
4.18837675351 2.38677853561e-13
4.20841683367 2.32627751851e-13
4.22845691383 2.27054693476e-13
4.24849699399 2.21664116134e-13
4.26853707415 2.16325203418e-13
4.28857715431 2.10909234815e-13
4.30861723447 2.05378479581e-13
4.32865731463 1.99899927867e-13
4.34869739479 1.94532712144e-13
4.36873747495 1.89729034719e-13
4.38877755511 1.84970084516e-13
4.40881763527 1.80255231882e-13
4.42885771543 1.75910130816e-13
4.44889779559 1.71699697258e-13
4.46893787575 1.67527755226e-13
4.48897795591 1.63359011345e-13
4.50901803607 1.59184724825e-13
4.52905811623 1.5504805736e-13
4.54909819639 1.50968806707e-13
4.56913827655 1.47082580095e-13
4.58917835671 1.43230904484e-13
4.60921843687 1.39413315439e-13
4.62925851703 1.35671217214e-13
4.64929859719 1.31973388547e-13
4.66933867735 1.28307844029e-13
4.68937875752 1.24865476264e-13
4.70941883768 1.21681470908e-13
4.72945891784 1.18524917677e-13
4.749498998 1.15363823208e-13
4.76953907816 1.12008605074e-13
4.78957915832 1.08681915364e-13
4.80961923848 1.05383387513e-13
4.82965931864 1.02416923925e-13
4.8496993988 9.95535971939e-14
4.86973947896 9.67142163081e-14
4.88977955912 9.39600904077e-14
4.90981963928 9.12994221904e-14
4.92985971944 8.86607269865e-14
4.9498997996 8.60784688172e-14
4.96993987976 8.37389858687e-14
4.98997995992 8.14185929358e-14
5.01002004008 7.91595547461e-14
5.03006012024 7.69580777202e-14
5.0501002004 7.47743439468e-14
5.07014028056 7.27219966675e-14
5.09018036072 7.06883980136e-14
5.11022044088 6.86709929457e-14
5.13026052104 6.66695863673e-14
5.1503006012 6.46839863486e-14
5.17034068136 6.28539892646e-14
5.19038076152 6.10473300417e-14
5.21042084168 5.92547738908e-14
5.23046092184 5.74761542363e-14
5.250501002 5.57113071545e-14
5.27054108216 5.41196561336e-14
5.29058116232 5.25580998877e-14
5.31062124248 5.10085003223e-14
5.33066132265 4.94707188703e-14
5.35070140281 4.7944619131e-14
5.37074148297 4.64738120618e-14
5.39078156313 4.50212698172e-14
5.41082164329 4.35796353057e-14
5.43086172345 4.21487845944e-14
5.45090180361 4.07285956497e-14
5.47094188377 3.94578367198e-14
5.49098196393 3.82272264911e-14
5.51102204409 3.70056885556e-14
5.53106212425 3.57931216683e-14
5.55110220441 3.45894261102e-14
5.57114228457 3.34450883438e-14
5.59118236473 3.23234644578e-14
5.61122244489 3.12099570737e-14
5.63126252505 3.01044772978e-14
5.65130260521 2.9006937551e-14
5.67134268537 2.80092713696e-14
5.69138276553 2.70513828045e-14
5.71142284569 2.61003034337e-14
5.73146292585 2.51559599675e-14
5.75150300601 2.42182801827e-14
5.77154308617 2.33205092933e-14
5.79158316633 2.24434646031e-14
5.81162324649 2.15725434516e-14
5.83166332665 2.07076811177e-14
5.85170340681 1.98488138053e-14
5.87174348697 1.90365932922e-14
5.89178356713 1.8251189047e-14
5.91182364729 1.74711733732e-14
5.93186372745 1.66964903077e-14
5.95190380762 1.59270846734e-14
5.97194388778 1.52380716558e-14
5.99198396794 1.46003922585e-14
6.0120240481 1.3967015947e-14
6.03206412826 1.33378987254e-14
6.05210420842 1.27129972073e-14
6.07214428858 1.21234437452e-14
6.09218436874 1.15607096874e-14
6.1122244489 1.1001709618e-14
6.13226452906 1.04464059925e-14
6.15230460922 9.89476177834e-15
6.17234468938 9.36483051822e-15
6.19238476954 8.85401763382e-15
6.2124248497 8.3465380019e-15
6.23246492986 7.84235866945e-15
6.25250501002 7.34144712516e-15
6.27254509018 6.8818637107e-15
6.29258517034 6.46398386337e-15
6.3126252505 6.04878809516e-15
6.33266533066 5.63625026258e-15
6.35270541082 5.22634456808e-15
6.37274549098 4.84530189217e-15
6.39278557114 4.49808139811e-15
6.4128256513 4.15305655491e-15
6.43286573146 3.81020629082e-15
6.45290581162 3.46950980929e-15
6.47294589178 3.16987827191e-15
6.49298597194 2.92701632177e-15
6.5130260521 2.68566871411e-15
6.53306613226 2.44582107074e-15
6.55310621242 2.20745920033e-15
6.57314629259 1.99768498804e-15
6.59318637275 1.83450600395e-15
6.61322645291 1.67233139924e-15
6.63326653307 1.51115171381e-15
6.65330661323 1.35095761054e-15
6.67334669339 1.19712412471e-15
6.69338677355 1.05496244274e-15
6.71342685371 9.13662568507e-16
6.73346693387 7.73216503725e-16
6.75350701403 6.33616352749e-16
6.77354709419 5.09420208718e-16
6.79358717435 4.21025015843e-16
6.81362725451 3.33159997081e-16
6.83366733467 2.45820241749e-16
6.85370741483 1.59000902975e-16
6.87374749499 9.05593485461e-17
6.89378757515 7.52438675676e-17
6.91382765531 6.00243535231e-17
6.93386773547 4.48997836938e-17
6.95390781563 2.98691522956e-17
6.97394789579 1.77122008448e-17
6.99398797595 1.59300304364e-17
7.01402805611 1.41639253963e-17
7.03406813627 1.24135884845e-17
7.05410821643 1.06787301975e-17
7.07414829659 9.13266336247e-18
7.09418837675 8.4354779835e-18
7.11422845691 7.7472479999e-18
7.13426853707 7.0677609475e-18
7.15430861723 6.3968104794e-18
7.17434869739 5.7972484942e-18
7.19438877756 5.62139306368e-18
7.21442885772 5.45082079062e-18
7.23446893788 5.28537029111e-18
7.25450901804 5.12488517025e-18
7.2745490982 4.96937939347e-18
7.29458917836 4.82019007845e-18
7.31462925852 4.67551537122e-18
7.33466933868 4.5352174019e-18
7.35470941884 4.39916255568e-18
7.374749499 4.26722133988e-18
7.39478957916 4.13926825518e-18
7.41482965932 4.01518167101e-18
7.43486973948 3.89484370485e-18
7.45490981964 3.77814010528e-18
7.4749498998 3.66496013888e-18
7.49498997996 3.55519648051e-18
7.51503006012 3.44874510728e-18
7.53507014028 3.34550519563e-18
7.55511022044 3.24537902188e-18
7.5751503006 3.14827186573e-18
7.59519038076 3.05409191696e-18
7.61523046092 2.96275018493e-18
7.63527054108 2.87416041104e-18
7.65531062124 2.78823898388e-18
7.6753507014 2.70490485708e-18
7.69539078156 2.62407946973e-18
7.71543086172 2.54568666931e-18
7.73547094188 2.46965263702e-18
7.75551102204 2.39590581548e-18
7.7755511022 2.32437683871e-18
7.79559118236 2.25499846425e-18
7.81563126253 2.18770550746e-18
7.83567134269 2.12243477786e-18
7.85571142285 2.05912501749e-18
7.87575150301 1.99771684114e-18
7.89579158317 1.93815267851e-18
7.91583166333 1.88037671813e-18
7.93587174349 1.82433485311e-18
7.95591182365 1.76997462847e-18
7.97595190381 1.71724519025e-18
7.99599198397 1.66609723607e-18
8.01603206413 1.61648296735e-18
8.03607214429 1.56835604296e-18
8.05611222445 1.5216715343e-18
8.07615230461 1.47638588185e-18
8.09619238477 1.43245685301e-18
8.11623246493 1.38984350127e-18
8.13627254509 1.34850612665e-18
8.15631262525 1.30840623741e-18
8.17635270541 1.26950651284e-18
8.19639278557 1.23177076739e-18
8.21643286573 1.19516391571e-18
8.23647294589 1.15965193893e-18
8.25651302605 1.12520185189e-18
8.27655310621 1.09178167147e-18
8.29659318637 1.05936038582e-18
8.31663326653 1.02790792462e-18
8.33667334669 9.97395130178e-19
8.35671342685 9.67793729516e-19
8.37675350701 9.39076307247e-19
8.39679358717 9.11216279329e-19
8.41683366733 8.84187867621e-19
8.43687374749 8.57966075225e-19
8.45691382766 8.32526662591e-19
8.47695390782 8.07846124364e-19
8.49699398798 7.83901666945e-19
8.51703406814 7.60671186737e-19
8.5370741483 7.38133249078e-19
8.55711422846 7.1626706781e-19
8.57715430862 6.95052485484e-19
8.59719438878 6.7446995418e-19
8.61723446894 6.54500516907e-19
8.6372745491 6.35125789587e-19
8.65731462926 6.16327943587e-19
8.67735470942 5.98089688795e-19
8.69739478958 5.80394257207e-19
8.71743486974 5.63225387033e-19
8.7374749499 5.46567307277e-19
8.75751503006 5.30404722805e-19
8.77755511022 5.14722799857e-19
8.79759519038 4.99507152021e-19
8.81763527054 4.84743826624e-19
8.8376753507 4.70419291546e-19
8.85771543086 4.56520422441e-19
8.87775551102 4.43034490345e-19
8.89779559118 4.29949149669e-19
8.91783567134 4.17252426558e-19
8.9378757515 4.04932707603e-19
8.95791583166 3.92978728908e-19
8.97795591182 3.81379565483e-19
8.99799599198 3.70124620964e-19
9.01803607214 3.59203617654e-19
9.0380761523 3.48606586857e-19
9.05811623246 3.38323859519e-19
9.07815631263 3.2834605715e-19
9.09819639279 3.18664083021e-19
9.11823647295 3.09269113635e-19
9.13827655311 3.00152590455e-19
9.15831663327 2.9130621189e-19
9.17835671343 2.82721925516e-19
9.19839679359 2.74391920543e-19
9.21843687375 2.6630862051e-19
9.23847695391 2.58464676201e-19
9.25851703407 2.50852958774e-19
9.27855711423 2.43466553109e-19
9.29859719439 2.36298751349e-19
9.31863727455 2.29343046643e-19
9.33867735471 2.22593127077e-19
9.35871743487 2.16042869793e-19
9.37875751503 2.09686335281e-19
9.39879759519 2.03517761852e-19
9.41883767535 1.97531560276e-19
9.43887775551 1.91722308579e-19
9.45891783567 1.86084747004e-19
9.47895791583 1.80613773124e-19
9.49899799599 1.753044371e-19
9.51903807615 1.70151937087e-19
9.53907815631 1.65151614778e-19
9.55911823647 1.60298951081e-19
9.57915831663 1.55589561933e-19
9.59919839679 1.51019194232e-19
9.61923847695 1.46583721904e-19
9.63927855711 1.42279142077e-19
9.65931863727 1.38101571382e-19
9.67935871743 1.34047242357e-19
9.6993987976 1.30112499964e-19
9.71943887776 1.26293798215e-19
9.73947895792 1.22587696894e-19
9.75951903808 1.18990858378e-19
9.77955911824 1.15500044564e-19
9.7995991984 1.12112113873e-19
9.81963927856 1.08824018363e-19
9.83967935872 1.0563280091e-19
9.85971943888 1.02535592492e-19
9.87975951904 9.9529609544e-20
9.8997995992 0.0
9.91983967936 0.0
9.93987975952 0.0
9.95991983968 0.0
9.97995991984 0.0
10.0 0.0
