0.0 0.0
0.0200400801603 0.0
0.0400801603206 0.0
0.060120240481 0.0
0.0801603206413 0.0
0.100200400802 0.0
0.120240480962 0.0
0.140280561122 0.0
0.160320641283 0.0
0.180360721443 0.0
0.200400801603 0.0
0.220440881764 0.0
0.240480961924 3.29376598432e-09
0.260521042084 4.37513052662e-11
0.280561122244 3.82916030911e-11
0.300601202405 3.65280687817e-11
0.320641282565 3.651016482e-11
0.340681362725 3.76177972343e-11
0.360721442886 3.80447151605e-11
0.380761523046 3.84702781998e-11
0.400801603206 3.89282321001e-11
0.420841683367 3.94211476687e-11
0.440881763527 3.99260325533e-11
0.460921843687 4.04146449996e-11
0.480961923848 4.08569517776e-11
0.501002004008 4.11997498833e-11
0.521042084168 4.15322851662e-11
0.541082164329 4.18483868227e-11
0.561122244489 4.21371882286e-11
0.581162324649 4.24140709732e-11
0.60120240481 4.26789914163e-11
0.62124248497 4.29051114439e-11
0.64128256513 4.31039671761e-11
0.661322645291 4.32970850288e-11
0.681362725451 4.3425962683e-11
0.701402805611 4.33766332191e-11
0.721442885772 4.33353835496e-11
0.741482965932 4.32984411766e-11
0.761523046092 4.32081928637e-11
0.781563126253 4.31213758914e-11
0.801603206413 4.30444371963e-11
0.821643286573 4.28042509051e-11
0.841683366733 4.2461985126e-11
0.861723446894 4.2138577845e-11
0.881763527054 4.17408585988e-11
0.901803607214 4.11100691988e-11
0.921843687375 4.05102750211e-11
0.941883767535 3.99382244919e-11
0.961923847695 3.92559804508e-11
0.981963927856 3.85941563841e-11
1.00200400802 3.79631930748e-11
1.02204408818 3.74217076232e-11
1.04208416834 3.69433169179e-11
1.0621242485 3.64836293061e-11
1.08216432866 3.60248797962e-11
1.10220440882 3.55446098886e-11
1.12224448898 3.50828949857e-11
1.14228456914 3.46423549375e-11
1.1623246493 3.40693692619e-11
1.18236472946 3.35075183977e-11
1.20240480962 3.29655310618e-11
1.22244488978 3.24312943257e-11
1.24248496994 3.19083024876e-11
1.2625250501 3.14026690161e-11
1.28256513026 3.09205865926e-11
1.30260521042 3.0472785681e-11
1.32264529058 3.0039263366e-11
1.34268537074 2.96192666983e-11
1.3627254509 2.92616378244e-11
1.38276553106 2.89175105544e-11
1.40280561122 2.85830747983e-11
1.42284569138 2.8221528722e-11
1.44288577154 2.78482654319e-11
1.4629258517 2.74855212834e-11
1.48296593186 2.7137701782e-11
1.50300601202 2.68117457889e-11
1.52304609218 2.6494706373e-11
1.54308617234 2.61880564037e-11
1.56312625251 2.58302624524e-11
1.58316633267 2.54793535469e-11
1.60320641283 2.51375227578e-11
1.62324649299 2.48055352078e-11
1.64328657315 2.44825541507e-11
1.66332665331 2.41673763981e-11
1.68336673347 2.38730927848e-11
1.70340681363 2.36174752512e-11
1.72344689379 2.33679833147e-11
1.74348697395 2.31242551222e-11
1.76352705411 2.27494647026e-11
1.78356713427 2.23790736246e-11
1.80360721443 2.20171239e-11
1.82364729459 2.17071442632e-11
1.84368737475 2.14284638706e-11
1.86372745491 2.11559189969e-11
1.88376753507 2.09270218209e-11
1.90380761523 2.07861513059e-11
1.92384769539 2.06482977463e-11
1.94388777555 2.05133645689e-11
1.96392785571 2.02374033861e-11
1.98396793587 1.9964223277e-11
2.00400801603 1.96941251371e-11
2.02404809619 1.94404818615e-11
2.04408817635 1.91923585746e-11
2.06412825651 1.89491622136e-11
2.08416833667 1.87117458049e-11
2.10420841683 1.84810511734e-11
2.12424849699 1.8254803043e-11
2.14428857715 1.80328733482e-11
2.16432865731 1.78056635565e-11
2.18436873747 1.75826147865e-11
2.20440881764 1.73637014467e-11
2.2244488978 1.71207687936e-11
2.24448897796 1.68679666046e-11
2.26452905812 1.66197169337e-11
2.28456913828 1.63716247823e-11
2.30460921844 1.61193428537e-11
2.3246492986 1.58714813563e-11
2.34468937876 1.56279570936e-11
2.36472945892 1.54371944586e-11
2.38476953908 1.52496918448e-11
2.40480961924 1.50653659775e-11
2.4248496994 1.48790022598e-11
2.44488977956 1.46932430196e-11
2.46492985972 1.4510551054e-11
2.48496993988 1.4307139583e-11
2.50501002004 1.40615536665e-11
2.5250501002 1.38199170909e-11
2.54509018036 1.3583182311e-11
2.56513026052 1.34436223798e-11
2.58517034068 1.33062589907e-11
2.60521042084 1.31710404542e-11
2.625250501 1.29880456438e-11
2.64529058116 1.27846881508e-11
2.66533066132 1.25844254717e-11
2.68537074148 1.23887484721e-11
2.70541082164 1.21988667267e-11
2.7254509018 1.20118096487e-11
2.74549098196 1.1828091099e-11
2.76553106212 1.16733246615e-11
2.78557114228 1.152081108e-11
2.80561122244 1.13705013184e-11
2.82565130261 1.11635358319e-11
2.84569138277 1.09334562074e-11
2.86573146293 1.07066250288e-11
2.88577154309 1.05129959128e-11
2.90581162325 1.03747082419e-11
2.92585170341 1.02383348297e-11
2.94589178357 1.01026018391e-11
2.96593186373 9.93124276351e-12
2.98597194389 9.76220501446e-12
3.00601202405 9.59544157003e-12
3.02605210421 9.42830354138e-12
3.04609218437 9.26228512895e-12
3.06613226453 9.09845560946e-12
3.08617234469 8.94020780938e-12
3.10621242485 8.78978461227e-12
3.12625250501 8.64130611805e-12
3.14629258517 8.49530630927e-12
3.16633266533 8.36412212869e-12
3.18637274549 8.23460175146e-12
3.20641282565 8.10671361729e-12
3.22645290581 7.95521681732e-12
3.24649298597 7.79547617865e-12
3.26653306613 7.63770981244e-12
3.28657314629 7.47607468426e-12
3.30661322645 7.30708498103e-12
3.32665330661 7.14014515477e-12
3.34669338677 6.97721763004e-12
3.36673346693 6.85222919405e-12
3.38677354709 6.7287302688e-12
3.40681362725 6.60669430474e-12
3.42685370741 6.47981314801e-12
3.44689378758 6.35201776201e-12
3.46693386774 6.22570937261e-12
3.4869739479 6.10295453945e-12
3.50701402806 5.98483065748e-12
3.52705410822 5.86805755595e-12
3.54709418838 5.75173087247e-12
3.56713426854 5.62361465189e-12
3.5871743487 5.49693830194e-12
3.60721442886 5.371677619e-12
3.62725450902 5.25372466291e-12
3.64729458918 5.13922054724e-12
3.66733466934 5.02597492122e-12
3.6873747495 4.91767146692e-12
3.70741482966 4.81600543903e-12
3.72745490982 4.71543866824e-12
3.74749498998 4.61625055264e-12
3.76753507014 4.52187621821e-12
3.7875751503 4.42850594614e-12
3.80761523046 4.33612375621e-12
3.82765531062 4.23240752183e-12
3.84769539078 4.12554536784e-12
3.86773547094 4.0197960369e-12
3.8877755511 3.92110906127e-12
3.90781563126 3.83186804236e-12
3.92785571142 3.74354210704e-12
3.94789579158 3.65673538988e-12
3.96793587174 3.57757378254e-12
3.9879759519 3.49921160468e-12
4.00801603206 3.42163677809e-12
4.02805611222 3.33750160222e-12
4.04809619238 3.25181478236e-12
4.06813627255 3.16697592284e-12
4.08817635271 3.08861502556e-12
4.10821643287 3.01866321187e-12
4.12825651303 2.94939357527e-12
4.14829659319 2.88054028505e-12
4.16833667335 2.80988846456e-12
4.18837675351 2.73991561763e-12
4.20841683367 2.67061198183e-12
4.22845691383 2.60678426399e-12
4.24849699399 2.54504359864e-12
4.26853707415 2.48388506324e-12
4.28857715431 2.42182761494e-12
4.30861723447 2.35843722259e-12
4.32865731463 2.29563609406e-12
4.34869739479 2.23410523485e-12
4.36873747495 2.17905023584e-12
4.38877755511 2.12449998683e-12
4.40881763527 2.07044756334e-12
4.42885771543 2.02064216282e-12
4.44889779559 1.97237811863e-12
4.46893787575 1.92454858549e-12
4.48897795591 1.87674750439e-12
4.50901803607 1.8288744658e-12
4.52905811623 1.7814266319e-12
4.54909819639 1.73463220597e-12
4.56913827655 1.69005289365e-12
4.58917835671 1.64586430887e-12
4.60921843687 1.60206132671e-12
4.62925851703 1.5591209531e-12
4.64929859719 1.51668390127e-12
4.66933867735 1.47461235875e-12
4.68937875752 1.4351049305e-12
4.70941883768 1.39856721726e-12
4.72945891784 1.36234019669e-12
4.749498998 1.32605555663e-12
4.76953907816 1.28752986999e-12
4.78957915832 1.2493276102e-12
4.80961923848 1.21144471385e-12
4.82965931864 1.17738188077e-12
4.8496993988 1.14450252733e-12
4.86973947896 1.11189464086e-12
4.88977955912 1.0802646071e-12
4.90981963928 1.04970710154e-12
4.92985971944 1.01939879792e-12
4.9498997996 9.8973685386e-13
4.96993987976 9.6286815009e-13
4.98997995992 9.36215919551e-13
5.01002004008 9.10267206585e-13
5.03006012024 8.84978438779e-13
5.0501002004 8.59890974043e-13
5.07014028056 8.36314300617e-13
5.09018036072 8.12950757887e-13
5.11022044088 7.89770993977e-13
5.13026052104 7.6677284493e-13
5.1503006012 7.439541807e-13
5.17034068136 7.22925984689e-13
5.19038076152 7.02164283478e-13
5.21042084168 6.81562737059e-13
5.23046092184 6.6111949602e-13
5.250501002 6.40832739377e-13
5.27054108216 6.22539792668e-13
5.29058116232 6.04591640371e-13
5.31062124248 5.86779315876e-13
5.33066132265 5.69101280306e-13
5.35070140281 5.51556017996e-13
5.37074148297 5.34646222099e-13
5.39078156313 5.17945201228e-13
5.41082164329 5.01368213605e-13
5.43086172345 4.84913880173e-13
5.45090180361 4.6858084229e-13
5.47094188377 4.53968666853e-13
5.49098196393 4.39817824046e-13
5.51102204409 4.25770158123e-13
5.53106212425 4.1182454275e-13
5.55110220441 3.97979867967e-13
5.57114228457 3.84818157522e-13
5.59118236473 3.71917056193e-13
5.61122244489 3.59108330207e-13
5.63126252505 3.46390989241e-13
5.65130260521 3.33764057106e-13
5.67134268537 3.22287421577e-13
5.69138276553 3.11268337738e-13
5.71142284569 3.00326764757e-13
5.73146292585 2.89461886231e-13
5.75150300601 2.7867289721e-13
5.77154308617 2.6834312158e-13
5.79158316633 2.58251434713e-13
5.81162324649 2.48229504344e-13
5.83166332665 2.38276608474e-13
5.85170340681 2.2839203506e-13
5.87174348697 2.19044531524e-13
5.89178356713 2.10005486174e-13
5.91182364729 2.01027857186e-13
5.93186372745 1.92111019691e-13
5.95190380762 1.83254357288e-13
5.97194388778 1.75324045506e-13
5.99198396794 1.67985053272e-13
6.0120240481 1.60695094208e-13
6.03206412826 1.53453677701e-13
6.05210420842 1.46260319679e-13
6.07214428858 1.39474048174e-13
6.09218436874 1.3299654038e-13
6.1122244489 1.26561597691e-13
6.13226452906 1.20168801205e-13
6.15230460922 1.13817737514e-13
6.17234468938 1.07716622996e-13
6.19238476954 1.01835555789e-13
6.2124248497 9.59925079497e-14
6.23246492986 9.01871113714e-14
6.25250501002 8.44190026975e-14
6.27254509018 7.91271517997e-14
6.29258517034 7.4315915078e-14
6.3126252505 6.95352873127e-14
6.33266533066 6.47849768226e-14
6.35270541082 6.006469563e-14
6.37274549098 5.56769970967e-14
6.39278557114 5.16790994463e-14
6.4128256513 4.77062382867e-14
6.43286573146 4.37581787474e-14
6.45290581162 3.98346888942e-14
6.47294589178 3.63845980031e-14
6.49298597194 3.35890753277e-14
6.5130260521 3.08107917332e-14
6.53306613226 2.80495879167e-14
6.55310621242 2.53053065386e-14
6.57314629259 2.28905773117e-14
6.59318637275 2.10131373719e-14
6.61322645291 1.91471015504e-14
6.63326653307 1.72923659921e-14
6.65330661323 1.54488281041e-14
6.67334669339 1.36784976268e-14
6.69338677355 1.20426500154e-14
6.71342685371 1.04165902499e-14
6.73346693387 8.80023052298e-15
6.75350701403 7.19348407864e-15
6.77354709419 5.76430086107e-15
6.79358717435 4.74799596925e-15
6.81362725451 3.7376845748e-15
6.83366733467 2.73331363712e-15
6.85370741483 1.73483074331e-15
6.87374749499 9.48255663303e-16
6.89378757515 7.74483806273e-16
6.91382765531 6.01727313465e-16
6.93386773547 4.29977180374e-16
6.95390781563 2.59224511584e-16
6.97394789579 1.21542572841e-16
6.99398797595 1.03477722936e-16
7.01402805611 8.55220508615e-17
7.03406813627 6.76744629408e-17
7.05410821643 4.99338822841e-17
7.07414829659 3.43021431679e-17
7.09418837675 2.83974391615e-17
7.11422845691 2.25310429949e-17
7.13426853707 1.67024948958e-17
7.15430861723 1.09113439721e-17
7.17434869739 5.88465933682e-18
7.19438877756 5.68942471909e-18
7.21442885772 5.49957225203e-18
7.23446893788 5.31494002256e-18
7.25450901804 5.1353711024e-18
7.2745490982 4.96262335791e-18
7.29458917836 4.81367289024e-18
7.31462925852 4.66922844295e-18
7.33466933868 4.52915246068e-18
7.35470941884 4.39331163132e-18
7.374749499 4.26157675362e-18
7.39478957916 4.13382260884e-18
7.41482965932 4.00992783651e-18
7.43486973948 3.88977481414e-18
7.45490981964 3.7732495407e-18
7.4749498998 3.66024152381e-18
7.49498997996 3.55064367047e-18
7.51503006012 3.44435218125e-18
7.53507014028 3.34126644783e-18
7.55511022044 3.24128895374e-18
7.5751503006 3.14432517825e-18
7.59519038076 3.05028350331e-18
7.61523046092 2.95907512337e-18
7.63527054108 2.87061395805e-18
7.65531062124 2.78481656762e-18
7.6753507014 2.70160207103e-18
7.69539078156 2.62089206662e-18
7.71543086172 2.54261055524e-18
7.73547094188 2.46668386582e-18
7.75551102204 2.39304058331e-18
7.7755511022 2.32161147878e-18
7.79559118236 2.25232944182e-18
7.81563126253 2.18512941501e-18
7.83567134269 2.11994833041e-18
7.85571142285 2.0567250481e-18
7.87575150301 1.99540029662e-18
7.89579158317 1.93591661523e-18
7.91583166333 1.87821829806e-18
7.93587174349 1.82225133991e-18
7.95591182365 1.76796338384e-18
7.97595190381 1.71530367029e-18
7.99599198397 1.66422298791e-18
8.01603206413 1.61467362578e-18
8.03607214429 1.56660932726e-18
8.05611222445 1.51998524519e-18
8.07615230461 1.47475789851e-18
8.09619238477 1.43088513024e-18
8.11623246493 1.38832606673e-18
8.13627254509 1.34704107824e-18
8.15631262525 1.30699174071e-18
8.17635270541 1.2681407987e-18
8.19639278557 1.2304521295e-18
8.21643286573 1.19389070839e-18
8.23647294589 1.1584225749e-18
8.25651302605 1.12401480021e-18
8.27655310621 1.09063545544e-18
8.29659318637 1.0582535811e-18
8.31663326653 1.02683915727e-18
8.33667334669 9.96363074903e-19
8.35671342685 9.66797107885e-19
8.37675350701 9.38113886019e-19
8.39679358717 9.10286868826e-19
8.41683366733 8.83290320165e-19
8.43687374749 8.57099283631e-19
8.45691382766 8.31689558716e-19
8.47695390782 8.07037677709e-19
8.49699398798 7.83120883302e-19
8.51703406814 7.59917106898e-19
8.5370741483 7.37404947578e-19
8.55711422846 7.15563651722e-19
8.57715430862 6.94373093259e-19
8.59719438878 6.73813754525e-19
8.61723446894 6.53866707706e-19
8.6372745491 6.34513596862e-19
8.65731462926 6.15736620495e-19
8.67735470942 5.97518514662e-19
8.69739478958 5.79842536597e-19
8.71743486974 5.6269244885e-19
8.7374749499 5.46052503902e-19
8.75751503006 5.29907429258e-19
8.77755511022 5.14242412998e-19
8.79759519038 4.99043089775e-19
8.81763527054 4.8429552723e-19
8.8376753507 4.69986212841e-19
8.85771543086 4.56102041166e-19
8.87775551102 4.42630301475e-19
8.89779559118 4.29558665769e-19
8.91783567134 4.16875177159e-19
8.9378757515 4.04568238606e-19
8.95791583166 3.92626602004e-19
8.97795591182 3.81039357596e-19
8.99799599198 3.69795923716e-19
9.01803607214 3.58886036843e-19
9.0380761523 3.48299741961e-19
9.05811623246 3.38027383216e-19
9.07815631263 3.28059594847e-19
9.09819639279 3.18387292412e-19
9.11823647295 3.09001664269e-19
9.13827655311 2.99894163318e-19
9.15831663327 2.91056499004e-19
9.17835671343 2.8248062955e-19
9.19839679359 2.74158754445e-19
9.21843687375 2.6608330714e-19
9.23847695391 2.58246947989e-19
9.25851703407 2.50642557383e-19
9.27855711423 2.43263229111e-19
9.29859719439 2.36102263917e-19
9.31863727455 2.29153163246e-19
9.33867735471 2.22409623193e-19
9.35871743487 2.15865528628e-19
9.37875751503 2.09514947501e-19
9.39879759519 2.03352125323e-19
9.41883767535 1.9737147981e-19
9.43887775551 1.91567595694e-19
9.45891783567 1.85935219693e-19
9.47895791583 1.80469255624e-19
9.49899799599 1.75164759681e-19
9.51903807615 1.70016935838e-19
9.53907815631 1.65021131405e-19
9.55911823647 1.60172832715e-19
9.57915831663 1.55467660939e-19
9.59919839679 1.50901368029e-19
9.61923847695 1.46469832788e-19
9.63927855711 1.42169057054e-19
9.65931863727 1.37995162002e-19
9.67935871743 1.3394438456e-19
9.6993987976 1.30013073928e-19
9.71943887776 1.26197688205e-19
9.73947895792 1.22494791125e-19
9.75951903808 1.18901048879e-19
9.77955911824 1.15413227041e-19
9.7995991984 1.1202818759e-19
9.81963927856 1.0874288601e-19
9.83967935872 1.05554368494e-19
9.85971943888 1.02459769217e-19
9.87975951904 9.94563077012e-20
9.8997995992 0.0
9.91983967936 0.0
9.93987975952 0.0
9.95991983968 0.0
9.97995991984 0.0
10.0 0.0
