0.0 0.0
0.0200400801603 0.0
0.0400801603206 0.0
0.060120240481 0.0
0.0801603206413 0.0
0.100200400802 0.0
0.120240480962 0.0
0.140280561122 0.0
0.160320641283 0.0
0.180360721443 0.0
0.200400801603 0.0
0.220440881764 0.0
0.240480961924 0.0
0.260521042084 0.0
0.280561122244 0.0
0.300601202405 0.0
0.320641282565 0.0
0.340681362725 0.0
0.360721442886 1.00460231416e-10
0.380761523046 6.04331962682e-11
0.400801603206 5.02182896354e-11
0.420841683367 4.54526033925e-11
0.440881763527 4.27478667701e-11
0.460921843687 4.10404508501e-11
0.480961923848 3.9870555976e-11
0.501002004008 3.89763572474e-11
0.521042084168 3.83256737911e-11
0.541082164329 3.78375838435e-11
0.561122244489 3.74567743467e-11
0.581162324649 3.71655606301e-11
0.60120240481 3.69411745974e-11
0.62124248497 3.67448116116e-11
0.64128256513 3.65753378827e-11
0.661322645291 3.64423093762e-11
0.681362725451 3.62901679377e-11
0.701402805611 3.60192573243e-11
0.721442885772 3.5781050423e-11
0.741482965932 3.55677615069e-11
0.761523046092 3.53297826153e-11
0.781563126253 3.5111235723e-11
0.801603206413 3.49156210204e-11
0.821643286573 3.4601062587e-11
0.841683366733 3.42161225391e-11
0.861723446894 3.38570005192e-11
0.881763527054 3.34475112591e-11
0.901803607214 3.2860713177e-11
0.921843687375 3.23072553755e-11
0.941883767535 3.1783242839e-11
0.961923847695 3.1178566535e-11
0.981963927856 3.05964749989e-11
1.00200400802 3.00449478449e-11
1.02204408818 2.95694181441e-11
1.04208416834 2.91480184902e-11
1.0621242485 2.87449393624e-11
1.08216432866 2.8345405007e-11
1.10220440882 2.79322015755e-11
1.12224448898 2.75365440253e-11
1.14228456914 2.71610970737e-11
1.1623246493 2.66844894132e-11
1.18236472946 2.62190260412e-11
1.20240480962 2.57712999669e-11
1.22244488978 2.53316532569e-11
1.24248496994 2.4902651344e-11
1.2625250501 2.44888557263e-11
1.28256513026 2.4094871232e-11
1.30260521042 2.37290084321e-11
1.32264529058 2.33755613515e-11
1.34268537074 2.30338174817e-11
1.3627254509 2.27416218928e-11
1.38276553106 2.24608935887e-11
1.40280561122 2.21884459236e-11
1.42284569138 2.1895745358e-11
1.44288577154 2.15947893866e-11
1.4629258517 2.13027292201e-11
1.48296593186 2.10228736342e-11
1.50300601202 2.07606130706e-11
1.52304609218 2.05058726201e-11
1.54308617234 2.02601911433e-11
1.56312625251 1.99755283464e-11
1.58316633267 1.96967151499e-11
1.60320641283 1.94254129781e-11
1.62324649299 1.9162176609e-11
1.64328657315 1.89063258863e-11
1.66332665331 1.86568494617e-11
1.68336673347 1.84237540363e-11
1.70340681363 1.82208281815e-11
1.72344689379 1.80229456214e-11
1.74348697395 1.78297731745e-11
1.76352705411 1.75359177938e-11
1.78356713427 1.72457752031e-11
1.80360721443 1.69624424918e-11
1.82364729459 1.67194079486e-11
1.84368737475 1.65007187931e-11
1.86372745491 1.62869842789e-11
1.88376753507 1.61070483296e-11
1.90380761523 1.59950128602e-11
1.92384769539 1.58854574564e-11
1.94388777555 1.57782994591e-11
1.96392785571 1.55628813908e-11
1.98396793587 1.53497792293e-11
2.00400801603 1.51386171221e-11
2.02404809619 1.49415308437e-11
2.04408817635 1.47481933061e-11
2.06412825651 1.45587865997e-11
2.08416833667 1.43739577674e-11
2.10420841683 1.41944220456e-11
2.12424849699 1.40184250374e-11
2.14428857715 1.3845861838e-11
2.16432865731 1.36693599983e-11
2.18436873747 1.34961610574e-11
2.20440881764 1.33262397272e-11
2.2244488978 1.31379924465e-11
2.24448897796 1.29422755639e-11
2.26452905812 1.27501487211e-11
2.28456913828 1.25582365999e-11
2.30460921844 1.2363202269e-11
2.3246492986 1.21716445528e-11
2.34468937876 1.19834952596e-11
2.36472945892 1.18358674563e-11
2.38476953908 1.16908065303e-11
2.40480961924 1.1548245408e-11
2.4248496994 1.14041852396e-11
2.44488977956 1.12606487628e-11
2.46492985972 1.11195204825e-11
2.48496993988 1.09625758952e-11
2.50501002004 1.07733833139e-11
2.5250501002 1.058727598e-11
2.54509018036 1.04049804485e-11
2.56513026052 1.0297154748e-11
2.58517034068 1.01910520976e-11
2.60521042084 1.00866311354e-11
2.625250501 9.94567065419e-12
2.64529058116 9.78916394094e-12
2.66533066132 9.63506938277e-12
2.68537074148 9.48452619132e-12
2.70541082164 9.33845804074e-12
2.7254509018 9.19458927611e-12
2.74549098196 9.05331148549e-12
2.76553106212 8.93422294123e-12
2.78557114228 8.81688883973e-12
2.80561122244 8.70127036957e-12
2.82565130261 8.5423345931e-12
2.84569138277 8.36574866534e-12
2.86573146293 8.19168153863e-12
2.88577154309 8.04304426498e-12
2.90581162325 7.93676568867e-12
2.92585170341 7.83197420181e-12
2.94589178357 7.72769463573e-12
2.96593186373 7.59619092145e-12
2.98597194389 7.46648602015e-12
3.00601202405 7.33854300075e-12
3.02605210421 7.21033546786e-12
3.04609218437 7.08300530139e-12
3.06613226453 6.95736929592e-12
3.08617234469 6.83602055191e-12
3.10621242485 6.72067258563e-12
3.12625250501 6.60682906465e-12
3.14629258517 6.49489747699e-12
3.16633266533 6.39430740439e-12
3.18637274549 6.29500414488e-12
3.20641282565 6.19696299546e-12
3.22645290581 6.0808917871e-12
3.24649298597 5.958535189e-12
3.26653306613 5.83770260859e-12
3.28657314629 5.7139281617e-12
3.30661322645 5.58454800963e-12
3.32665330661 5.45674880509e-12
3.34669338677 5.33202951329e-12
3.36673346693 5.23631264919e-12
3.38677354709 5.14174486692e-12
3.40681362725 5.04830547175e-12
3.42685370741 4.95117456113e-12
3.44689378758 4.85335544752e-12
3.46693386774 4.75668237791e-12
3.4869739479 4.66273370096e-12
3.50701402806 4.57233193958e-12
3.52705410822 4.48297084045e-12
3.54709418838 4.39395927397e-12
3.56713426854 4.29595068065e-12
3.5871743487 4.19905051232e-12
3.60721442886 4.10323996901e-12
3.62725450902 4.01301894067e-12
3.64729458918 3.92543952225e-12
3.66733466934 3.83882847098e-12
3.6873747495 3.75599878694e-12
3.70741482966 3.6782446355e-12
3.72745490982 3.60133613399e-12
3.74749498998 3.52548642811e-12
3.76753507014 3.45331844598e-12
3.7875751503 3.38192263902e-12
3.80761523046 3.31128661708e-12
3.82765531062 3.23200140236e-12
3.84769539078 3.15031955303e-12
3.86773547094 3.06949280191e-12
3.8877755511 2.99406351577e-12
3.90781563126 2.92585106892e-12
3.92785571142 2.85834170977e-12
3.94789579158 2.79199652272e-12
3.96793587174 2.73149211422e-12
3.9879759519 2.67160182e-12
4.00801603206 2.61231629353e-12
4.02805611222 2.54802620828e-12
4.04809619238 2.48255534229e-12
4.06813627255 2.41773545768e-12
4.08817635271 2.3578640889e-12
4.10821643287 2.30441495091e-12
4.12825651303 2.25148950033e-12
4.14829659319 2.19888473188e-12
4.16833667335 2.14490997227e-12
4.18837675351 2.09145625438e-12
4.20841683367 2.03851603723e-12
4.22845691383 1.98975793818e-12
4.24849699399 1.94259517994e-12
4.26853707415 1.89587903895e-12
4.28857715431 1.84847910096e-12
4.30861723447 1.80006410377e-12
4.32865731463 1.75210104273e-12
4.34869739479 1.70510956943e-12
4.36873747495 1.66306226133e-12
4.38877755511 1.62140202653e-12
4.40881763527 1.58012352295e-12
4.42885771543 1.54208777389e-12
4.44889779559 1.50522988021e-12
4.46893787575 1.46870512648e-12
4.48897795591 1.43220360879e-12
4.50901803607 1.39564867535e-12
4.52905811623 1.35941966252e-12
4.54909819639 1.32369065648e-12
4.56913827655 1.28965324664e-12
4.58917835671 1.25591527784e-12
4.60921843687 1.22247280085e-12
4.62925851703 1.18968973601e-12
4.64929859719 1.15729189765e-12
4.66933867735 1.12517409769e-12
4.68937875752 1.09501378098e-12
4.70941883768 1.06712030671e-12
4.72945891784 1.03946485319e-12
4.749498998 1.01176639043e-12
4.76953907816 9.82359089088e-13
4.78957915832 9.53199496716e-13
4.80961923848 9.24284485566e-13
4.82965931864 8.98284735194e-13
4.8496993988 8.73188680246e-13
4.86973947896 8.48300509031e-13
4.88977955912 8.24159086201e-13
4.90981963928 8.00836596298e-13
4.92985971944 7.7770491329e-13
4.9498997996 7.550669903e-13
4.96993987976 7.34560533687e-13
4.98997995992 7.14219809909e-13
5.01002004008 6.9441633315e-13
5.03006012024 6.75116837209e-13
5.0501002004 6.55971438188e-13
5.07014028056 6.3797900289e-13
5.09018036072 6.20149636279e-13
5.11022044088 6.02460934976e-13
5.13026052104 5.84911235225e-13
5.1503006012 5.67498899501e-13
5.17034068136 5.51452715932e-13
5.19038076152 5.35610215064e-13
5.21042084168 5.19890272711e-13
5.23046092184 5.04291467474e-13
5.250501002 4.8881239993e-13
5.27054108216 4.74854438819e-13
5.29058116232 4.61159797096e-13
5.31062124248 4.47569079808e-13
5.33066132265 4.3408110459e-13
5.35070140281 4.2069470701e-13
5.37074148297 4.07793279422e-13
5.39078156313 3.95051372003e-13
5.41082164329 3.82404344657e-13
5.43086172345 3.69851138221e-13
5.45090180361 3.57390709292e-13
5.47094188377 3.46242977079e-13
5.49098196393 3.35447318879e-13
5.51102204409 3.24730575237e-13
5.53106212425 3.14091881308e-13
5.55110220441 3.03530384889e-13
5.57114228457 2.9348994883e-13
5.59118236473 2.83648459246e-13
5.61122244489 2.73877610062e-13
5.63126252505 2.64176641112e-13
5.65130260521 2.5454480314e-13
5.67134268537 2.4579036196e-13
5.69138276553 2.37385011528e-13
5.71142284569 2.2903892647e-13
5.73146292585 2.20751480273e-13
5.75150300601 2.12522055255e-13
5.77154308617 2.04642959842e-13
5.79158316633 1.96945561842e-13
5.81162324649 1.89301491411e-13
5.83166332665 1.81710194648e-13
5.85170340681 1.74171125324e-13
5.87174348697 1.67041721694e-13
5.89178356713 1.60147647707e-13
5.91182364729 1.53300518519e-13
5.93186372745 1.4649985487e-13
5.95190380762 1.39745184026e-13
5.97194388778 1.33696980251e-13
5.99198396794 1.28099761767e-13
6.0120240481 1.22540019058e-13
6.03206412826 1.17017375896e-13
6.05210420842 1.11531461094e-13
6.07214428858 1.0635603043e-13
6.09218436874 1.01416106539e-13
6.1122244489 9.6508710733e-14
6.13226452906 9.16335218514e-14
6.15230460922 8.67902229613e-14
6.17234468938 8.21375720416e-14
6.19238476954 7.76527654275e-14
6.2124248497 7.31970091526e-14
6.23246492986 6.87700210684e-14
6.25250501002 6.43715226817e-14
6.27254509018 6.03362063842e-14
6.29258517034 5.66673867971e-14
6.3126252505 5.3021953105e-14
6.33266533066 4.93996817701e-14
6.35270541082 4.58003521058e-14
6.37274549098 4.24546394499e-14
6.39278557114 3.94061638875e-14
6.4128256513 3.63768148976e-14
6.43286573146 3.33664125083e-14
6.45290581162 3.03747790075e-14
6.47294589178 2.77441066346e-14
6.49298597194 2.56125144413e-14
6.5130260521 2.34940915723e-14
6.53306613226 2.1388715957e-14
6.55310621242 1.92962670362e-14
6.57314629259 1.74550912022e-14
6.59318637275 1.60235612263e-14
6.61322645291 1.46007431127e-14
6.63326653307 1.31865572688e-14
6.65330661323 1.17809250742e-14
6.67334669339 1.04311208708e-14
6.69338677355 9.18385834578e-15
6.71342685371 7.94407222196e-15
6.73346693387 6.71169521649e-15
6.75350701403 5.48666085638e-15
6.77354709419 4.39700695194e-15
6.79358717435 3.62212528598e-15
6.81362725451 2.85182199179e-15
6.83366733467 2.0860564124e-15
6.85370741483 1.32478837474e-15
6.87374749499 7.25075306325e-16
6.89378757515 5.92533387904e-16
6.91382765531 4.60768643831e-16
6.93386773547 3.29774123987e-16
6.95390781563 1.99542963828e-16
6.97394789579 9.45253959852e-17
6.99398797595 8.06974027908e-17
7.01402805611 6.6954463301e-17
7.03406813627 5.32956887958e-17
7.05410821643 3.97202050367e-17
7.07414829659 2.77539824835e-17
7.09418837675 2.32043710342e-17
7.11422845691 1.8685462678e-17
7.13426853707 1.41968612492e-17
7.15430861723 9.73817876079e-18
7.17434869739 5.86361531793e-18
7.19438877756 5.67336362398e-18
7.21442885772 5.48847061103e-18
7.23446893788 5.30877442123e-18
7.25450901804 5.13411818571e-18
7.2745490982 4.9658058044e-18
7.29458917836 4.81674284534e-18
7.31462925852 4.67218995036e-18
7.33466933868 4.53200941601e-18
7.35470941884 4.39606778769e-18
7.374749499 4.26423572693e-18
7.39478957916 4.13638788291e-18
7.41482965932 4.012402768e-18
7.43486973948 3.89216263727e-18
7.45490981964 3.77555337182e-18
7.4749498998 3.66246436578e-18
7.49498997996 3.55278841685e-18
7.51503006012 3.4464216204e-18
7.53507014028 3.34326326676e-18
7.55511022044 3.24321574191e-18
7.5751503006 3.14618443115e-18
7.59519038076 3.05207762594e-18
7.61523046092 2.9608064336e-18
7.63527054108 2.87228468982e-18
7.65531062124 2.78642887404e-18
7.6753507014 2.70315802737e-18
7.69539078156 2.62239367316e-18
7.71543086172 2.54405974005e-18
7.73547094188 2.4680824874e-18
7.75551102204 2.39439043315e-18
7.7755511022 2.32291428382e-18
7.79559118236 2.25358686685e-18
7.81563126253 2.18634306488e-18
7.83567134269 2.1211197523e-18
7.85571142285 2.05785573358e-18
7.87575150301 1.9964916837e-18
7.89579158317 1.93697009034e-18
7.91583166333 1.87923519789e-18
7.93587174349 1.82323295327e-18
7.95591182365 1.76891095337e-18
7.97595190381 1.71621839417e-18
7.99599198397 1.66510602146e-18
8.01603206413 1.61552608304e-18
8.03607214429 1.56743228248e-18
8.05611222445 1.52077973426e-18
8.07615230461 1.47552492038e-18
8.09619238477 1.43162564823e-18
8.11623246493 1.38904100987e-18
8.13627254509 1.34773134247e-18
8.15631262525 1.3076581901e-18
8.17635270541 1.26878426658e-18
8.19639278557 1.2310734196e-18
8.21643286573 1.19449059588e-18
8.23647294589 1.15900180747e-18
8.25651302605 1.12457409899e-18
8.27655310621 1.09117551603e-18
8.29659318637 1.05877507443e-18
8.31663326653 1.02734273054e-18
8.33667334669 9.96849352401e-19
8.35671342685 9.67266691826e-19
8.37675350701 9.38567357334e-19
8.39679358717 9.10724787928e-19
8.41683366733 8.83713227686e-19
8.43687374749 8.57507701131e-19
8.45691382766 8.32083989366e-19
8.47695390782 8.0741860695e-19
8.49699398798 7.83488779481e-19
8.51703406814 7.60272421877e-19
8.5370741483 7.37748117326e-19
8.55711422846 7.15895096882e-19
8.57715430862 6.94693219696e-19
8.59719438878 6.7412295385e-19
8.61723446894 6.54165357789e-19
8.6372745491 6.34802062318e-19
8.65731462926 6.1601525316e-19
8.67735470942 5.97787654042e-19
8.69739478958 5.80102510313e-19
8.71743486974 5.62943573057e-19
8.7374749499 5.46295083696e-19
8.75751503006 5.30141759072e-19
8.77755511022 5.14468776977e-19
8.79759519038 4.99261762141e-19
8.81763527054 4.84506772637e-19
8.8376753507 4.7019028671e-19
8.85771543086 4.56299190014e-19
8.87775551102 4.4282076323e-19
8.89779559118 4.29742670073e-19
8.91783567134 4.17052945661e-19
8.9378757515 4.04739985245e-19
8.95791583166 3.92792533279e-19
8.97795591182 3.81199672832e-19
8.99799599198 3.69950815314e-19
9.01803607214 3.59035690524e-19
9.0380761523 3.48444337005e-19
9.05811623246 3.38167092682e-19
9.07815631263 3.28194585799e-19
9.09819639279 3.18517726125e-19
9.11823647295 3.09127696433e-19
9.13827655311 3.00015944237e-19
9.15831663327 2.9117417378e-19
9.17835671343 2.82594338272e-19
9.19839679359 2.74268632359e-19
9.21843687375 2.66189484822e-19
9.23847695391 2.58349551506e-19
9.25851703407 2.50741708453e-19
9.27855711423 2.43359045255e-19
9.29859719439 2.36194858603e-19
9.31863727455 2.29242646035e-19
9.33867735471 2.22496099873e-19
9.35871743487 2.15949101344e-19
9.37875751503 2.09595714887e-19
9.39879759519 2.03430182618e-19
9.41883767535 1.97446918981e-19
9.43887775551 1.9164050555e-19
9.45891783567 1.86005685991e-19
9.47895791583 1.8053736118e-19
9.49899799599 1.75230584469e-19
9.51903807615 1.7008055709e-19
9.53907815631 1.65082623707e-19
9.55911823647 1.60232268096e-19
9.57915831663 1.55525108963e-19
9.59919839679 1.50956895879e-19
9.61923847695 1.46523505349e-19
9.63927855711 1.42220936992e-19
9.65931863727 1.38045309842e-19
9.67935871743 1.33992858758e-19
9.6993987976 1.30059930944e-19
9.71943887776 1.26242982575e-19
9.73947895792 1.2253857552e-19
9.75951903808 1.18943374177e-19
9.77955911824 1.15454142385e-19
9.7995991984 1.12067740447e-19
9.81963927856 1.08781122234e-19
9.83967935872 1.05591332375e-19
9.85971943888 1.0249550354e-19
9.87975951904 9.94908537945e-20
9.8997995992 0.0
9.91983967936 0.0
9.93987975952 0.0
9.95991983968 0.0
9.97995991984 0.0
10.0 0.0
