0.0 0.0
0.0200400801603 0.0
0.0400801603206 0.0
0.060120240481 0.0
0.0801603206413 0.0
0.100200400802 0.0
0.120240480962 0.0
0.140280561122 0.0
0.160320641283 0.0
0.180360721443 0.0
0.200400801603 0.0
0.220440881764 0.0
0.240480961924 1.9766020301e-09
0.260521042084 3.86857411113e-11
0.280561122244 3.55504667867e-11
0.300601202405 3.45697889687e-11
0.320641282565 3.49067231358e-11
0.340681362725 3.61923208378e-11
0.360721442886 3.67588621106e-11
0.380761523046 3.72835367808e-11
0.400801603206 3.78136493563e-11
0.420841683367 3.83602478757e-11
0.440881763527 3.89062064207e-11
0.460921843687 3.94272941438e-11
0.480961923848 3.98963495704e-11
0.501002004008 4.02628357229e-11
0.521042084168 4.06149520666e-11
0.541082164329 4.09474313794e-11
0.561122244489 4.1250346028e-11
0.581162324649 4.15392363303e-11
0.60120240481 4.18144190536e-11
0.62124248497 4.20499074736e-11
0.64128256513 4.22572481754e-11
0.661322645291 4.24577469258e-11
0.681362725451 4.25942165469e-11
0.701402805611 4.25549272996e-11
0.721442885772 4.25226767644e-11
0.741482965932 4.24938389013e-11
0.761523046092 4.24120032455e-11
0.781563126253 4.23329256617e-11
0.801603206413 4.22630393136e-11
0.821643286573 4.20324035732e-11
0.841683366733 4.17010597214e-11
0.861723446894 4.13877905418e-11
0.881763527054 4.10011173606e-11
0.901803607214 4.03851374335e-11
0.921843687375 3.97992421154e-11
0.941883767535 3.92402639946e-11
0.961923847695 3.85727261559e-11
0.981963927856 3.7924975377e-11
1.00200400802 3.73073281816e-11
1.02204408818 3.67774057298e-11
1.04208416834 3.63092950202e-11
1.0621242485 3.58593755691e-11
1.08216432866 3.54101766225e-11
1.10220440882 3.49396821269e-11
1.12224448898 3.4487293714e-11
1.14228456914 3.40556580027e-11
1.1623246493 3.34937114847e-11
1.18236472946 3.29425975574e-11
1.20240480962 3.24109064861e-11
1.22244488978 3.1886739165e-11
1.24248496994 3.13735392006e-11
1.2625250501 3.0877321838e-11
1.28256513026 3.04041790635e-11
1.30260521042 2.99646762425e-11
1.32264529058 2.95391515733e-11
1.34268537074 2.91268686528e-11
1.3627254509 2.87758624976e-11
1.38276553106 2.84380867443e-11
1.40280561122 2.81097884847e-11
1.42284569138 2.77547835825e-11
1.44288577154 2.73882170109e-11
1.4629258517 2.70319567977e-11
1.48296593186 2.66903355612e-11
1.50300601202 2.6370185633e-11
1.52304609218 2.60587764348e-11
1.54308617234 2.57575878015e-11
1.56312625251 2.54060718007e-11
1.58316633267 2.50613016591e-11
1.60320641283 2.47254363218e-11
1.62324649299 2.43992299409e-11
1.64328657315 2.40818609769e-11
1.66332665331 2.37721439129e-11
1.68336673347 2.34829524241e-11
1.70340681363 2.32317772656e-11
1.72344689379 2.29866121961e-11
1.74348697395 2.27470999812e-11
1.76352705411 2.23786520245e-11
1.78356713427 2.20145160137e-11
1.80360721443 2.16586691356e-11
1.82364729459 2.13539315245e-11
1.84368737475 2.10799710249e-11
1.86372745491 2.08120350151e-11
1.88376753507 2.05870259445e-11
1.90380761523 2.04486025899e-11
1.92384769539 2.03131396982e-11
1.94388777555 2.01805426654e-11
1.96392785571 1.99092012132e-11
1.98396793587 1.96405871726e-11
2.00400801603 1.93749574756e-11
2.02404809619 1.91255920955e-11
2.04408817635 1.88816076372e-11
2.06412825651 1.86424637305e-11
2.08416833667 1.8408999946e-11
2.10420841683 1.81821432174e-11
2.12424849699 1.79596554554e-11
2.14428857715 1.7741410966e-11
2.16432865731 1.75179667561e-11
2.18436873747 1.72986113942e-11
2.20440881764 1.70833199583e-11
2.2244488978 1.68443929031e-11
2.24448897796 1.65957512329e-11
2.26452905812 1.63515841235e-11
2.28456913828 1.61075677623e-11
2.30460921844 1.58594251753e-11
2.3246492986 1.56156277377e-11
2.34468937876 1.53760937982e-11
2.36472945892 1.51884670391e-11
2.38476953908 1.50040447168e-11
2.40480961924 1.48227450458e-11
2.4248496994 1.46394375961e-11
2.44488977956 1.44567221995e-11
2.46492985972 1.42770220861e-11
2.48496993988 1.40769336245e-11
2.50501002004 1.38353471327e-11
2.5250501002 1.35976436582e-11
2.54509018036 1.33647604624e-11
2.56513026052 1.32274862029e-11
2.58517034068 1.3092371361e-11
2.60521042084 1.29593651573e-11
2.625250501 1.27793492131e-11
2.64529058116 1.25792960375e-11
2.66533066132 1.23822859773e-11
2.68537074148 1.21897860296e-11
2.70541082164 1.20029864333e-11
2.7254509018 1.18189644262e-11
2.74549098196 1.16382256916e-11
2.76553106212 1.14859725699e-11
2.78557114228 1.13359347657e-11
2.80561122244 1.11880640886e-11
2.82565130261 1.09844458031e-11
2.84569138277 1.07580828221e-11
2.86573146293 1.05349145903e-11
2.88577154309 1.03444142254e-11
2.90581162325 1.02083662371e-11
2.92585170341 1.00742007812e-11
2.94589178357 9.94066449082e-12
2.96593186373 9.77207241729e-12
2.98597194389 9.60576337348e-12
3.00601202405 9.44169113625e-12
3.02605210421 9.2772493176e-12
3.04609218437 9.11390819674e-12
3.06613226453 8.9527199492e-12
3.08617234469 8.79702307798e-12
3.10621242485 8.6490245903e-12
3.12625250501 8.50293884253e-12
3.14629258517 8.35929129673e-12
3.16633266533 8.23022134969e-12
3.18637274549 8.10278788181e-12
3.20641282565 7.97695986454e-12
3.22645290581 7.82790052568e-12
3.24649298597 7.67072862364e-12
3.26653306613 7.51549868725e-12
3.28657314629 7.35646122931e-12
3.30661322645 7.19018622219e-12
3.32665330661 7.02592760925e-12
3.34669338677 6.86561644144e-12
3.36673346693 6.74263673778e-12
3.38677354709 6.62112221378e-12
3.40681362725 6.50104676336e-12
3.42685370741 6.37620314938e-12
3.44689378758 6.25045945651e-12
3.46693386774 6.12617851744e-12
3.4869739479 6.0053938628e-12
3.50701402806 5.88916568512e-12
3.52705410822 5.77426628608e-12
3.54709418838 5.65980577611e-12
3.56713426854 5.53374381253e-12
3.5871743487 5.40909830232e-12
3.60721442886 5.28584544335e-12
3.62725450902 5.16978314142e-12
3.64729458918 5.05711421334e-12
3.66733466934 4.94568332979e-12
3.6873747495 4.83911532401e-12
3.70741482966 4.73907838821e-12
3.72745490982 4.64012286267e-12
3.74749498998 4.54252369187e-12
3.76753507014 4.44966113795e-12
3.7875751503 4.35778635728e-12
3.80761523046 4.26688363346e-12
3.82765531062 4.16482764993e-12
3.84769539078 4.05967573528e-12
3.86773547094 3.95561861875e-12
3.8877755511 3.85851083626e-12
3.90781563126 3.77069795421e-12
3.92785571142 3.68378533989e-12
3.94789579158 3.59836748931e-12
3.96793587174 3.52047250373e-12
3.9879759519 3.44336401109e-12
4.00801603206 3.36703013172e-12
4.02805611222 3.28424045604e-12
4.04809619238 3.19992373039e-12
4.06813627255 3.11644125985e-12
4.08817635271 3.03933319885e-12
4.10821643287 2.97049986933e-12
4.12825651303 2.90233769466e-12
4.14829659319 2.83458509042e-12
4.16833667335 2.76506252527e-12
4.18837675351 2.69620797105e-12
4.20841683367 2.62801182519e-12
4.22845691383 2.565204111e-12
4.24849699399 2.50445004182e-12
4.26853707415 2.44426870955e-12
4.28857715431 2.38320270037e-12
4.30861723447 2.32082490666e-12
4.32865731463 2.25902687491e-12
4.34869739479 2.19847875175e-12
4.36873747495 2.14430310673e-12
4.38877755511 2.09062407574e-12
4.40881763527 2.03743484735e-12
4.42885771543 1.98842483161e-12
4.44889779559 1.94093151812e-12
4.46893787575 1.89386571575e-12
4.48897795591 1.84682784244e-12
4.50901803607 1.79971909097e-12
4.52905811623 1.75302869776e-12
4.54909819639 1.70698122965e-12
4.56913827655 1.66311349615e-12
4.58917835671 1.61963020152e-12
4.60921843687 1.57652630428e-12
4.62925851703 1.53427120789e-12
4.64929859719 1.49251135537e-12
4.66933867735 1.45111113279e-12
4.68937875752 1.41223410148e-12
4.70941883768 1.37627940223e-12
4.72945891784 1.34063039955e-12
4.749498998 1.30492465273e-12
4.76953907816 1.26701353401e-12
4.78957915832 1.22942064376e-12
4.80961923848 1.19214198458e-12
4.82965931864 1.15862246991e-12
4.8496993988 1.12626753808e-12
4.86973947896 1.09417971183e-12
4.88977955912 1.06305412186e-12
4.90981963928 1.03298393705e-12
4.92985971944 1.00315895183e-12
4.9498997996 9.73969996694e-13
4.96993987976 9.47529747889e-13
4.98997995992 9.21302496609e-13
5.01002004008 8.95767528365e-13
5.03006012024 8.70881966265e-13
5.0501002004 8.46194476125e-13
5.07014028056 8.22993685875e-13
5.09018036072 8.00002609178e-13
5.11022044088 7.77192362337e-13
5.13026052104 7.54560816427e-13
5.1503006012 7.32105875882e-13
5.17034068136 7.11412864019e-13
5.19038076152 6.90982083944e-13
5.21042084168 6.7070889e-13
5.23046092184 6.50591462691e-13
5.250501002 6.3062801048e-13
5.27054108216 6.12626597015e-13
5.29058116232 5.94964471851e-13
5.31062124248 5.77435996953e-13
5.33066132265 5.60039658316e-13
5.35070140281 5.42773964765e-13
5.37074148297 5.26133604541e-13
5.39078156313 5.09698681931e-13
5.41082164329 4.93385804997e-13
5.43086172345 4.77193616954e-13
5.45090180361 4.61120781095e-13
5.47094188377 4.46741394715e-13
5.49098196393 4.32815984973e-13
5.51102204409 4.18992099405e-13
5.53106212425 4.05268629855e-13
5.55110220441 3.91644484268e-13
5.57114228457 3.78692420021e-13
5.59118236473 3.65996807008e-13
5.61122244489 3.53392090225e-13
5.63126252505 3.40877295316e-13
5.65130260521 3.28451461833e-13
5.67134268537 3.17157604564e-13
5.69138276553 3.06314007884e-13
5.71142284569 2.95546681407e-13
5.73146292585 2.84854821886e-13
5.75150300601 2.74237637339e-13
5.77154308617 2.64072349942e-13
5.79158316633 2.54141355411e-13
5.81162324649 2.4427900123e-13
5.83166332665 2.34484577029e-13
5.85170340681 2.24757382228e-13
5.87174348697 2.15558703379e-13
5.89178356713 2.06663568024e-13
5.91182364729 1.9782886666e-13
5.93186372745 1.89053984474e-13
5.95190380762 1.80338314986e-13
5.97194388778 1.72534248167e-13
5.99198396794 1.65312085843e-13
6.0120240481 1.58138172648e-13
6.03206412826 1.51012025862e-13
6.05210420842 1.43933169197e-13
6.07214428858 1.3725491709e-13
6.09218436874 1.30880511792e-13
6.1122244489 1.24547991192e-13
6.13226452906 1.18256943121e-13
6.15230460922 1.12006960814e-13
6.17234468938 1.06002947354e-13
6.19238476954 1.00215476913e-13
6.2124248497 9.44654182693e-14
6.23246492986 8.8752409232e-14
6.25250501002 8.30760922814e-14
6.27254509018 7.7868452491e-14
6.29258517034 7.31337772915e-14
6.3126252505 6.84292220539e-14
6.33266533066 6.37544997801e-14
6.35270541082 5.91093271157e-14
6.37274549098 5.47914435909e-14
6.39278557114 5.08571572866e-14
6.4128256513 4.69475076221e-14
6.43286573146 4.30622634952e-14
6.45290581162 3.92011966932e-14
6.47294589178 3.58059957513e-14
6.49298597194 3.30549479033e-14
6.5130260521 3.03208639257e-14
6.53306613226 2.7603587069e-14
6.55310621242 2.49029625153e-14
6.57314629259 2.25266464415e-14
6.59318637275 2.06790713818e-14
6.61322645291 1.88427184681e-14
6.63326653307 1.70174855075e-14
6.65330661323 1.52032715495e-14
6.67334669339 1.3461099905e-14
6.69338677355 1.18512713262e-14
6.71342685371 1.02510744504e-14
6.73346693387 8.6604228748e-15
6.75350701403 7.07923123163e-15
6.77354709419 5.67277790953e-15
6.79358717435 4.67263501239e-15
6.81362725451 3.67839006533e-15
6.83366733467 2.68999087457e-15
6.85370741483 1.70738586408e-15
6.87374749499 9.33317850528e-16
6.89378757515 7.62305765688e-16
6.91382765531 5.9229296827e-16
6.93386773547 4.23270594181e-16
6.95390781563 2.55229886783e-16
6.97394789579 1.19733977737e-16
6.99398797595 1.01952716589e-16
7.01402805611 8.42790048476e-17
7.03406813627 6.67117628616e-17
7.05410821643 4.9249927604e-17
7.07414829659 3.3863492233e-17
7.09418837675 2.80494866468e-17
7.11422845691 2.22732753732e-17
7.13426853707 1.65344030036e-17
7.15430861723 1.08324229605e-17
7.17434869739 5.88283855496e-18
7.19438877756 5.68795198802e-18
7.21442885772 5.49844545893e-18
7.23446893788 5.314157078e-18
7.25450901804 5.13492993989e-18
7.2745490982 4.9624915595e-18
7.29458917836 4.81354574986e-18
7.31462925852 4.66910579321e-18
7.33466933868 4.52903414028e-18
7.35470941884 4.39319748488e-18
7.374749499 4.26146663144e-18
7.39478957916 4.13371636668e-18
7.41482965932 4.0098253354e-18
7.43486973948 3.88967592017e-18
7.45490981964 3.77315412485e-18
7.4749498998 3.66014946175e-18
7.49498997996 3.5505548424e-18
7.51503006012 3.44426647171e-18
7.53507014028 3.34118374558e-18
7.55511022044 3.24120915155e-18
7.5751503006 3.14424817281e-18
7.59519038076 3.05020919504e-18
7.61523046092 2.95900341628e-18
7.63527054108 2.87054475966e-18
7.65531062124 2.78474978878e-18
7.6753507014 2.70153762581e-18
7.69539078156 2.62082987219e-18
7.71543086172 2.54255053176e-18
7.73547094188 2.46662593634e-18
7.75551102204 2.39298467365e-18
7.7755511022 2.32155751743e-18
7.79559118236 2.25227735985e-18
7.81563126253 2.18507914596e-18
7.83567134269 2.11989981021e-18
7.85571142285 2.056678215e-18
7.87575150301 1.99535509106e-18
7.89579158317 1.93587297981e-18
7.91583166333 1.87817617742e-18
7.93587174349 1.82221068069e-18
7.95591182365 1.76792413457e-18
7.97595190381 1.71526578137e-18
7.99599198397 1.66418641148e-18
8.01603206413 1.61463831571e-18
8.03607214429 1.56657523907e-18
8.05611222445 1.51995233599e-18
8.07615230461 1.47472612692e-18
8.09619238477 1.43085445637e-18
8.11623246493 1.3882964521e-18
8.13627254509 1.34701248576e-18
8.15631262525 1.30696413459e-18
8.17635270541 1.26811414443e-18
8.19639278557 1.2304263938e-18
8.21643286573 1.19386585916e-18
8.23647294589 1.15839858117e-18
8.25651302605 1.12399163211e-18
8.27655310621 1.09061308418e-18
8.29659318637 1.05823197887e-18
8.31663326653 1.02681829728e-18
8.33667334669 9.96342931301e-19
8.35671342685 9.66777655728e-19
8.37675350701 9.38095101247e-19
8.39679358717 9.10268728229e-19
8.41683366733 8.83272801354e-19
8.43687374749 8.57082365004e-19
8.45691382766 8.31673219434e-19
8.47695390782 8.07021897667e-19
8.49699398798 7.83105643104e-19
8.51703406814 7.59902387828e-19
8.5370741483 7.3739073158e-19
8.55711422846 7.15549921375e-19
8.57715430862 6.94359831754e-19
8.59719438878 6.73800945641e-19
8.61723446894 6.53854335794e-19
8.6372745491 6.3450164682e-19
8.65731462926 6.15725077751e-19
8.67735470942 5.97507365154e-19
8.69739478958 5.79831766756e-19
8.71743486974 5.62682045581e-19
8.7374749499 5.46042454568e-19
8.75751503006 5.29897721664e-19
8.77755511022 5.14233035376e-19
8.79759519038 4.99034030766e-19
8.81763527054 4.84286775873e-19
8.8376753507 4.69977758557e-19
8.85771543086 4.56093873743e-19
8.87775551102 4.42622411059e-19
8.89779559118 4.29551042848e-19
8.91783567134 4.16867812552e-19
8.9378757515 4.04561123452e-19
8.95791583166 3.9261972775e-19
8.97795591182 3.81032715985e-19
8.99799599198 3.69789506779e-19
9.01803607214 3.58879836888e-19
9.0380761523 3.48293751562e-19
9.05811623246 3.38021595203e-19
9.07815631263 3.28054002301e-19
9.09819639279 3.18381888654e-19
9.11823647295 3.08996442848e-19
9.13827655311 2.99889118009e-19
9.15831663327 2.91051623796e-19
9.17835671343 2.82475918641e-19
9.19839679359 2.74154202232e-19
9.21843687375 2.66078908216e-19
9.23847695391 2.58242697129e-19
9.25851703407 2.50638449547e-19
9.27855711423 2.43259259431e-19
9.29859719439 2.36098427692e-19
9.31863727455 2.29149455938e-19
9.33867735471 2.2240604042e-19
9.35871743487 2.15862066159e-19
9.37875751503 2.0951160125e-19
9.39879759519 2.03348891345e-19
9.41883767535 1.97368354295e-19
9.43887775551 1.91564574963e-19
9.45891783567 1.85932300193e-19
9.47895791583 1.80466433926e-19
9.49899799599 1.75162032471e-19
9.51903807615 1.70014299917e-19
9.53907815631 1.65018583684e-19
9.55911823647 1.60170370209e-19
9.57915831663 1.55465280767e-19
9.59919839679 1.50899067407e-19
9.61923847695 1.46467609029e-19
9.63927855711 1.42166907561e-19
9.65931863727 1.3799308427e-19
9.67935871743 1.33942376165e-19
9.6993987976 1.30011132531e-19
9.71943887776 1.26195811549e-19
9.73947895792 1.22492977027e-19
9.75951903808 1.1889929523e-19
9.77955911824 1.15411531807e-19
9.7995991984 1.12026548803e-19
9.81963927856 1.08741301772e-19
9.83967935872 1.0555283697e-19
9.85971943888 1.02458288633e-19
9.87975951904 9.94548763464e-20
9.8997995992 0.0
9.91983967936 0.0
9.93987975952 0.0
9.95991983968 0.0
9.97995991984 0.0
10.0 0.0
