0.0 0.0
0.0200400801603 0.0
0.0400801603206 0.0
0.060120240481 0.0
0.0801603206413 0.0
0.100200400802 0.0
0.120240480962 0.0
0.140280561122 0.0
0.160320641283 0.0
0.180360721443 0.0
0.200400801603 3.84686648638e-11
0.220440881764 9.48606205965e-10
0.240480961924 7.7761858252e-10
0.260521042084 2.26652529976e-11
0.280561122244 2.36793051316e-11
0.300601202405 2.45893141791e-11
0.320641282565 2.5840688279e-11
0.340681362725 2.75176845668e-11
0.360721442886 2.84888824957e-11
0.380761523046 2.93124423701e-11
0.400801603206 3.00600002673e-11
0.420841683367 3.07631620316e-11
0.440881763527 3.14234684747e-11
0.460921843687 3.20313481358e-11
0.480961923848 3.25714947848e-11
0.501002004008 3.300728662e-11
0.521042084168 3.34142356252e-11
0.541082164329 3.37903267651e-11
0.561122244489 3.41303687972e-11
0.581162324649 3.44490526842e-11
0.60120240481 3.47478895158e-11
0.62124248497 3.50065436324e-11
0.64128256513 3.52356558759e-11
0.661322645291 3.54538475893e-11
0.681362725451 3.56142295825e-11
0.701402805611 3.56234558039e-11
0.721442885772 3.56346017021e-11
0.741482965932 3.56447555249e-11
0.761523046092 3.5607382594e-11
0.781563126253 3.55695609345e-11
0.801603206413 3.55373053278e-11
0.821643286573 3.53679002224e-11
0.841683366733 3.51116156284e-11
0.861723446894 3.48684289647e-11
0.881763527054 3.45613674646e-11
0.901803607214 3.40593695308e-11
0.921843687375 3.35810288615e-11
0.941883767535 3.31237286407e-11
0.961923847695 3.25734435056e-11
0.981963927856 3.20385556845e-11
1.00200400802 3.15281697297e-11
1.02204408818 3.1090994842e-11
1.04208416834 3.07051230383e-11
1.0621242485 3.03336436489e-11
1.08216432866 2.99616142753e-11
1.10220440882 2.95709009863e-11
1.12224448898 2.91948803263e-11
1.14228456914 2.88363948967e-11
1.1623246493 2.83670915362e-11
1.18236472946 2.79064111797e-11
1.20240480962 2.74616672208e-11
1.22244488978 2.70228294776e-11
1.24248496994 2.65928559022e-11
1.2625250501 2.6176851311e-11
1.28256513026 2.57799746761e-11
1.30260521042 2.54112828992e-11
1.32264529058 2.50541423999e-11
1.34268537074 2.4707942962e-11
1.3627254509 2.44134510823e-11
1.38276553106 2.41299552429e-11
1.40280561122 2.38541988767e-11
1.42284569138 2.35555418664e-11
1.44288577154 2.32468924342e-11
1.4629258517 2.29467934533e-11
1.48296593186 2.26589083805e-11
1.50300601202 2.23890976665e-11
1.52304609218 2.21265697087e-11
1.54308617234 2.18728616702e-11
1.56312625251 2.15763112324e-11
1.58316633267 2.12853617923e-11
1.60320641283 2.10018565847e-11
1.62324649299 2.0726443323e-11
1.64328657315 2.04584310686e-11
1.66332665331 2.01967874933e-11
1.68336673347 1.99524149279e-11
1.70340681363 1.97402521001e-11
1.72344689379 1.95331212418e-11
1.74348697395 1.93307025135e-11
1.76352705411 1.90186770848e-11
1.78356713427 1.87102404003e-11
1.80360721443 1.84087780303e-11
1.82364729459 1.81506796167e-11
1.84368737475 1.79186763235e-11
1.86372745491 1.76917396759e-11
1.88376753507 1.75012352018e-11
1.90380761523 1.73842767879e-11
1.92384769539 1.72697995721e-11
1.94388777555 1.71577250576e-11
1.96392785571 1.69276818505e-11
1.98396793587 1.66999165621e-11
2.00400801603 1.64742818117e-11
2.02404809619 1.6263219771e-11
2.04408817635 1.60563035354e-11
2.06412825651 1.58534729462e-11
2.08416833667 1.5655443522e-11
2.10420841683 1.54630050803e-11
2.12424849699 1.52742562406e-11
2.14428857715 1.5089091507e-11
2.16432865731 1.48994822444e-11
2.18436873747 1.47133277836e-11
2.20440881764 1.45306081167e-11
2.2244488978 1.43277675425e-11
2.24448897796 1.41166443482e-11
2.26452905812 1.39093063509e-11
2.28456913828 1.37020771609e-11
2.30460921844 1.3491319765e-11
2.3246492986 1.32842399924e-11
2.34468937876 1.30807693409e-11
2.36472945892 1.29214347589e-11
2.38476953908 1.27648122216e-11
2.40480961924 1.26108328347e-11
2.4248496994 1.2455132939e-11
2.44488977956 1.22999244909e-11
2.46492985972 1.2147269399e-11
2.48496993988 1.19772581186e-11
2.50501002004 1.17719309281e-11
2.5250501002 1.15698945238e-11
2.54509018036 1.13719469362e-11
2.56513026052 1.12553316422e-11
2.58517034068 1.11405455634e-11
2.60521042084 1.10275458526e-11
2.625250501 1.08745406163e-11
2.64529058116 1.07044777898e-11
2.66533066132 1.05369952858e-11
2.68537074148 1.03733417768e-11
2.70541082164 1.02145305084e-11
2.7254509018 1.00580749332e-11
2.74549098196 9.90440570757e-12
2.76553106212 9.7749691001e-12
2.78557114228 9.64741142741e-12
2.80561122244 9.52169194855e-12
2.82565130261 9.34852616131e-12
2.84569138277 9.15599764596e-12
2.86573146293 8.96618057481e-12
2.88577154309 8.80415763238e-12
2.90581162325 8.68846958472e-12
2.92585170341 8.57437901387e-12
2.94589178357 8.46081942185e-12
2.96593186373 8.31742055152e-12
2.98597194389 8.1759597443e-12
3.00601202405 8.03639786907e-12
3.02605210421 7.89651682387e-12
3.04609218437 7.75756809484e-12
3.06613226453 7.62044736569e-12
3.08617234469 7.48799632213e-12
3.10621242485 7.36209370847e-12
3.12625250501 7.23781539061e-12
3.14629258517 7.11560877081e-12
3.16633266533 7.0058066874e-12
3.18637274549 6.89739442109e-12
3.20641282565 6.79034568218e-12
3.22645290581 6.66351964673e-12
3.24649298597 6.52978494434e-12
3.26653306613 6.39769998915e-12
3.28657314629 6.26237083281e-12
3.30661322645 6.12087772889e-12
3.32665330661 5.98109787194e-12
3.34669338677 5.84467518077e-12
3.36673346693 5.74002798818e-12
3.38677354709 5.63662572816e-12
3.40681362725 5.53444626427e-12
3.42685370741 5.42820563051e-12
3.44689378758 5.32119659838e-12
3.46693386774 5.21543064733e-12
3.4869739479 5.11263898722e-12
3.50701402806 5.01372427707e-12
3.52705410822 4.91593889208e-12
3.54709418838 4.81852532633e-12
3.56713426854 4.71123345875e-12
3.5871743487 4.60514558356e-12
3.60721442886 4.50024150543e-12
3.62725450902 4.40145726242e-12
3.64729458918 4.30556031548e-12
3.66733466934 4.21071582266e-12
3.6873747495 4.12000985727e-12
3.70741482966 4.03486276623e-12
3.72745490982 3.95063503549e-12
3.74749498998 3.86756079058e-12
3.76753507014 3.78851795568e-12
3.7875751503 3.71031493502e-12
3.80761523046 3.63293838745e-12
3.82765531062 3.54606495518e-12
3.84769539078 3.45655447766e-12
3.86773547094 3.36797492825e-12
3.8877755511 3.28531093862e-12
3.90781563126 3.21055967446e-12
3.92785571142 3.13657396278e-12
3.94789579158 3.0638600016e-12
3.96793587174 2.99755030833e-12
3.9879759519 2.93190945389e-12
4.00801603206 2.86692734984e-12
4.02805611222 2.79644777138e-12
4.04809619238 2.72466719648e-12
4.06813627255 2.65359614803e-12
4.08817635271 2.5879518242e-12
4.10821643287 2.52935235829e-12
4.12825651303 2.47132372668e-12
4.14829659319 2.41364321966e-12
4.16833667335 2.35445505354e-12
4.18837675351 2.29583508202e-12
4.20841683367 2.23777514761e-12
4.22845691383 2.1843027838e-12
4.24849699399 2.13257854819e-12
4.26853707415 2.08134149978e-12
4.28857715431 2.0293506805e-12
4.30861723447 1.97624241017e-12
4.32865731463 1.92362732973e-12
4.34869739479 1.87207608394e-12
4.36873747495 1.82595058177e-12
4.38877755511 1.78024755474e-12
4.40881763527 1.73496121472e-12
4.42885771543 1.69323315701e-12
4.44889779559 1.65279625557e-12
4.46893787575 1.61272306247e-12
4.48897795591 1.57267333376e-12
4.50901803607 1.53256293814e-12
4.52905811623 1.4928084795e-12
4.54909819639 1.4536011928e-12
4.56913827655 1.41624973683e-12
4.58917835671 1.37922537217e-12
4.60921843687 1.34252381367e-12
4.62925851703 1.30654478683e-12
4.64929859719 1.27098723266e-12
4.66933867735 1.23573567739e-12
4.68937875752 1.20263251443e-12
4.70941883768 1.17201765877e-12
4.72945891784 1.1416629203e-12
4.749498998 1.11125966434e-12
4.76953907816 1.07897820076e-12
4.78957915832 1.0469675277e-12
4.80961923848 1.0152242467e-12
4.82965931864 9.8668195183e-13
4.8496993988 9.59131214129e-13
4.86973947896 9.31807774711e-13
4.88977955912 9.05303596299e-13
4.90981963928 8.79698029063e-13
4.92985971944 8.54301125343e-13
4.9498997996 8.29445714596e-13
4.96993987976 8.06930932838e-13
4.98997995992 7.84597416245e-13
5.01002004008 7.62853323925e-13
5.03006012024 7.41662148486e-13
5.0501002004 7.20639541077e-13
5.07014028056 7.00882898861e-13
5.09018036072 6.81304749858e-13
5.11022044088 6.61880499329e-13
5.13026052104 6.42608336754e-13
5.1503006012 6.23486479955e-13
5.17034068136 6.05865007817e-13
5.19038076152 5.88466773044e-13
5.21042084168 5.71202660655e-13
5.23046092184 5.5407112315e-13
5.250501002 5.3707063679e-13
5.27054108216 5.21740985762e-13
5.29058116232 5.06700213316e-13
5.31062124248 4.91773196094e-13
5.33066132265 4.76958646311e-13
5.35070140281 4.62255295585e-13
5.37074148297 4.48084436217e-13
5.39078156313 4.34088476308e-13
5.41082164329 4.20196398401e-13
5.43086172345 4.06407048368e-13
5.45090180361 3.92719289146e-13
5.47094188377 3.80473682708e-13
5.49098196393 3.68614654443e-13
5.51102204409 3.56842044194e-13
5.53106212425 3.45154909245e-13
5.55110220441 3.33552320572e-13
5.57114228457 3.22522065779e-13
5.59118236473 3.11710178185e-13
5.61122244489 3.00975664667e-13
5.63126252505 2.90317696287e-13
5.65130260521 2.7973545593e-13
5.67134268537 2.70117232242e-13
5.69138276553 2.60882443914e-13
5.71142284569 2.51712581771e-13
5.73146292585 2.42606962396e-13
5.75150300601 2.3356491195e-13
5.77154308617 2.24907696733e-13
5.79158316633 2.16449993501e-13
5.81162324649 2.08050723185e-13
5.83166332665 1.99709281358e-13
5.85170340681 1.91425071919e-13
5.87174348697 1.83590958773e-13
5.89178356713 1.76015342051e-13
5.91182364729 1.68491173792e-13
5.93186372745 1.61017930849e-13
5.95190380762 1.53595097158e-13
5.97194388778 1.46948632894e-13
5.99198396794 1.40797745559e-13
6.0120240481 1.34687934961e-13
6.03206412826 1.28618790314e-13
6.05210420842 1.22589906306e-13
6.07214428858 1.16902194826e-13
6.09218436874 1.11473250567e-13
6.1122244489 1.0607996571e-13
6.13226452906 1.00721989489e-13
6.15230460922 9.53989757361e-14
6.17234468938 9.02854382508e-14
6.19238476954 8.53563163623e-14
6.2124248497 8.04590465714e-14
6.23246492986 7.55933206317e-14
6.25250501002 7.0758834271e-14
6.27254509018 6.63235068287e-14
6.29258517034 6.22909915826e-14
6.3126252505 5.82841210704e-14
6.33266533066 5.43026510206e-14
6.35270541082 5.03463402626e-14
6.37274549098 4.66687736055e-14
6.39278557114 4.33179098094e-14
6.4128256513 3.9988022792e-14
6.43286573146 3.66789158427e-14
6.45290581162 3.33903947095e-14
6.47294589178 3.04986478263e-14
6.49298597194 2.81555249871e-14
6.5130260521 2.58268467354e-14
6.53306613226 2.3512479628e-14
6.55310621242 2.12122918665e-14
6.57314629259 1.9188317368e-14
6.59318637275 1.76146745514e-14
6.61322645291 1.60505879366e-14
6.63326653307 1.44959705073e-14
6.65330661323 1.29507363058e-14
6.67334669339 1.14668598186e-14
6.69338677355 1.00957003486e-14
6.71342685371 8.73274293213e-15
6.73346693387 7.37791399457e-15
6.75350701403 6.03114084287e-15
6.77354709419 4.8331943275e-15
6.79358717435 3.98130960976e-15
6.81362725451 3.13444791846e-15
6.83366733467 2.29256479414e-15
6.85370741483 1.45561630401e-15
6.87374749499 7.96283364007e-16
6.89378757515 6.50588074924e-16
6.91382765531 5.05744847696e-16
6.93386773547 3.6174610076e-16
6.95390781563 2.18584345129e-16
6.97394789579 1.03142761523e-16
6.99398797595 8.7963035813e-17
7.01402805611 7.28759468343e-17
7.03406813627 5.78805430196e-17
7.05410821643 4.29758879617e-17
7.07414829659 2.98398584493e-17
7.09418837675 2.48578985927e-17
7.11422845691 1.99090304065e-17
7.13426853707 1.49928383261e-17
7.15430861723 1.01089151674e-17
7.17434869739 5.86665502047e-18
7.19438877756 5.67494307652e-18
7.21442885772 5.48859248083e-18
7.23446893788 5.30744153334e-18
7.25450901804 5.13133351509e-18
7.2745490982 4.96171745585e-18
7.29458917836 4.81279900357e-18
7.31462925852 4.6683854211e-18
7.33466933868 4.52833919515e-18
7.35470941884 4.3925270542e-18
7.374749499 4.260819836e-18
7.39478957916 4.13309235938e-18
7.41482965932 4.00922330007e-18
7.43486973948 3.8890950704e-18
7.45490981964 3.77259370287e-18
7.4749498998 3.65960873739e-18
7.49498997996 3.55003311205e-18
7.51503006012 3.44376305736e-18
7.53507014028 3.34069799382e-18
7.55511022044 3.24074043272e-18
7.5751503006 3.14379588007e-18
7.59519038076 3.04977274356e-18
7.61523046092 2.95858224242e-18
7.63527054108 2.87013832017e-18
7.65531062124 2.78435756006e-18
7.6753507014 2.7011591032e-18
7.69539078156 2.62046456926e-18
7.71543086172 2.54219797963e-18
7.73547094188 2.46628568304e-18
7.75551102204 2.3926562835e-18
7.7755511022 2.32124057046e-18
7.79559118236 2.2519714512e-18
7.81563126253 2.18478388532e-18
7.83567134269 2.11961482133e-18
7.85571142285 2.05640313512e-18
7.87575150301 1.99508957045e-18
7.89579158317 1.93561668128e-18
7.91583166333 1.87792877589e-18
7.93587174349 1.8219718627e-18
7.95591182365 1.76769359791e-18
7.97595190381 1.71504323461e-18
7.99599198397 1.66397157365e-18
8.01603206413 1.61443091585e-18
8.03607214429 1.56637501591e-18
8.05611222445 1.51975903757e-18
8.07615230461 1.47453951029e-18
8.09619238477 1.43067428721e-18
8.11623246493 1.38812250446e-18
8.13627254509 1.34684454172e-18
8.15631262525 1.30680198398e-18
8.17635270541 1.26795758456e-18
8.19639278557 1.23027522919e-18
8.21643286573 1.19371990124e-18
8.23647294589 1.1582576481e-18
8.25651302605 1.12385554847e-18
8.27655310621 1.09048168077e-18
8.29659318637 1.05810509251e-18
8.31663326653 1.02669577053e-18
8.33667334669 9.9622461231e-19
8.35671342685 9.66663398011e-19
8.37675350701 9.37984763494e-19
8.39679358717 9.10162174122e-19
8.41683366733 8.83169899382e-19
8.43687374749 8.56982988299e-19
8.45691382766 8.31577245598e-19
8.47695390782 8.06929208613e-19
8.49699398798 7.83016124905e-19
8.51703406814 7.59815930565e-19
8.5370741483 7.37307229199e-19
8.55711422846 7.1546927155e-19
8.57715430862 6.94281935754e-19
8.59719438878 6.73725708201e-19
8.61723446894 6.53781664991e-19
8.6372745491 6.34431453956e-19
8.65731462926 6.15657277236e-19
8.67735470942 5.97441874396e-19
8.69739478958 5.79768506054e-19
8.71743486974 5.62620938024e-19
8.7374749499 5.45983425933e-19
8.75751503006 5.29840700325e-19
8.77755511022 5.14177952206e-19
8.79759519038 4.98980819052e-19
8.81763527054 4.84235371231e-19
8.8376753507 4.69928098848e-19
8.85771543086 4.56045898994e-19
8.87775551102 4.42576063386e-19
8.89779559118 4.29506266382e-19
8.91783567134 4.1682455337e-19
8.9378757515 4.04519329505e-19
8.95791583166 3.92579348799e-19
8.97795591182 3.80993703537e-19
8.99799599198 3.69751814023e-19
9.01803607214 3.5884341864e-19
9.0380761523 3.48258564205e-19
9.05811623246 3.37987596633e-19
9.07815631263 3.28021151871e-19
9.09819639279 3.18350147126e-19
9.11823647295 3.08965772344e-19
9.13827655311 2.9985948196e-19
9.15831663327 2.91022986897e-19
9.17835671343 2.8244824681e-19
9.19839679359 2.74127462562e-19
9.21843687375 2.66053068937e-19
9.23847695391 2.5821772757e-19
9.25851703407 2.50614320091e-19
9.27855711423 2.43235941486e-19
9.29859719439 2.36075893649e-19
9.31863727455 2.29127679139e-19
9.33867735471 2.22384995127e-19
9.35871743487 2.15841727518e-19
9.37875751503 2.09491945263e-19
9.39879759519 2.03329894838e-19
9.41883767535 1.97349994891e-19
9.43887775551 1.91546831054e-19
9.45891783567 1.85915150912e-19
9.47895791583 1.80449859123e-19
9.49899799599 1.75146012686e-19
9.51903807615 1.69998816358e-19
9.53907815631 1.65003618202e-19
9.55911823647 1.60155905279e-19
9.57915831663 1.55451299461e-19
9.59919839679 1.50885553379e-19
9.61923847695 1.46454546489e-19
9.63927855711 1.42154281263e-19
9.65931863727 1.37980879484e-19
9.67935871743 1.33930578669e-19
9.6993987976 1.29999728586e-19
9.71943887776 1.26184787884e-19
9.73947895792 1.22482320825e-19
9.75951903808 1.18888994112e-19
9.77955911824 1.15401573814e-19
9.7995991984 1.12016922385e-19
9.81963927856 1.08731995771e-19
9.83967935872 1.05543840608e-19
9.85971943888 1.024495915e-19
9.87975951904 9.94464683848e-20
9.8997995992 0.0
9.91983967936 0.0
9.93987975952 0.0
9.95991983968 0.0
9.97995991984 0.0
10.0 0.0
