0.0 0.0
0.0200400801603 0.0
0.0400801603206 0.0
0.060120240481 0.0
0.0801603206413 0.0
0.100200400802 0.0
0.120240480962 0.0
0.140280561122 0.0
0.160320641283 0.0
0.180360721443 0.0
0.200400801603 0.0
0.220440881764 0.0
0.240480961924 0.0
0.260521042084 0.0
0.280561122244 3.38008418755e-10
0.300601202405 6.44014652271e-11
0.320641282565 5.26320696748e-11
0.340681362725 4.94780575796e-11
0.360721442886 4.74519620978e-11
0.380761523046 4.63476948518e-11
0.400801603206 4.57700452477e-11
0.420841683367 4.55214378888e-11
0.440881763527 4.54707364286e-11
0.460921843687 4.5526799821e-11
0.480961923848 4.56204228355e-11
0.501002004008 4.56701579344e-11
0.521042084168 4.57602220878e-11
0.541082164329 4.5872594121e-11
0.561122244489 4.5986974438e-11
0.581162324649 4.61141302453e-11
0.60120240481 4.62494267997e-11
0.62124248497 4.63602427426e-11
0.64128256513 4.64563807808e-11
0.661322645291 4.65588271243e-11
0.681362725451 4.66028681067e-11
0.701402805611 4.64653254764e-11
0.721442885772 4.63451098679e-11
0.741482965932 4.62371015151e-11
0.761523046092 4.60787460762e-11
0.781563126253 4.59298774521e-11
0.801603206413 4.57965497161e-11
0.821643286573 4.54941291481e-11
0.841683366733 4.50876285312e-11
0.861723446894 4.470520972e-11
0.881763527054 4.42476526535e-11
0.901803607214 4.35464911528e-11
0.921843687375 4.28814709218e-11
0.941883767535 4.22487995329e-11
0.961923847695 4.15022435186e-11
0.981963927856 4.07797784724e-11
1.00200400802 4.00920880813e-11
1.02204408818 3.95008339814e-11
1.04208416834 3.89779183657e-11
1.0621242485 3.84763283865e-11
1.08216432866 3.79772540877e-11
1.10220440882 3.7456779874e-11
1.12224448898 3.69570484901e-11
1.14228456914 3.64805414137e-11
1.1623246493 3.58655737404e-11
1.18236472946 3.52633296904e-11
1.20240480962 3.46829105681e-11
1.22244488978 3.41114884978e-11
1.24248496994 3.3552669765e-11
1.2625250501 3.30128261485e-11
1.28256513026 3.24984156754e-11
1.30260521042 3.20206332068e-11
1.32264529058 3.15583983414e-11
1.34268537074 3.11108780462e-11
1.3627254509 3.07293259003e-11
1.38276553106 3.03623622387e-11
1.40280561122 3.00059808838e-11
1.42284569138 2.96215096447e-11
1.44288577154 2.92250801617e-11
1.4629258517 2.88400182629e-11
1.48296593186 2.8470930117e-11
1.50300601202 2.81250563887e-11
1.52304609218 2.77887911722e-11
1.54308617234 2.7463580183e-11
1.56312625251 2.70849584291e-11
1.58316633267 2.6713781242e-11
1.60320641283 2.63523325156e-11
1.62324649299 2.60014000028e-11
1.64328657315 2.56600930955e-11
1.66332665331 2.53271478103e-11
1.68336673347 2.50162829979e-11
1.70340681363 2.47460848575e-11
1.72344689379 2.44824394344e-11
1.74348697395 2.42249654595e-11
1.76352705411 2.38303111753e-11
1.78356713427 2.34404015321e-11
1.80360721443 2.30594619019e-11
1.82364729459 2.27330735232e-11
1.84368737475 2.24395710034e-11
1.86372745491 2.21525911328e-11
1.88376753507 2.19114073942e-11
1.90380761523 2.17624726905e-11
1.92384769539 2.16167625877e-11
1.94388777555 2.1474172474e-11
1.96392785571 2.11840085269e-11
1.98396793587 2.08968304089e-11
2.00400801603 2.06130585986e-11
2.02404809619 2.03463445847e-11
2.04408817635 2.00855879875e-11
2.06412825651 1.98300465594e-11
2.08416833667 1.9580609742e-11
2.10420841683 1.93382598894e-11
2.12424849699 1.9100613007e-11
2.14428857715 1.88675324167e-11
2.16432865731 1.8628972773e-11
2.18436873747 1.83948107035e-11
2.20440881764 1.81650171414e-11
2.2244488978 1.79101357974e-11
2.24448897796 1.76449704239e-11
2.26452905812 1.73846071338e-11
2.28456913828 1.7124446581e-11
2.30460921844 1.68599401094e-11
2.3246492986 1.66000926696e-11
2.34468937876 1.63448154365e-11
2.36472945892 1.61447524802e-11
2.38476953908 1.59481263371e-11
2.40480961924 1.57548486009e-11
2.4248496994 1.55594647577e-11
2.44488977956 1.53647373083e-11
2.46492985972 1.51732407051e-11
2.48496993988 1.49601006677e-11
2.50501002004 1.47028841502e-11
2.5250501002 1.4449821739e-11
2.54509018036 1.42019081186e-11
2.56513026052 1.40556185557e-11
2.58517034068 1.39116418526e-11
2.60521042084 1.37699232544e-11
2.625250501 1.3578270909e-11
2.64529058116 1.33653474999e-11
2.66533066132 1.31556769933e-11
2.68537074148 1.29508171412e-11
2.70541082164 1.27520315295e-11
2.7254509018 1.25562139391e-11
2.74549098196 1.23639008456e-11
2.76553106212 1.22018655161e-11
2.78557114228 1.20421973747e-11
2.80561122244 1.18848446425e-11
2.82565130261 1.1668284602e-11
2.84569138277 1.14275786753e-11
2.86573146293 1.11902819506e-11
2.88577154309 1.09877006364e-11
2.90581162325 1.08429715269e-11
2.92585170341 1.07002523158e-11
2.94589178357 1.0558211315e-11
2.96593186373 1.03789460638e-11
2.98597194389 1.02021164354e-11
3.00601202405 1.00276728888e-11
3.02605210421 9.85284682415e-12
3.04609218437 9.67919949318e-12
3.06613226453 9.50784800502e-12
3.08617234469 9.34233751661e-12
3.10621242485 9.18501131047e-12
3.12625250501 9.02972450415e-12
3.14629258517 8.87703479549e-12
3.16633266533 8.73983320953e-12
3.18637274549 8.60437627547e-12
3.20641282565 8.4706307796e-12
3.22645290581 8.31222243078e-12
3.24649298597 8.1452064592e-12
3.26653306613 7.98025959561e-12
3.28657314629 7.81127648534e-12
3.30661322645 7.63461500731e-12
3.32665330661 7.46010131157e-12
3.34669338677 7.28978553198e-12
3.36673346693 7.15911412441e-12
3.38677354709 7.03000342797e-12
3.40681362725 6.90242553677e-12
3.42685370741 6.76978974885e-12
3.44689378758 6.63620301652e-12
3.46693386774 6.50417392862e-12
3.4869739479 6.37586133221e-12
3.50701402806 6.25239058784e-12
3.52705410822 6.13033462671e-12
3.54709418838 6.00874853136e-12
3.56713426854 5.87484944394e-12
3.5871743487 5.74245811719e-12
3.60721442886 5.61154913696e-12
3.62725450902 5.48827756576e-12
3.64729458918 5.36861193112e-12
3.66733466934 5.25026393494e-12
3.6873747495 5.13708155323e-12
3.70741482966 5.03083547739e-12
3.72745490982 4.92574023107e-12
3.74749498998 4.82208758576e-12
3.76753507014 4.72346575633e-12
3.7875751503 4.62589499081e-12
3.80761523046 4.52935851998e-12
3.82765531062 4.42098498171e-12
3.84769539078 4.30932758899e-12
3.86773547094 4.19883484083e-12
3.8877755511 4.09572119975e-12
3.90781563126 4.00247620343e-12
3.92785571142 3.91018886018e-12
3.94789579158 3.81949013894e-12
3.96793587174 3.7367785312e-12
3.9879759519 3.6549034875e-12
4.00801603206 3.57385234097e-12
4.02805611222 3.4859504457e-12
4.04809619238 3.3964294151e-12
4.06813627255 3.30779557683e-12
4.08817635271 3.22592924046e-12
4.10821643287 3.15284722452e-12
4.12825651303 3.0804789254e-12
4.14829659319 3.00854665778e-12
4.16833667335 2.93473707925e-12
4.18837675351 2.86163779336e-12
4.20841683367 2.78923856735e-12
4.22845691383 2.72255959992e-12
4.24849699399 2.65806138029e-12
4.26853707415 2.59417209324e-12
4.28857715431 2.5293449012e-12
4.30861723447 2.46312649994e-12
4.32865731463 2.39752443457e-12
4.34869739479 2.33324991008e-12
4.36873747495 2.27573950988e-12
4.38877755511 2.2187570251e-12
4.40881763527 2.16229520063e-12
4.42885771543 2.11026954417e-12
4.44889779559 2.05985428442e-12
4.46893787575 2.00989344541e-12
4.48897795591 1.95996294072e-12
4.50901803607 1.90995789593e-12
4.52905811623 1.86039750631e-12
4.54909819639 1.81152007453e-12
4.56913827655 1.76495651423e-12
4.58917835671 1.71880153211e-12
4.60921843687 1.67304976051e-12
4.62925851703 1.62819932841e-12
4.64929859719 1.58387500761e-12
4.66933867735 1.53993286379e-12
4.68937875752 1.49866888769e-12
4.70941883768 1.46050660337e-12
4.72945891784 1.42266916852e-12
4.749498998 1.38477194813e-12
4.76953907816 1.34453482042e-12
4.78957915832 1.30463583213e-12
4.80961923848 1.26507072875e-12
4.82965931864 1.22949517596e-12
4.8496993988 1.19515582495e-12
4.86973947896 1.16110027516e-12
4.88977955912 1.12806616659e-12
4.90981963928 1.09615234738e-12
4.92985971944 1.06449904117e-12
4.9498997996 1.03352097045e-12
4.96993987976 1.00545998673e-12
4.98997995992 9.7762529412e-13
5.01002004008 9.5052547471e-13
5.03006012024 9.24115016988e-13
5.0501002004 8.97914983189e-13
5.07014028056 8.73292766306e-13
5.09018036072 8.48893303025e-13
5.11022044088 8.24685938036e-13
5.13026052104 8.00668406544e-13
5.1503006012 7.76838479304e-13
5.17034068136 7.54878350657e-13
5.19038076152 7.33196661816e-13
5.21042084168 7.11682367188e-13
5.23046092184 6.90333531409e-13
5.250501002 6.69148248906e-13
5.27054108216 6.50045032638e-13
5.29058116232 6.31301980884e-13
5.31062124248 6.12700888695e-13
5.33066132265 5.94240145845e-13
5.35070140281 5.7591816643e-13
5.37074148297 5.58259846618e-13
5.39078156313 5.40819639771e-13
5.41082164329 5.23509057491e-13
5.43086172345 5.06326656941e-13
5.45090180361 4.89271016668e-13
5.47094188377 4.74012337414e-13
5.49098196393 4.59235456024e-13
5.51102204409 4.44566397334e-13
5.53106212425 4.30003983031e-13
5.55110220441 4.15547051948e-13
5.57114228457 4.01803319668e-13
5.59118236473 3.88331780039e-13
5.61122244489 3.74956770063e-13
5.63126252505 3.61677253809e-13
5.65130260521 3.48492210151e-13
5.67134268537 3.36508300853e-13
5.69138276553 3.25002200128e-13
5.71142284569 3.1357709238e-13
5.73146292585 3.02232123684e-13
5.75150300601 2.90966452107e-13
5.77154308617 2.80180312475e-13
5.79158316633 2.69642820422e-13
5.81162324649 2.59178215106e-13
5.83166332665 2.48785741412e-13
5.85170340681 2.38464654644e-13
5.87174348697 2.28704376747e-13
5.89178356713 2.19266208421e-13
5.91182364729 2.0989220956e-13
5.93186372745 2.00581726686e-13
5.95190380762 1.91334115184e-13
5.97194388778 1.83053745517e-13
5.99198396794 1.75390806745e-13
6.0120240481 1.67779097161e-13
6.03206412826 1.60218103729e-13
6.05210420842 1.52707320261e-13
6.07214428858 1.45621602331e-13
6.09218436874 1.38858289647e-13
6.1122244489 1.32139446611e-13
6.13226452906 1.25464635206e-13
6.15230460922 1.18833423166e-13
6.17234468938 1.12463203671e-13
6.19238476954 1.06322755108e-13
6.2124248497 1.00222025483e-13
6.23246492986 9.41606299225e-14
6.25250501002 8.81381885213e-14
6.27254509018 8.26130145712e-14
6.29258517034 7.75896534426e-14
6.3126252505 7.25982684051e-14
6.33266533066 6.76385545118e-14
6.35270541082 6.27102106917e-14
6.37274549098 5.81291196369e-14
6.39278557114 5.39550183375e-14
6.4128256513 4.98070708305e-14
6.43286573146 4.56850315803e-14
6.45290581162 4.1588658124e-14
6.47294589178 3.79865497492e-14
6.49298597194 3.50678530511e-14
6.5130260521 3.2167164107e-14
6.53306613226 2.92843163941e-14
6.55310621242 2.64191454435e-14
6.57314629259 2.38980490564e-14
6.59318637275 2.19379110933e-14
6.61322645291 1.99896852888e-14
6.63326653307 1.80532630905e-14
6.65330661323 1.61285372668e-14
6.67334669339 1.42802478643e-14
6.69338677355 1.25723679273e-14
6.71342685371 1.08747115423e-14
6.73346693387 9.1871869359e-15
6.75350701403 7.50970343488e-15
6.77354709419 6.01760480361e-15
6.79358717435 4.95656457684e-15
6.81362725451 3.90178434744e-15
6.83366733467 2.85320868611e-15
6.85370741483 1.81078281993e-15
6.87374749499 9.89594876604e-16
6.89378757515 8.08185043193e-16
6.91382765531 6.27835401401e-16
6.93386773547 4.48536550886e-16
6.95390781563 2.70279205066e-16
6.97394789579 1.26548179297e-16
6.99398797595 1.0769850088e-16
7.01402805611 8.89625408774e-17
7.03406813627 7.03391660509e-17
7.05410821643 5.18272604102e-17
7.07414829659 3.55167538171e-17
7.09418837675 2.93610563385e-17
7.11422845691 2.32450988529e-17
7.13426853707 1.71684092567e-17
7.15430861723 1.11305244702e-17
7.17434869739 5.89050985899e-18
7.19438877756 5.69428345798e-18
7.21442885772 5.50344612955e-18
7.23446893788 5.31783585686e-18
7.25450901804 5.13729561064e-18
7.2745490982 4.96366717974e-18
7.29458917836 4.8146798192e-18
7.31462925852 4.67019980507e-18
7.33466933868 4.53008953342e-18
7.35470941884 4.39421564544e-18
7.374749499 4.26244889488e-18
7.39478957916 4.13466401968e-18
7.41482965932 4.0107396177e-18
7.43486973948 3.89055802628e-18
7.45490981964 3.77400520576e-18
7.4749498998 3.66097062654e-18
7.49498997996 3.55134715978e-18
7.51503006012 3.44503097155e-18
7.53507014028 3.34192142031e-18
7.55511022044 3.24192095759e-18
7.5751503006 3.14493503186e-18
7.59519038076 3.05087199539e-18
7.61523046092 2.95964301405e-18
7.63527054108 2.87116197997e-18
7.65531062124 2.78534542688e-18
7.6753507014 2.70211244823e-18
7.69539078156 2.62138461775e-18
7.71543086172 2.54308591262e-18
7.73547094188 2.46714263897e-18
7.75551102204 2.39348335975e-18
7.7755511022 2.32203882488e-18
7.79559118236 2.25274190357e-18
7.81563126253 2.18552751874e-18
7.83567134269 2.12033258354e-18
7.85571142285 2.05709593981e-18
7.87575150301 1.99575829853e-18
7.89579158317 1.93626218204e-18
7.91583166333 1.87855186817e-18
7.93587174349 1.82257333601e-18
7.95591182365 1.76827421348e-18
7.97595190381 1.71560372645e-18
7.99599198397 1.66451264949e-18
8.01603206413 1.61495325816e-18
8.03607214429 1.56687928278e-18
8.05611222445 1.52024586359e-18
8.07615230461 1.47500950743e-18
8.09619238477 1.43112804563e-18
8.11623246493 1.38856059329e-18
8.13627254509 1.34726750983e-18
8.15631262525 1.30721036072e-18
8.17635270541 1.26835188046e-18
8.19639278557 1.23065593662e-18
8.21643286573 1.19408749512e-18
8.23647294589 1.15861258647e-18
8.25651302605 1.12419827314e-18
8.27655310621 1.09081261789e-18
8.29659318637 1.05842465312e-18
8.31663326653 1.02700435115e-18
8.33667334669 9.96522595394e-19
8.35671342685 9.66951152516e-19
8.37675350701 9.38262645333e-19
8.39679358717 9.10430526637e-19
8.41683366733 8.83429053801e-19
8.43687374749 8.57233264162e-19
8.45691382766 8.31818951184e-19
8.47695390782 8.07162641339e-19
8.49699398798 7.83241571714e-19
8.51703406814 7.60033668305e-19
8.5370741483 7.3751752498e-19
8.55711422846 7.15672383092e-19
8.57715430862 6.94478111724e-19
8.59719438878 6.73915188537e-19
8.61723446894 6.5396468121e-19
8.6372745491 6.34608229456e-19
8.65731462926 6.15828027584e-19
8.67735470942 5.97606807609e-19
8.69739478958 5.79927822866e-19
8.71743486974 5.62774832144e-19
8.7374749499 5.46132084298e-19
8.75751503006 5.29984303334e-19
8.77755511022 5.14316673959e-19
8.79759519038 4.9911482757e-19
8.81763527054 4.84364828671e-19
8.8376753507 4.70053161712e-19
8.85771543086 4.56166718329e-19
8.87775551102 4.42692784976e-19
8.89779559118 4.29619030935e-19
8.91783567134 4.16933496697e-19
8.9378757515 4.04624582693e-19
8.95791583166 3.92681038377e-19
8.97795591182 3.81091951639e-19
8.99799599198 3.69846738541e-19
9.01803607214 3.58935133373e-19
9.0380761523 3.48347179004e-19
9.05811623246 3.38073217541e-19
9.07815631263 3.28103881256e-19
9.09819639279 3.18430083808e-19
9.11823647295 3.09043011724e-19
9.13827655311 2.99934116136e-19
9.15831663327 2.91095104783e-19
9.17835671343 2.82517934246e-19
9.19839679359 2.74194802421e-19
9.21843687375 2.66118141232e-19
9.23847695391 2.5828060955e-19
9.25851703407 2.50675086342e-19
9.27855711423 2.43294664019e-19
9.29859719439 2.36132641996e-19
9.31863727455 2.29182520437e-19
9.33867735471 2.22437994198e-19
9.35871743487 2.15892946956e-19
9.37875751503 2.09541445508e-19
9.39879759519 2.0337773425e-19
9.41883767535 1.97396229828e-19
9.43887775551 1.91591515936e-19
9.45891783567 1.8595833829e-19
9.47895791583 1.80491599745e-19
9.49899799599 1.7518635556e-19
9.51903807615 1.70037808811e-19
9.53907815631 1.65041305941e-19
9.55911823647 1.60192332443e-19
9.57915831663 1.55486508678e-19
9.59919839679 1.50919585819e-19
9.61923847695 1.46487441915e-19
9.63927855711 1.42186078076e-19
9.65931863727 1.38011614774e-19
9.67935871743 1.33960288259e-19
9.6993987976 1.30028447075e-19
9.71943887776 1.26212548692e-19
9.73947895792 1.2250915623e-19
9.75951903808 1.18914935293e-19
9.77955911824 1.15426650886e-19
9.7995991984 1.12041164438e-19
9.81963927856 1.08755430904e-19
9.83967935872 1.05566495964e-19
9.85971943888 1.02471493298e-19
9.87975951904 9.94676419517e-20
9.8997995992 0.0
9.91983967936 0.0
9.93987975952 0.0
9.95991983968 0.0
9.97995991984 0.0
10.0 0.0
