0.0 0.0
0.0200400801603 0.0
0.0400801603206 0.0
0.060120240481 8.18042598974e-11
0.0801603206413 5.38022558982e-11
0.100200400802 4.97052849627e-11
0.120240480962 4.92636253294e-11
0.140280561122 4.1944010636e-11
0.160320641283 3.2948489523e-11
0.180360721443 2.84885297095e-11
0.200400801603 2.55738724735e-11
0.220440881764 1.41326360904e-10
0.240480961924 1.3972043316e-10
0.260521042084 2.1434980584e-11
0.280561122244 2.05432065377e-11
0.300601202405 1.97314748692e-11
0.320641282565 1.90582819237e-11
0.340681362725 1.85243549025e-11
0.360721442886 1.79469406874e-11
0.380761523046 1.74143239447e-11
0.400801603206 1.69044360893e-11
0.420841683367 1.64491976125e-11
0.440881763527 1.60409908699e-11
0.460921843687 1.5650426014e-11
0.480961923848 1.52863732866e-11
0.501002004008 1.49374041036e-11
0.521042084168 1.46230210191e-11
0.541082164329 1.43321441621e-11
0.561122244489 1.40594219467e-11
0.581162324649 1.38076882098e-11
0.60120240481 1.35797998858e-11
0.62124248497 1.33606595397e-11
0.64128256513 1.31517845198e-11
0.661322645291 1.2966251265e-11
0.681362725451 1.27832961922e-11
0.701402805611 1.25761112581e-11
0.721442885772 1.2380443672e-11
0.741482965932 1.21933620191e-11
0.761523046092 1.20042108077e-11
0.781563126253 1.18263512788e-11
0.801603206413 1.16662295491e-11
0.821643286573 1.14806570708e-11
0.841683366733 1.12803154582e-11
0.861723446894 1.1096203811e-11
0.881763527054 1.09012992917e-11
0.901803607214 1.06634154676e-11
0.921843687375 1.04376807239e-11
0.941883767535 1.02224024839e-11
0.961923847695 9.98809421272e-12
0.981963927856 9.76269117692e-12
1.00200400802 9.55132904506e-12
1.02204408818 9.36196462221e-12
1.04208416834 9.18822177338e-12
1.0621242485 9.02649571017e-12
1.08216432866 8.86536143868e-12
1.10220440882 8.70193711452e-12
1.12224448898 8.54169996378e-12
1.14228456914 8.38975341373e-12
1.1623246493 8.21248875101e-12
1.18236472946 8.04207118917e-12
1.20240480962 7.88518579686e-12
1.22244488978 7.73113874149e-12
1.24248496994 7.5806157131e-12
1.2625250501 7.43504057812e-12
1.28256513026 7.29524698071e-12
1.30260521042 7.16363654443e-12
1.32264529058 7.03718226994e-12
1.34268537074 6.91525411032e-12
1.3627254509 6.80718127472e-12
1.38276553106 6.70357632948e-12
1.40280561122 6.60431810179e-12
1.42284569138 6.49988740653e-12
1.44288577154 6.39376468095e-12
1.4629258517 6.29222207812e-12
1.48296593186 6.19437731233e-12
1.50300601202 6.10169106297e-12
1.52304609218 6.01234518198e-12
1.54308617234 5.92748983641e-12
1.56312625251 5.83249592611e-12
1.58316633267 5.74003685045e-12
1.60320641283 5.651431271e-12
1.62324649299 5.56525751887e-12
1.64328657315 5.48135028032e-12
1.66332665331 5.40026760653e-12
1.68336673347 5.32357598235e-12
1.70340681363 5.25527681887e-12
1.72344689379 5.18939583485e-12
1.74348697395 5.12538030217e-12
1.76352705411 5.03424068131e-12
1.78356713427 4.94437698037e-12
1.80360721443 4.85673129453e-12
1.82364729459 4.7801847722e-12
1.84368737475 4.71046241307e-12
1.86372745491 4.64366587046e-12
1.88376753507 4.58628024786e-12
1.90380761523 4.54748919955e-12
1.92384769539 4.50992261978e-12
1.94388777555 4.4733539094e-12
1.96392785571 4.40742044121e-12
1.98396793587 4.34236923033e-12
2.00400801603 4.27645943877e-12
2.02404809619 4.21827260232e-12
2.04408817635 4.15930157835e-12
2.06412825651 4.10222708865e-12
2.08416833667 4.04652828289e-12
2.10420841683 3.9923487191e-12
2.12424849699 3.93969371605e-12
2.14428857715 3.88824117874e-12
2.16432865731 3.83577184989e-12
2.18436873747 3.78423956032e-12
2.20440881764 3.73371129091e-12
2.2244488978 3.67822949959e-12
2.24448897796 3.62083327981e-12
2.26452905812 3.56531042666e-12
2.28456913828 3.5099021747e-12
2.30460921844 3.45332716821e-12
2.3246492986 3.39807541656e-12
2.34468937876 3.34389872872e-12
2.36472945892 3.30094655594e-12
2.38476953908 3.25882789367e-12
2.40480961924 3.21751727558e-12
2.4248496994 3.17591299342e-12
2.44488977956 3.13456214632e-12
2.46492985972 3.0939747304e-12
2.48496993988 3.04915221193e-12
2.50501002004 2.99558444249e-12
2.5250501002 2.94294528422e-12
2.54509018036 2.89142943011e-12
2.56513026052 2.86040272982e-12
2.58517034068 2.82992428973e-12
2.60521042084 2.79997868538e-12
2.625250501 2.76007977182e-12
2.64529058116 2.71597791262e-12
2.66533066132 2.6725943581e-12
2.68537074148 2.63023863513e-12
2.70541082164 2.58916145899e-12
2.7254509018 2.54873583489e-12
2.74549098196 2.50906667241e-12
2.76553106212 2.47553123576e-12
2.78557114228 2.44251922341e-12
2.80561122244 2.41001774364e-12
2.82565130261 2.36565913093e-12
2.84569138277 2.31648605897e-12
2.86573146293 2.26803439997e-12
2.88577154309 2.2265956878e-12
2.90581162325 2.19682076781e-12
2.92585170341 2.16748273415e-12
2.94589178357 2.1383121357e-12
2.96593186373 2.10168602153e-12
2.98597194389 2.06557663777e-12
3.00601202405 2.02997262945e-12
3.02605210421 1.99431588254e-12
3.04609218437 1.95891906131e-12
3.06613226453 1.9240056371e-12
3.08617234469 1.8902875797e-12
3.10621242485 1.85823530502e-12
3.12625250501 1.82661186517e-12
3.14629258517 1.79552849837e-12
3.16633266533 1.76757777999e-12
3.18637274549 1.73999414827e-12
3.20641282565 1.71277009546e-12
3.22645290581 1.6805980185e-12
3.24649298597 1.64670710886e-12
3.26653306613 1.61324488133e-12
3.28657314629 1.57898206742e-12
3.30661322645 1.54318494253e-12
3.32665330661 1.50783026332e-12
3.34669338677 1.47333012004e-12
3.36673346693 1.44681844505e-12
3.38677354709 1.42063018374e-12
3.40681362725 1.39475924316e-12
3.42685370741 1.36787849316e-12
3.44689378758 1.34081409988e-12
3.46693386774 1.31407061233e-12
3.4869739479 1.28808226717e-12
3.50701402806 1.26307531684e-12
3.52705410822 1.23835951277e-12
3.54709418838 1.21374428138e-12
3.56713426854 1.18665551928e-12
3.5871743487 1.1598755052e-12
3.60721442886 1.13339885358e-12
3.62725450902 1.10846472942e-12
3.64729458918 1.08426118425e-12
3.66733466934 1.06032721537e-12
3.6873747495 1.03743752601e-12
3.70741482966 1.01594857912e-12
3.72745490982 9.9469510198e-13
3.74749498998 9.73735666555e-13
3.76753507014 9.53792793194e-13
3.7875751503 9.34064798753e-13
3.80761523046 9.14548140674e-13
3.82765531062 8.92650045999e-13
3.84769539078 8.700930361e-13
3.86773547094 8.47772992849e-13
3.8877755511 8.26941639419e-13
3.90781563126 8.08100462095e-13
3.92785571142 7.89454347372e-13
3.94789579158 7.71130295478e-13
3.96793587174 7.54417259256e-13
3.9879759519 7.37874645247e-13
4.00801603206 7.21499802885e-13
4.02805611222 7.03746382119e-13
4.04809619238 6.85668255945e-13
4.06813627255 6.67770296703e-13
4.08817635271 6.51237250409e-13
4.10821643287 6.36475501185e-13
4.12825651303 6.21858868827e-13
4.14829659319 6.07331330018e-13
4.16833667335 5.92426660843e-13
4.18837675351 5.77666198687e-13
4.20841683367 5.63047823709e-13
4.22845691383 5.49583149943e-13
4.24849699399 5.36558891126e-13
4.26853707415 5.23658250959e-13
4.28857715431 5.10569444525e-13
4.30861723447 4.9720105137e-13
4.32865731463 4.83957604904e-13
4.34869739479 4.70982403412e-13
4.36873747495 4.59371142575e-13
4.38877755511 4.47866943584e-13
4.40881763527 4.36468308396e-13
4.42885771543 4.25964403338e-13
4.44889779559 4.15785672138e-13
4.46893787575 4.05699091566e-13
4.48897795591 3.9561914945e-13
4.50901803607 3.85524673515e-13
4.52905811623 3.75520288378e-13
4.54909819639 3.6565400532e-13
4.56913827655 3.56254564261e-13
4.58917835671 3.46937883182e-13
4.60921843687 3.37702858113e-13
4.62925851703 3.28649886436e-13
4.64929859719 3.19703309478e-13
4.66933867735 3.10834093081e-13
4.68937875752 3.02505090636e-13
4.70941883768 2.94801689344e-13
4.72945891784 2.87164069906e-13
4.749498998 2.79514670646e-13
4.76953907816 2.71393774715e-13
4.78957915832 2.63341277541e-13
4.80961923848 2.55356308268e-13
4.82965931864 2.48175908667e-13
4.8496993988 2.41244959991e-13
4.86973947896 2.34371430275e-13
4.88977955912 2.27704036959e-13
4.90981963928 2.21262705992e-13
4.92985971944 2.14874074562e-13
4.9498997996 2.08621755637e-13
4.96993987976 2.02957785453e-13
4.98997995992 1.97339601786e-13
5.01002004008 1.9186974783e-13
5.03006012024 1.86539041808e-13
5.0501002004 1.81250902457e-13
5.07014028056 1.76281057077e-13
5.09018036072 1.71356256273e-13
5.11022044088 1.66470311424e-13
5.13026052104 1.61622759151e-13
5.1503006012 1.56813143582e-13
5.17034068136 1.5238069258e-13
5.19038076152 1.48004492281e-13
5.21042084168 1.43662143685e-13
5.23046092184 1.39353251164e-13
5.250501002 1.35077425372e-13
5.27054108216 1.31221572439e-13
5.29058116232 1.27438436363e-13
5.31062124248 1.23684007145e-13
5.33066132265 1.19957955715e-13
5.35070140281 1.16259958123e-13
5.37074148297 1.12695872842e-13
5.39078156313 1.09175839459e-13
5.41082164329 1.05682008013e-13
5.43086172345 1.02214084115e-13
5.45090180361 9.87717778622e-14
5.47094188377 9.56919525329e-14
5.49098196393 9.27093540923e-14
5.51102204409 8.97485524518e-14
5.53106212425 8.68093071532e-14
5.55110220441 8.38913813363e-14
5.57114228457 8.11173494653e-14
5.59118236473 7.83982601098e-14
5.61122244489 7.56986797924e-14
5.63126252505 7.30183973356e-14
5.65130260521 7.03572046598e-14
5.67134268537 6.79383243628e-14
5.69138276553 6.56158569425e-14
5.71142284569 6.3309759508e-14
5.73146292585 6.10198579713e-14
5.75150300601 5.87459807543e-14
5.77154308617 5.65688607906e-14
5.79158316633 5.44419245014e-14
5.81162324649 5.23297164854e-14
5.83166332665 5.02320829526e-14
5.85170340681 4.81488722871e-14
5.87174348697 4.61788122167e-14
5.89178356713 4.42737515269e-14
5.91182364729 4.23816561751e-14
5.93186372745 4.05023931477e-14
5.95190380762 3.86358312781e-14
5.97194388778 3.69644110613e-14
5.99198396794 3.54175663818e-14
6.0120240481 3.38810752915e-14
6.03206412826 3.23548332729e-14
6.05210420842 3.08387372374e-14
6.07214428858 2.94084097177e-14
6.09218436874 2.80431405177e-14
6.1122244489 2.66868583435e-14
6.13226452906 2.5339473991e-14
6.15230460922 2.40008994551e-14
6.17234468938 2.27149923831e-14
6.19238476954 2.14754539957e-14
6.2124248497 2.02439414217e-14
6.23246492986 1.90203763335e-14
6.25250501002 1.78046814379e-14
6.27254509018 1.66893223353e-14
6.29258517034 1.56752171909e-14
6.3126252505 1.466757487e-14
6.33266533066 1.36663332635e-14
6.35270541082 1.2671431071e-14
6.37274549098 1.17466000514e-14
6.39278557114 1.09038933844e-14
6.4128256513 1.00664737808e-14
6.43286573146 9.23429120277e-15
6.45290581162 8.4072962547e-15
6.47294589178 7.68003548763e-15
6.49298597194 7.09067345504e-15
6.5130260521 6.50495511839e-15
6.53306613226 5.92284642617e-15
6.55310621242 5.34431376037e-15
6.57314629259 4.83521421047e-15
6.59318637275 4.43930946812e-15
6.61322645291 4.04581827085e-15
6.63326653307 3.65471830991e-15
6.65330661323 3.26598755934e-15
6.67334669339 2.89268863008e-15
6.69338677355 2.54772965112e-15
6.71342685371 2.2048420177e-15
6.73346693387 1.8640068732e-15
6.75350701403 1.52520559637e-15
6.77354709419 1.22381891454e-15
6.79358717435 1.00941953702e-15
6.81362725451 7.96291325116e-16
6.83366733467 5.84422792486e-16
6.85370741483 3.73802596735e-16
6.87374749499 2.07832193665e-16
6.89378757515 1.70967791004e-16
6.91382765531 1.34325481176e-16
6.93386773547 9.79030850167e-17
6.95390781563 6.16984564697e-17
6.97394789579 3.24682488742e-17
6.99398797595 2.84451619401e-17
7.01402805611 2.445214403e-17
7.03406813627 2.04887253394e-17
7.05410821643 1.65544480586e-17
7.07414829659 1.3070824893e-17
7.09418837675 1.16426089163e-17
7.11422845691 1.0228430555e-17
7.13426853707 8.8279925216e-18
7.15430861723 7.44100641434e-18
7.17434869739 6.22046279926e-18
7.19438877756 6.02300794633e-18
7.21442885772 5.8317261448e-18
7.23446893788 5.64641532235e-18
7.25450901804 5.46688028398e-18
7.2745490982 5.29333486046e-18
7.29458917836 5.12920449564e-18
7.31462925852 4.97027901651e-18
7.33466933868 4.81638858103e-18
7.35470941884 4.66736908796e-18
7.374749499 4.52306197458e-18
7.39478957916 4.38331402193e-18
7.41482965932 4.24797716715e-18
7.43486973948 4.11690832276e-18
7.45490981964 3.98996920261e-18
7.4749498998 3.86702615408e-18
7.49498997996 3.74794999655e-18
7.51503006012 3.63261586569e-18
7.53507014028 3.52090306342e-18
7.55511022044 3.41269491333e-18
7.5751503006 3.3078786214e-18
7.59519038076 3.20634514166e-18
7.61523046092 3.10798904678e-18
7.63527054108 3.01270840333e-18
7.65531062124 2.92040465151e-18
7.6753507014 2.83098248917e-18
7.69539078156 2.74434976009e-18
7.71543086172 2.66041734617e-18
7.73547094188 2.5790990635e-18
7.75551102204 2.50031156217e-18
7.7755511022 2.42397422961e-18
7.79559118236 2.35000909742e-18
7.81563126253 2.27834075143e-18
7.83567134269 2.20889624503e-18
7.85571142285 2.14160501551e-18
7.87575150301 2.07639880338e-18
7.89579158317 2.01321157454e-18
7.91583166333 1.95197944517e-18
7.93587174349 1.89264060927e-18
7.95591182365 1.83513526877e-18
7.97595190381 1.77940556602e-18
7.99599198397 1.72539551871e-18
8.01603206413 1.67305095702e-18
8.03607214429 1.62231946299e-18
8.05611222445 1.57315031198e-18
8.07615230461 1.52549441614e-18
8.09619238477 1.4793042699e-18
8.11623246493 1.43453389734e-18
8.13627254509 1.39113880128e-18
8.15631262525 1.34907591427e-18
8.17635270541 1.30830355118e-18
8.19639278557 1.26878136344e-18
8.21643286573 1.23047029484e-18
8.23647294589 1.19333253891e-18
8.25651302605 1.15733149766e-18
8.27655310621 1.12243174182e-18
8.29659318637 1.08859897236e-18
8.31663326653 1.05579998341e-18
8.33667334669 1.02400262635e-18
8.35671342685 9.93175775193e-19
8.37675350701 9.63289293101e-19
8.39679358717 9.34314000057e-19
8.41683366733 9.06221641618e-19
8.43687374749 8.7898485873e-19
8.45691382766 8.52577158563e-19
8.47695390782 8.26972886326e-19
8.49699398798 8.0214719803e-19
8.51703406814 7.78076034168e-19
8.5370741483 7.54736094275e-19
8.55711422846 7.32104812348e-19
8.57715430862 7.10160333076e-19
8.59719438878 6.88881488878e-19
8.61723446894 6.68247777697e-19
8.6372745491 6.48239341539e-19
8.65731462926 6.28836945725e-19
8.67735470942 6.1002195883e-19
8.69739478958 5.91776333296e-19
8.71743486974 5.74082586677e-19
8.7374749499 5.56923783514e-19
8.75751503006 5.402835178e-19
8.77755511022 5.24145896037e-19
8.79759519038 5.08495520837e-19
8.81763527054 4.93317475077e-19
8.8376753507 4.78597306563e-19
8.85771543086 4.64321013207e-19
8.87775551102 4.50475028688e-19
8.89779559118 4.37046208578e-19
8.91783567134 4.24021816931e-19
8.9378757515 4.11389513305e-19
8.95791583166 3.99137340205e-19
8.97795591182 3.87253710947e-19
8.99799599198 3.75727397903e-19
9.01803607214 3.64547521138e-19
9.0380761523 3.53703537417e-19
9.05811623246 3.43185229564e-19
9.07815631263 3.32982696166e-19
9.09819639279 3.23086341616e-19
9.11823647295 3.13486866477e-19
9.13827655311 3.04175258151e-19
9.15831663327 2.95142781857e-19
9.17835671343 2.86380971897e-19
9.19839679359 2.77881623207e-19
9.21843687375 2.69636783169e-19
9.23847695391 2.61638743704e-19
9.25851703407 2.538800336e-19
9.27855711423 2.46353411103e-19
9.29859719439 2.39051856734e-19
9.31863727455 2.31968566342e-19
9.33867735471 2.25096944375e-19
9.35871743487 2.18430597374e-19
9.37875751503 2.11963327663e-19
9.39879759519 2.0568912725e-19
9.41883767535 1.99602171921e-19
9.43887775551 1.93696815517e-19
9.45891783567 1.87967584397e-19
9.47895791583 1.8240917208e-19
9.49899799599 1.77016434049e-19
9.51903807615 1.71784382725e-19
9.53907815631 1.66708182605e-19
9.55911823647 1.61783145541e-19
9.57915831663 1.57004726183e-19
9.59919839679 1.52368517556e-19
9.61923847695 1.4787024678e-19
9.63927855711 1.43505770926e-19
9.65931863727 1.39271073002e-19
9.67935871743 1.35162258064e-19
9.6993987976 1.31175549453e-19
9.71943887776 1.27307285146e-19
9.73947895792 1.23553914226e-19
9.75951903808 1.19911993457e-19
9.77955911824 1.16378183975e-19
9.7995991984 1.12949248074e-19
9.81963927856 1.09622046099e-19
9.83967935872 1.06393533434e-19
9.85971943888 1.03260757582e-19
9.87975951904 1.00220855342e-19
9.8997995992 0.0
9.91983967936 0.0
9.93987975952 0.0
9.95991983968 0.0
9.97995991984 0.0
10.0 0.0
