0.0 0.0
0.0200400801603 0.0
0.0400801603206 0.0
0.060120240481 0.0
0.0801603206413 0.0
0.100200400802 0.0
0.120240480962 0.0
0.140280561122 0.0
0.160320641283 0.0
0.180360721443 0.0
0.200400801603 0.0
0.220440881764 0.0
0.240480961924 0.0
0.260521042084 0.0
0.280561122244 0.0
0.300601202405 0.0
0.320641282565 0.0
0.340681362725 0.0
0.360721442886 7.39937054162e-11
0.380761523046 5.69246593497e-11
0.400801603206 5.02393196569e-11
0.420841683367 4.67368274366e-11
0.440881763527 4.46511135089e-11
0.460921843687 4.33049838321e-11
0.480961923848 4.23698393127e-11
0.501002004008 4.16363803848e-11
0.521042084168 4.11053398818e-11
0.541082164329 4.07107075284e-11
0.561122244489 4.0404442256e-11
0.581162324649 4.01751003291e-11
0.60120240481 4.00034066336e-11
0.62124248497 3.98507668839e-11
0.64128256513 3.97182811757e-11
0.661322645291 3.9618105124e-11
0.681362725451 3.94910268091e-11
0.701402805611 3.92296259685e-11
0.721442885772 3.89996185767e-11
0.741482965932 3.87935203148e-11
0.761523046092 3.85574605606e-11
0.781563126253 3.83400068805e-11
0.801603206413 3.81451548878e-11
0.821643286573 3.78181655897e-11
0.841683366733 3.74124074514e-11
0.861723446894 3.70333549894e-11
0.881763527054 3.65979295715e-11
0.901803607214 3.59670529734e-11
0.921843687375 3.53714421957e-11
0.941883767535 3.48070935469e-11
0.961923847695 3.41533780179e-11
0.981963927856 3.35235026937e-11
1.00200400802 3.29261385606e-11
1.02204408818 3.24112767425e-11
1.04208416834 3.19551675068e-11
1.0621242485 3.1518728575e-11
1.08216432866 3.10859819562e-11
1.10220440882 3.06377788241e-11
1.12224448898 3.02084071964e-11
1.14228456914 2.98004510709e-11
1.1623246493 2.9281097499e-11
1.18236472946 2.87736469337e-11
1.20240480962 2.82853728542e-11
1.22244488978 2.78056974734e-11
1.24248496994 2.73374581152e-11
1.2625250501 2.68857049758e-11
1.28256513026 2.64555434678e-11
1.30260521042 2.60560752182e-11
1.32264529058 2.56700677692e-11
1.34268537074 2.5296760781e-11
1.3627254509 2.49777402516e-11
1.38276553106 2.46711852105e-11
1.40280561122 2.43736688849e-11
1.42284569138 2.40538173348e-11
1.44288577154 2.37247800228e-11
1.4629258517 2.34054258941e-11
1.48296593186 2.30994178699e-11
1.50300601202 2.28126549293e-11
1.52304609218 2.25340711664e-11
1.54308617234 2.2265176002e-11
1.56312625251 2.19533527765e-11
1.58316633267 2.16478899905e-11
1.60320641283 2.13506176195e-11
1.62324649299 2.10621507797e-11
1.64328657315 2.078174672e-11
1.66332665331 2.05083199783e-11
1.68336673347 2.02529035351e-11
1.70340681363 2.00306126315e-11
1.72344689379 1.98138236535e-11
1.74348697395 1.96021874547e-11
1.76352705411 1.9279792441e-11
1.78356713427 1.89614365332e-11
1.80360721443 1.86505269053e-11
1.82364729459 1.83838964687e-11
1.84368737475 1.81440064656e-11
1.86372745491 1.79095338602e-11
1.88376753507 1.77122050152e-11
1.90380761523 1.75895324738e-11
1.92384769539 1.74695654491e-11
1.94388777555 1.73522141709e-11
1.96392785571 1.7115759973e-11
1.98396793587 1.68818288258e-11
2.00400801603 1.66502620896e-11
2.02404809619 1.64336176568e-11
2.04408817635 1.62213486056e-11
2.06412825651 1.60133824568e-11
2.08416833667 1.58104321592e-11
2.10420841683 1.56132856729e-11
2.12424849699 1.54200140211e-11
2.14428857715 1.52305027376e-11
2.16432865731 1.50366417519e-11
2.18436873747 1.48463985928e-11
2.20440881764 1.46597462464e-11
2.2244488978 1.44529167631e-11
2.24448897796 1.42378544138e-11
2.26452905812 1.4026727832e-11
2.28456913828 1.38158239764e-11
2.30460921844 1.36014718108e-11
2.3246492986 1.33909323681e-11
2.34468937876 1.31841312399e-11
2.36472945892 1.30219054281e-11
2.38476953908 1.28624940745e-11
2.40480961924 1.2705823843e-11
2.4248496994 1.25474949929e-11
2.44488977956 1.23897335729e-11
2.46492985972 1.22346136058e-11
2.48496993988 1.2062081271e-11
2.50501002004 1.18540547425e-11
2.5250501002 1.16494146687e-11
2.54509018036 1.14489609776e-11
2.56513026052 1.133044911e-11
2.58517034068 1.12138272978e-11
2.60521042084 1.1099050285e-11
2.625250501 1.09440569722e-11
2.64529058116 1.07719492207e-11
2.66533066132 1.06024898347e-11
2.68537074148 1.04369327902e-11
2.70541082164 1.02762948915e-11
2.7254509018 1.01180720473e-11
2.74549098196 9.9626954447e-12
2.76553106212 9.83173387814e-12
2.78557114228 9.70269869423e-12
2.80561122244 9.57554736532e-12
2.82565130261 9.40071873103e-12
2.84569138277 9.20646031134e-12
2.86573146293 9.01496925592e-12
2.88577154309 8.85146121242e-12
2.90581162325 8.73456853379e-12
2.92585170341 8.61930918991e-12
2.94589178357 8.50461004399e-12
2.96593186373 8.35994468131e-12
2.98597194389 8.21725574041e-12
3.00601202405 8.07650271212e-12
3.02605210421 7.93545542352e-12
3.04609218437 7.79537075494e-12
3.06613226453 7.65714780955e-12
3.08617234469 7.52364078798e-12
3.10621242485 7.39673583192e-12
3.12625250501 7.27148420657e-12
3.14629258517 7.14833451864e-12
3.16633266533 7.03766570509e-12
3.18637274549 6.92841108029e-12
3.20641282565 6.82054353745e-12
3.22645290581 6.69282858884e-12
3.24649298597 6.55819323837e-12
3.26653306613 6.42523321594e-12
3.28657314629 6.28903301393e-12
3.30661322645 6.14666055306e-12
3.32665330661 6.00602621549e-12
3.34669338677 5.8687800094e-12
3.36673346693 5.76345538149e-12
3.38677354709 5.65939399915e-12
3.40681362725 5.55657314161e-12
3.42685370741 5.44968745357e-12
3.44689378758 5.3420427772e-12
3.46693386774 5.23565816965e-12
3.4869739479 5.13227103891e-12
3.50701402806 5.03278684398e-12
3.52705410822 4.93444690257e-12
3.54709418838 4.83649049633e-12
3.56713426854 4.72862936001e-12
3.5871743487 4.62198711984e-12
3.60721442886 4.51654312554e-12
3.62725450902 4.41725075979e-12
3.64729458918 4.32086513823e-12
3.66733466934 4.22554445035e-12
3.6873747495 4.13438522579e-12
3.70741482966 4.04881212367e-12
3.72745490982 3.96416902134e-12
3.74749498998 3.88069057813e-12
3.76753507014 3.80126412653e-12
3.7875751503 3.72268690273e-12
3.80761523046 3.64494529454e-12
3.82765531062 3.55768190373e-12
3.84769539078 3.46777951923e-12
3.86773547094 3.37881767297e-12
3.8877755511 3.2957966794e-12
3.90781563126 3.22071939619e-12
3.92785571142 3.14641545363e-12
3.94789579158 3.0733924438e-12
3.96793587174 3.00679850471e-12
3.9879759519 2.94088005443e-12
4.00801603206 2.87562682215e-12
4.02805611222 2.80486390761e-12
4.04809619238 2.73280062555e-12
4.06813627255 2.66145344846e-12
4.08817635271 2.59555328345e-12
4.10821643287 2.53672250445e-12
4.12825651303 2.47846779889e-12
4.14829659319 2.42056570308e-12
4.16833667335 2.36115505491e-12
4.18837675351 2.30231759803e-12
4.20841683367 2.2440450438e-12
4.22845691383 2.19037601954e-12
4.24849699399 2.13846289008e-12
4.26853707415 2.08704109106e-12
4.28857715431 2.03486620364e-12
4.30861723447 1.98157355631e-12
4.32865731463 1.92877811469e-12
4.34869739479 1.87705195638e-12
4.36873747495 1.83076838484e-12
4.38877755511 1.78491066273e-12
4.40881763527 1.73947291744e-12
4.42885771543 1.69760478843e-12
4.44889779559 1.65703309876e-12
4.46893787575 1.61682793046e-12
4.48897795591 1.57664812297e-12
4.50901803607 1.53640929657e-12
4.52905811623 1.49652906154e-12
4.54909819639 1.4571990735e-12
4.56913827655 1.41973114716e-12
4.58917835671 1.3825926852e-12
4.60921843687 1.34577934563e-12
4.62925851703 1.30969177169e-12
4.64929859719 1.27402812075e-12
4.66933867735 1.23867259713e-12
4.68937875752 1.20547190347e-12
4.70941883768 1.17476662663e-12
4.72945891784 1.14432324614e-12
4.749498998 1.11383237912e-12
4.76953907816 1.08146010745e-12
4.78957915832 1.04936040324e-12
4.80961923848 1.01752982713e-12
4.82965931864 9.88908561471e-13
4.8496993988 9.61282066218e-13
4.86973947896 9.33884319605e-13
4.88977955912 9.07308568916e-13
4.90981963928 8.81634288817e-13
4.92985971944 8.56169970063e-13
4.9498997996 8.31249142401e-13
4.96993987976 8.08674794161e-13
4.98997995992 7.8628281739e-13
5.01002004008 7.64482223112e-13
5.03006012024 7.43236391681e-13
5.0501002004 7.22160130611e-13
5.07014028056 7.02353121604e-13
5.09018036072 6.82725567226e-13
5.11022044088 6.63252805047e-13
5.13026052104 6.43933005363e-13
5.1503006012 6.24764367291e-13
5.17034068136 6.07099706546e-13
5.19038076152 5.8965922663e-13
5.21042084168 5.72353616987e-13
5.23046092184 5.55181314379e-13
5.250501002 5.38140779711e-13
5.27054108216 5.22774836485e-13
5.29058116232 5.07698742378e-13
5.31062124248 4.92737014756e-13
5.33066132265 4.77888353226e-13
5.35070140281 4.63151477099e-13
5.37074148297 4.48948481506e-13
5.39078156313 4.34921066225e-13
5.41082164329 4.20998067294e-13
5.43086172345 4.07178319756e-13
5.45090180361 3.93460675976e-13
5.47094188377 3.81188207419e-13
5.49098196393 3.69303320072e-13
5.51102204409 3.57505280165e-13
5.53106212425 3.4579313645e-13
5.55110220441 3.34165951569e-13
5.57114228457 3.23112399547e-13
5.59118236473 3.12277849209e-13
5.61122244489 3.01521042206e-13
5.63126252505 2.90841142391e-13
5.65130260521 2.80237325605e-13
5.67134268537 2.70599460976e-13
5.69138276553 2.61345907092e-13
5.71142284569 2.52157578687e-13
5.73146292585 2.43033786608e-13
5.75150300601 2.33973851411e-13
5.77154308617 2.25299594914e-13
5.79158316633 2.16825360234e-13
5.81162324649 2.08409817362e-13
5.83166332665 2.00052356996e-13
5.85170340681 1.91752378264e-13
5.87174348697 1.83903410066e-13
5.89178356713 1.76313515065e-13
5.91182364729 1.68775288008e-13
5.93186372745 1.61288201682e-13
5.95190380762 1.53851736045e-13
5.97194388778 1.47193055835e-13
5.99198396794 1.41030884286e-13
6.0120240481 1.34909959273e-13
6.03206412826 1.28829866923e-13
6.05210420842 1.22790198899e-13
6.07214428858 1.17092354306e-13
6.09218436874 1.1165378568e-13
6.1122244489 1.06251018627e-13
6.13226452906 1.00883699841e-13
6.15230460922 9.55514806615e-14
6.17234468938 9.04291508069e-14
6.19238476954 8.54916044747e-14
6.2124248497 8.0586032554e-14
6.23246492986 7.57121246446e-14
6.25250501002 7.08695743648e-14
6.27254509018 6.64268729332e-14
6.29258517034 6.23876706061e-14
6.3126252505 5.83742082747e-14
6.33266533066 5.43862400178e-14
6.35270541082 5.04235230484e-14
6.37274549098 4.67400281907e-14
6.39278557114 4.33837812653e-14
6.4128256513 4.00485864287e-14
6.43286573146 3.67342456866e-14
6.45290581162 3.34405635289e-14
6.47294589178 3.05442905418e-14
6.49298597194 2.81974953687e-14
6.5130260521 2.58651951419e-14
6.53306613226 2.35472555742e-14
6.55310621242 2.12435440396e-14
6.57314629259 1.92164785091e-14
6.59318637275 1.76404270199e-14
6.61322645291 1.60739641108e-14
6.63326653307 1.4517002232e-14
6.65330661323 1.29694549021e-14
6.67334669339 1.1483371086e-14
6.69338677355 1.01101825749e-14
6.71342685371 8.7452229491e-15
6.73346693387 7.38841819813e-15
6.75350701403 6.03969520128e-15
6.77354709419 4.84002356817e-15
6.79358717435 3.98691390217e-15
6.81362725451 3.13884317911e-15
6.83366733467 2.29576668474e-15
6.85370741483 1.45764023632e-15
6.87374749499 7.97384423156e-16
6.89378757515 6.51483721344e-16
6.91382765531 5.06437701858e-16
6.93386773547 3.62238741712e-16
6.95390781563 2.18879311268e-16
6.97394789579 1.03279255376e-16
6.99398797595 8.80785266918e-17
7.01402805611 7.29707018011e-17
7.03406813627 5.79548248286e-17
7.05410821643 4.30299551441e-17
7.07414829659 2.98762181284e-17
7.09418837675 2.48875721401e-17
7.11422845691 1.99321041258e-17
7.13426853707 1.50093970578e-17
7.15430861723 1.01190423205e-17
7.17434869739 5.87123738744e-18
7.19438877756 5.67934294872e-18
7.21442885772 5.49281585994e-18
7.23446893788 5.31149420675e-18
7.25450901804 5.13522106385e-18
7.2745490982 4.96544734125e-18
7.29458917836 4.81639705457e-18
7.31462925852 4.67185637638e-18
7.33466933868 4.5316876199e-18
7.35470941884 4.39575734659e-18
7.374749499 4.26393623346e-18
7.39478957916 4.13609894455e-18
7.41482965932 4.01212400658e-18
7.43486973948 3.8918936884e-18
7.45490981964 3.77529388441e-18
7.4749498998 3.6622140015e-18
7.49498997996 3.55254684973e-18
7.51503006012 3.44618853628e-18
7.53507014028 3.34303836293e-18
7.55511022044 3.24299872663e-18
7.5751503006 3.14597502328e-18
7.59519038076 3.05187555454e-18
7.61523046092 2.96061143754e-18
7.63527054108 2.87209651743e-18
7.65531062124 2.78624728276e-18
7.6753507014 2.70298278341e-18
7.69539078156 2.62222455118e-18
7.71543086172 2.54389652283e-18
7.73547094188 2.46792496558e-18
7.75551102204 2.39423840491e-18
7.7755511022 2.32276755463e-18
7.79559118236 2.25344524914e-18
7.81563126253 2.18620637788e-18
7.83567134269 2.12098782171e-18
7.85571142285 2.05772839138e-18
7.87575150301 1.9963687679e-18
7.89579158317 1.93685144475e-18
7.91583166333 1.87912067194e-18
7.93587174349 1.82312240178e-18
7.95591182365 1.76880423636e-18
7.97595190381 1.71611537667e-18
7.99599198397 1.66500657332e-18
8.01603206413 1.61543007878e-18
8.03607214429 1.56733960107e-18
8.05611222445 1.52069025903e-18
8.07615230461 1.4754385388e-18
8.09619238477 1.43154225179e-18
8.11623246493 1.38896049392e-18
8.13627254509 1.34765360609e-18
8.15631262525 1.30758313595e-18
8.17635270541 1.2687118008e-18
8.19639278557 1.23100345166e-18
8.21643286573 1.19442303847e-18
8.23647294589 1.15893657636e-18
8.25651302605 1.12451111295e-18
8.27655310621 1.09111469672e-18
8.29659318637 1.05871634627e-18
8.31663326653 1.02728602064e-18
8.33667334669 9.96794590434e-19
8.35671342685 9.67213809962e-19
8.37675350701 9.3851629014e-19
8.39679358717 9.10675472282e-19
8.41683366733 8.83665602693e-19
8.43687374749 8.57461708046e-19
8.45691382766 8.32039571514e-19
8.47695390782 8.07375709654e-19
8.49699398798 7.8344734999e-19
8.51703406814 7.60232409297e-19
8.5370741483 7.37709472553e-19
8.55711422846 7.15857772538e-19
8.57715430862 6.94657170067e-19
8.59719438878 6.74088134829e-19
8.61723446894 6.54131726817e-19
8.6372745491 6.34769578328e-19
8.65731462926 6.15983876525e-19
8.67735470942 5.97757346524e-19
8.69739478958 5.80073235012e-19
8.71743486974 5.62915294365e-19
8.7374749499 5.46267767251e-19
8.75751503006 5.30115371713e-19
8.77755511022 5.14443286702e-19
8.79759519038 4.99237138064e-19
8.81763527054 4.84482984952e-19
8.8376753507 4.7016730665e-19
8.85771543086 4.56276989815e-19
8.87775551102 4.42799316096e-19
8.89779559118 4.29721950139e-19
8.91783567134 4.17032927965e-19
8.9378757515 4.04720645693e-19
8.95791583166 3.92773848615e-19
8.97795591182 3.81181620606e-19
8.99799599198 3.69933373857e-19
9.01803607214 3.59018838922e-19
9.0380761523 3.48428055065e-19
9.05811623246 3.38151360915e-19
9.07815631263 3.2817938539e-19
9.09819639279 3.18503038911e-19
9.11823647295 3.0911350488e-19
9.13827655311 3.00002231418e-19
9.15831663327 2.91160923354e-19
9.17835671343 2.82581534462e-19
9.19839679359 2.74256259933e-19
9.21843687375 2.66177529076e-19
9.23847695391 2.58337998242e-19
9.25851703407 2.50730543964e-19
9.27855711423 2.43348256306e-19
9.29859719439 2.36184432416e-19
9.31863727455 2.29232570271e-19
9.33867735471 2.22486362618e-19
9.35871743487 2.15939691096e-19
9.37875751503 2.09586620537e-19
9.39879759519 2.03421393442e-19
9.41883767535 1.97438424622e-19
9.43887775551 1.91632296006e-19
9.45891783567 1.85997751605e-19
9.47895791583 1.80529692627e-19
9.49899799599 1.75223172741e-19
9.51903807615 1.7007339349e-19
9.53907815631 1.65075699836e-19
9.55911823647 1.60225575844e-19
9.57915831663 1.55518640494e-19
9.59919839679 1.50950643629e-19
9.61923847695 1.4651746201e-19
9.63927855711 1.42215095508e-19
9.65931863727 1.38039663398e-19
9.67935871743 1.3398740077e-19
9.6993987976 1.30054655054e-19
9.71943887776 1.26237882642e-19
9.73947895792 1.22533645613e-19
9.75951903808 1.18938608566e-19
9.77955911824 1.15449535537e-19
9.7995991984 1.12063287016e-19
9.81963927856 1.08776817057e-19
9.83967935872 1.05587170465e-19
9.85971943888 1.02491480078e-19
9.87975951904 9.94869641267e-20
9.8997995992 0.0
9.91983967936 0.0
9.93987975952 0.0
9.95991983968 0.0
9.97995991984 0.0
10.0 0.0
