0.0 0.0
0.0200400801603 0.0
0.0400801603206 0.0
0.060120240481 0.0
0.0801603206413 0.0
0.100200400802 0.0
0.120240480962 0.0
0.140280561122 0.0
0.160320641283 0.0
0.180360721443 0.0
0.200400801603 0.0
0.220440881764 0.0
0.240480961924 1.71299559465e-09
0.260521042084 3.66545731144e-11
0.280561122244 3.43247166215e-11
0.300601202405 3.36508374949e-11
0.320641282565 3.4132512725e-11
0.340681362725 3.54905359442e-11
0.360721442886 3.61166805836e-11
0.380761523046 3.66842204839e-11
0.400801603206 3.72457107941e-11
0.420841683367 3.78156553163e-11
0.440881763527 3.83794381137e-11
0.460921843687 3.89145934723e-11
0.480961923848 3.93952558149e-11
0.501002004008 3.97721515474e-11
0.521042084168 4.0132842877e-11
0.541082164329 4.04724647701e-11
0.561122244489 4.07815336559e-11
0.581162324649 4.10756345087e-11
0.60120240481 4.13552435823e-11
0.62124248497 4.1594802642e-11
0.64128256513 4.18058459664e-11
0.661322645291 4.20095464473e-11
0.681362725451 4.21494071842e-11
0.701402805611 4.21148877976e-11
0.721442885772 4.20869120464e-11
0.741482965932 4.2061923281e-11
0.761523046092 4.19841504193e-11
0.781563126253 4.19088169062e-11
0.801603206413 4.18423433555e-11
0.821643286573 4.16165007296e-11
0.841683366733 4.12907223216e-11
0.861723446894 4.09826262519e-11
0.881763527054 4.06016436898e-11
0.901803607214 3.99934135611e-11
0.921843687375 3.94148013118e-11
0.941883767535 3.88626819171e-11
0.961923847695 3.82029075778e-11
0.981963927856 3.75625971366e-11
1.00200400802 3.69519978445e-11
1.02204408818 3.64281890109e-11
1.04208416834 3.59655100373e-11
1.0621242485 3.55207568124e-11
1.08216432866 3.5076616913e-11
1.10220440882 3.46113137218e-11
1.12224448898 3.41638823753e-11
1.14228456914 3.37369833431e-11
1.1623246493 3.31809413606e-11
1.18236472946 3.26355757247e-11
1.20240480962 3.21094007485e-11
1.22244488978 3.15906329163e-11
1.24248496994 3.10826877254e-11
1.2625250501 3.05915264627e-11
1.28256513026 3.01231858039e-11
1.30260521042 2.96881407835e-11
1.32264529058 2.92669147756e-11
1.34268537074 2.88587800169e-11
1.3627254509 2.8511331664e-11
1.38276553106 2.81769693409e-11
1.40280561122 2.7851970993e-11
1.42284569138 2.7500488803e-11
1.44288577154 2.71375324829e-11
1.4629258517 2.67847691985e-11
1.48296593186 2.64464916356e-11
1.50300601202 2.61294738653e-11
1.52304609218 2.58211030595e-11
1.54308617234 2.55228627637e-11
1.56312625251 2.51747422808e-11
1.58316633267 2.4833293589e-11
1.60320641283 2.45006568979e-11
1.62324649299 2.41775802556e-11
1.64328657315 2.38632503048e-11
1.66332665331 2.35564910611e-11
1.68336673347 2.32700575962e-11
1.70340681363 2.30212871038e-11
1.72344689379 2.27784647717e-11
1.74348697395 2.2541235813e-11
1.76352705411 2.21762329147e-11
1.78356713427 2.18154953821e-11
1.80360721443 2.14629649456e-11
1.82364729459 2.11610747684e-11
1.84368737475 2.08896774869e-11
1.86372745491 2.06242448772e-11
1.88376753507 2.04013463516e-11
1.90380761523 2.02642472369e-11
1.92384769539 2.0130078282e-11
1.94388777555 1.99987459296e-11
1.96392785571 1.97299170961e-11
1.98396793587 1.94637869838e-11
2.00400801603 1.92005884249e-11
2.02404809619 1.89535507464e-11
2.04408817635 1.87118184822e-11
2.06412825651 1.84748800742e-11
2.08416833667 1.82435677132e-11
2.10420841683 1.80188001679e-11
2.12424849699 1.77983596446e-11
2.14428857715 1.75821217226e-11
2.16432865731 1.73607283967e-11
2.18436873747 1.7143384847e-11
2.20440881764 1.69300664983e-11
2.2244488978 1.66933226036e-11
2.24448897796 1.64469491249e-11
2.26452905812 1.62050079302e-11
2.28456913828 1.59632141054e-11
2.30460921844 1.57173291093e-11
2.3246492986 1.5475748407e-11
2.34468937876 1.52383911769e-11
2.36472945892 1.50524742288e-11
2.38476953908 1.48697315596e-11
2.40480961924 1.46900821868e-11
2.4248496994 1.45084416929e-11
2.44488977956 1.43273866659e-11
2.46492985972 1.41493186912e-11
2.48496993988 1.39510436562e-11
2.50501002004 1.37116407009e-11
2.5250501002 1.3476084701e-11
2.54509018036 1.32453045989e-11
2.56513026052 1.31092771966e-11
2.58517034068 1.29753890476e-11
2.60521042084 1.28435898641e-11
2.625250501 1.26652003342e-11
2.64529058116 1.24669517325e-11
2.66533066132 1.22717181175e-11
2.68537074148 1.20809534235e-11
2.70541082164 1.18958373049e-11
2.7254509018 1.17134731531e-11
2.74549098196 1.15343621724e-11
2.76553106212 1.13834817262e-11
2.78557114228 1.12347961677e-11
2.80561122244 1.10882577642e-11
2.82565130261 1.08864686658e-11
2.84569138277 1.06621371062e-11
2.86573146293 1.0440971037e-11
2.88577154309 1.02521806824e-11
2.90581162325 1.01173563726e-11
2.92585170341 9.98439731582e-12
2.94589178357 9.85206134237e-12
2.96593186373 9.68498170306e-12
2.98597194389 9.52016422144e-12
3.00601202405 9.35756310798e-12
3.02605210421 9.19459522715e-12
3.04609218437 9.03271776661e-12
3.06613226453 8.8729735416e-12
3.08617234469 8.71867132592e-12
3.10621242485 8.57199849054e-12
3.12625250501 8.42722096632e-12
3.14629258517 8.28485955017e-12
3.16633266533 8.15694553128e-12
3.18637274549 8.03065309094e-12
3.20641282565 7.90595148954e-12
3.22645290581 7.75822512178e-12
3.24649298597 7.60245808705e-12
3.26653306613 7.44861539075e-12
3.28657314629 7.29099874048e-12
3.30661322645 7.12620863935e-12
3.32665330661 6.96341665877e-12
3.34669338677 6.80453667679e-12
3.36673346693 6.68265564712e-12
3.38677354709 6.56222651882e-12
3.40681362725 6.44322342709e-12
3.42685370741 6.3194943681e-12
3.44689378758 6.19487301126e-12
3.46693386774 6.07170117443e-12
3.4869739479 5.95199430859e-12
3.50701402806 5.83680318865e-12
3.52705410822 5.72292883547e-12
3.54709418838 5.60948928024e-12
3.56713426854 5.48455125178e-12
3.5871743487 5.36101688916e-12
3.60721442886 5.23886260889e-12
3.62725450902 5.12383477717e-12
3.64729458918 5.01216998408e-12
3.66733466934 4.90173206943e-12
3.6873747495 4.79611365168e-12
3.70741482966 4.69696810714e-12
3.72745490982 4.59889422507e-12
3.74749498998 4.50216451123e-12
3.76753507014 4.41012919343e-12
3.7875751503 4.31907275104e-12
3.80761523046 4.22897961142e-12
3.82765531062 4.12783219772e-12
3.84769539078 4.0236162377e-12
3.86773547094 3.92048522743e-12
3.8877755511 3.8242416968e-12
3.90781563126 3.73721038812e-12
3.92785571142 3.65107125183e-12
3.94789579158 3.5664135067e-12
3.96793587174 3.48921171682e-12
3.9879759519 3.41278935095e-12
4.00801603206 3.33713463768e-12
4.02805611222 3.25508138073e-12
4.04809619238 3.17151455161e-12
4.06813627255 3.08877448727e-12
4.08817635271 3.01235215159e-12
4.10821643287 2.94413100282e-12
4.12825651303 2.87657498475e-12
4.14829659319 2.80942483745e-12
4.16833667335 2.74052038083e-12
4.18837675351 2.67227794296e-12
4.20841683367 2.60468800845e-12
4.22845691383 2.54243861543e-12
4.24849699399 2.482224585e-12
4.26853707415 2.42257815682e-12
4.28857715431 2.36205485416e-12
4.30861723447 2.30023136012e-12
4.32865731463 2.2389824334e-12
4.34869739479 2.17897227484e-12
4.36873747495 2.12527799696e-12
4.38877755511 2.07207588499e-12
4.40881763527 2.0193591892e-12
4.42885771543 1.97078458353e-12
4.44889779559 1.92371318669e-12
4.46893787575 1.87706547372e-12
4.48897795591 1.83044540878e-12
4.50901803607 1.78375506194e-12
4.52905811623 1.73747932971e-12
4.54909819639 1.69184078764e-12
4.56913827655 1.648362613e-12
4.58917835671 1.60526543838e-12
4.60921843687 1.56254426786e-12
4.62925851703 1.52066434193e-12
4.64929859719 1.47927524086e-12
4.66933867735 1.43824255446e-12
4.68937875752 1.39971065495e-12
4.70941883768 1.3640751455e-12
4.72945891784 1.32874260028e-12
4.749498998 1.29335379358e-12
4.76953907816 1.25577915307e-12
4.78957915832 1.21851989787e-12
4.80961923848 1.1815720666e-12
4.82965931864 1.14835002461e-12
4.8496993988 1.11628222063e-12
4.86973947896 1.08447913672e-12
4.88977955912 1.05362974029e-12
4.90981963928 1.02382637504e-12
4.92985971944 9.94266020169e-13
4.9498997996 9.65336041322e-13
4.96993987976 9.39130384165e-13
4.98997995992 9.13135823309e-13
5.01002004008 8.87827395413e-13
5.03006012024 8.63162604355e-13
5.0501002004 8.38694117752e-13
5.07014028056 8.15699140098e-13
5.09018036072 7.92912006435e-13
5.11022044088 7.70304089402e-13
5.13026052104 7.47873279215e-13
5.1503006012 7.25617499142e-13
5.17034068136 7.05108020419e-13
5.19038076152 6.84858440388e-13
5.21042084168 6.64765041216e-13
5.23046092184 6.44826019753e-13
5.250501002 6.25039600553e-13
5.27054108216 6.07197822504e-13
5.29058116232 5.89692318601e-13
5.31062124248 5.72319273605e-13
5.33066132265 5.550771871e-13
5.35070140281 5.37964581294e-13
5.37074148297 5.21471760596e-13
5.39078156313 5.05182550818e-13
5.41082164329 4.89014299218e-13
5.43086172345 4.72965661183e-13
5.45090180361 4.57035311994e-13
5.47094188377 4.4278340057e-13
5.49098196393 4.28981438106e-13
5.51102204409 4.15280095495e-13
5.53106212425 4.01678274512e-13
5.55110220441 3.88174892894e-13
5.57114228457 3.7533763323e-13
5.59118236473 3.62754548401e-13
5.61122244489 3.50261550424e-13
5.63126252505 3.37857673672e-13
5.65130260521 3.25541966301e-13
5.67134268537 3.14348202398e-13
5.69138276553 3.03600706588e-13
5.71142284569 2.92928802057e-13
5.73146292585 2.82331692751e-13
5.75150300601 2.71808593778e-13
5.77154308617 2.61733385589e-13
5.79158316633 2.51890391849e-13
5.81162324649 2.42115427639e-13
5.83166332665 2.32407788946e-13
5.85170340681 2.2276678146e-13
5.87174348697 2.13649605593e-13
5.89178356713 2.04833281972e-13
5.91182364729 1.96076854707e-13
5.93186372745 1.87379714485e-13
5.95190380762 1.78741260248e-13
5.97194388778 1.71006331886e-13
5.99198396794 1.63848151895e-13
6.0120240481 1.56737791928e-13
6.03206412826 1.49674773577e-13
6.05210420842 1.42658624811e-13
6.07214428858 1.36039530809e-13
6.09218436874 1.29721590955e-13
6.1122244489 1.23445163395e-13
6.13226452906 1.17209839643e-13
6.15230460922 1.11015216567e-13
6.17234468938 1.05064382581e-13
6.19238476954 9.93281725607e-14
6.2124248497 9.36290417872e-14
6.23246492986 8.79666313035e-14
6.25250501002 8.23405867822e-14
6.27254509018 7.71790677447e-14
6.29258517034 7.24863238222e-14
6.3126252505 6.78234322028e-14
6.33266533066 6.31901084495e-14
6.35270541082 5.85860717365e-14
6.37274549098 5.430642505e-14
6.39278557114 5.04069779666e-14
6.4128256513 4.65319486505e-14
6.43286573146 4.2681108061e-14
6.45290581162 3.88542300204e-14
6.47294589178 3.5489092037e-14
6.49298597194 3.27624028212e-14
6.5130260521 3.00525268254e-14
6.53306613226 2.73593086968e-14
6.55310621242 2.4682594997e-14
6.57314629259 2.23273178446e-14
6.59318637275 2.04960997929e-14
6.61322645291 1.86760042728e-14
6.63326653307 1.68669300006e-14
6.65330661323 1.50687769242e-14
6.67334669339 1.33420280717e-14
6.69338677355 1.17464503323e-14
6.71342685371 1.01604188179e-14
6.73346693387 8.58384789441e-15
6.75350701403 7.01665295321e-15
6.77354709419 5.62264912189e-15
6.79358717435 4.63135838681e-15
6.81362725451 3.64591329457e-15
6.83366733467 2.66626211467e-15
6.85370741483 1.6923537289e-15
6.87374749499 9.25136093029e-16
6.89378757515 7.55635587195e-16
6.91382765531 5.87125567386e-16
6.93386773547 4.19597246326e-16
6.95390781563 2.53041943299e-16
6.97394789579 1.18743376174e-16
6.99398797595 1.01117442395e-16
7.01402805611 8.35981665271e-17
7.03406813627 6.61844765886e-17
7.05410821643 4.88753171372e-17
7.07414829659 3.36232410003e-17
7.09418837675 2.7858912993e-17
7.11422845691 2.21320981647e-17
7.13426853707 1.64423434938e-17
7.15430861723 1.07892047627e-17
7.17434869739 5.8818503088e-18
7.19438877756 5.68715405879e-18
7.21442885772 5.4978367014e-18
7.23446893788 5.31373635931e-18
7.25450901804 5.13469613935e-18
7.2745490982 4.96242693143e-18
7.29458917836 4.81348340586e-18
7.31462925852 4.66904565119e-18
7.33466933868 4.52897612116e-18
7.35470941884 4.39314151247e-18
7.374749499 4.26141263234e-18
7.39478957916 4.13366427015e-18
7.41482965932 4.0097750733e-18
7.43486973948 3.88962742685e-18
7.45490981964 3.77310733703e-18
7.4749498998 3.66010431847e-18
7.49498997996 3.55051128491e-18
7.51503006012 3.44422444341e-18
7.53507014028 3.34114319191e-18
7.55511022044 3.24117001994e-18
7.5751503006 3.14421041259e-18
7.59519038076 3.05017275738e-18
7.61523046092 2.95896825414e-18
7.63527054108 2.87051082767e-18
7.65531062124 2.78471704321e-18
7.6753507014 2.70150602454e-18
7.69539078156 2.62079937461e-18
7.71543086172 2.54252109872e-18
7.73547094188 2.46659753011e-18
7.75551102204 2.39295725784e-18
7.7755511022 2.32153105699e-18
7.79559118236 2.25225182097e-18
7.81563126253 2.18505449606e-18
7.83567134269 2.11987601787e-18
7.85571142285 2.05665524994e-18
7.87575150301 1.99533292408e-18
7.89579158317 1.93585158275e-18
7.91583166333 1.87815552314e-18
7.93587174349 1.82219074302e-18
7.95591182365 1.76790488829e-18
7.97595190381 1.71524720214e-18
7.99599198397 1.66416847584e-18
8.01603206413 1.61462100105e-18
8.03607214429 1.56655852357e-18
8.05611222445 1.5199361986e-18
8.07615230461 1.47471054737e-18
8.09619238477 1.43083941509e-18
8.11623246493 1.38828193024e-18
8.13627254509 1.34699846512e-18
8.15631262525 1.30695059762e-18
8.17635270541 1.26810107421e-18
8.19639278557 1.230413774e-18
8.21643286573 1.19385367404e-18
8.23647294589 1.15838681556e-18
8.25651302605 1.12398027135e-18
8.27655310621 1.09060211415e-18
8.29659318637 1.05822138596e-18
8.31663326653 1.02680806833e-18
8.33667334669 9.96333053636e-19
8.35671342685 9.66768117118e-19
8.37675350701 9.38085889896e-19
8.39679358717 9.10259832756e-19
8.41683366733 8.83264210779e-19
8.43687374749 8.57074068735e-19
8.45691382766 8.31665207254e-19
8.47695390782 8.07014159716e-19
8.49699398798 7.8309816987e-19
8.51703406814 7.59895170136e-19
8.5370741483 7.37383760575e-19
8.55711422846 7.15543188514e-19
8.57715430862 6.94353328794e-19
8.59719438878 6.73794664629e-19
8.61723446894 6.53848269055e-19
8.6372745491 6.3449578695e-19
8.65731462926 6.15719417604e-19
8.67735470942 5.97501897834e-19
8.69739478958 5.7982648561e-19
8.71743486974 5.62676944188e-19
8.7374749499 5.46037526732e-19
8.75751503006 5.29892961404e-19
8.77755511022 5.14228436922e-19
8.79759519038 4.99029588548e-19
8.81763527054 4.84282484516e-19
8.8376753507 4.69973612873e-19
8.85771543086 4.56089868725e-19
8.87775551102 4.42618541875e-19
8.89779559118 4.29547304833e-19
8.91783567134 4.16864201205e-19
8.9378757515 4.04557634428e-19
8.95791583166 3.92616356854e-19
8.97795591182 3.81029459169e-19
8.99799599198 3.69786360134e-19
9.01803607214 3.58876796642e-19
9.0380761523 3.48290814075e-19
9.05811623246 3.38018756959e-19
9.07815631263 3.28051259908e-19
9.09819639279 3.18379238834e-19
9.11823647295 3.0899388244e-19
9.13827655311 2.9988664396e-19
9.15831663327 2.91049233158e-19
9.17835671343 2.8247360857e-19
9.19839679359 2.7415196998e-19
9.21843687375 2.6607675113e-19
9.23847695391 2.5824061265e-19
9.25851703407 2.50636435201e-19
9.27855711423 2.43257312832e-19
9.29859719439 2.36096546535e-19
9.31863727455 2.29147637997e-19
9.33867735471 2.22404283547e-19
9.35871743487 2.15860368278e-19
9.37875751503 2.09509960359e-19
9.39879759519 2.03347305508e-19
9.41883767535 1.97366821644e-19
9.43887775551 1.91563093696e-19
9.45891783567 1.85930868566e-19
9.47895791583 1.80465050257e-19
9.49899799599 1.75160695136e-19
9.51903807615 1.70013007347e-19
9.53907815631 1.65017334363e-19
9.55911823647 1.60169162676e-19
9.57915831663 1.55464113607e-19
9.59919839679 1.50897939256e-19
9.61923847695 1.46466518568e-19
9.63927855711 1.42165853519e-19
9.65931863727 1.37992065416e-19
9.67935871743 1.33941391312e-19
9.6993987976 1.30010180533e-19
9.71943887776 1.26194891296e-19
9.73947895792 1.2249208745e-19
9.75951903808 1.18898435296e-19
9.77955911824 1.15410700518e-19
9.7995991984 1.12025745194e-19
9.81963927856 1.08740524911e-19
9.83967935872 1.05552085958e-19
9.85971943888 1.02457562601e-19
9.87975951904 9.94541744546e-20
9.8997995992 0.0
9.91983967936 0.0
9.93987975952 0.0
9.95991983968 0.0
9.97995991984 0.0
10.0 0.0
