0.0 0.0
0.0200400801603 0.0
0.0400801603206 0.0
0.060120240481 0.0
0.0801603206413 0.0
0.100200400802 0.0
0.120240480962 0.0
0.140280561122 0.0
0.160320641283 0.0
0.180360721443 0.0
0.200400801603 0.0
0.220440881764 0.0
0.240480961924 0.0
0.260521042084 0.0
0.280561122244 0.0
0.300601202405 0.0
0.320641282565 0.0
0.340681362725 1.59587415327e-10
0.360721442886 6.96095412433e-11
0.380761523046 5.59816287409e-11
0.400801603206 5.01797059659e-11
0.420841683367 4.70512875895e-11
0.440881763527 4.51664873435e-11
0.460921843687 4.39447035491e-11
0.480961923848 4.30937380159e-11
0.501002004008 4.2419928843e-11
0.521042084168 4.19342063108e-11
0.541082164329 4.15754584474e-11
0.561122244489 4.12981564981e-11
0.581162324649 4.10929893354e-11
0.60120240481 4.09419306555e-11
0.62124248497 4.08065844781e-11
0.64128256513 4.06888362687e-11
0.661322645291 4.06017233348e-11
0.681362725451 4.04849624276e-11
0.701402805611 4.02287591195e-11
0.721442885772 4.00032892933e-11
0.741482965932 3.98012015662e-11
0.761523046092 3.95673212908e-11
0.781563126253 3.93516282852e-11
0.801603206413 3.91582942274e-11
0.821643286573 3.88285584134e-11
0.841683366733 3.84173034052e-11
0.861723446894 3.80329292694e-11
0.881763527054 3.75901995196e-11
0.901803607214 3.69462158038e-11
0.921843687375 3.63380225547e-11
0.941883767535 3.5761592221e-11
0.961923847695 3.50929815302e-11
0.981963927856 3.44485467812e-11
1.00200400802 3.38371840532e-11
1.02204408818 3.33103328807e-11
1.04208416834 3.28436554122e-11
1.0621242485 3.23970389735e-11
1.08216432866 3.19541287708e-11
1.10220440882 3.14951653196e-11
1.12224448898 3.10554128347e-11
1.14228456914 3.06374320417e-11
1.1623246493 3.01047833907e-11
1.18236472946 2.95842553365e-11
1.20240480962 2.90833393794e-11
1.22244488978 2.85911676914e-11
1.24248496994 2.81106655258e-11
1.2625250501 2.76470398287e-11
1.28256513026 2.72055565442e-11
1.30260521042 2.67955700723e-11
1.32264529058 2.63993642235e-11
1.34268537074 2.60161645022e-11
1.3627254509 2.56887473394e-11
1.38276553106 2.53741038555e-11
1.40280561122 2.50687317092e-11
1.42284569138 2.47403539902e-11
1.44288577154 2.44024868579e-11
1.4629258517 2.40745462336e-11
1.48296593186 2.37603083114e-11
1.50300601202 2.34658344705e-11
1.52304609218 2.31797438933e-11
1.54308617234 2.29035369253e-11
1.56312625251 2.25831401709e-11
1.58316633267 2.22692615613e-11
1.60320641283 2.19637850864e-11
1.62324649299 2.16673454079e-11
1.64328657315 2.13791801433e-11
1.66332665331 2.10981805119e-11
1.68336673347 2.08357067568e-11
1.70340681363 2.06072971609e-11
1.72344689379 2.03845326793e-11
1.74348697395 2.01670592715e-11
1.76352705411 1.98356129502e-11
1.78356713427 1.95083067571e-11
1.80360721443 1.91886468849e-11
1.82364729459 1.89145326908e-11
1.84368737475 1.86679201659e-11
1.86372745491 1.84268704434e-11
1.88376753507 1.82240291192e-11
1.90380761523 1.80979966219e-11
1.92384769539 1.79747400857e-11
1.94388777555 1.785416755e-11
1.96392785571 1.76110325763e-11
1.98396793587 1.73704850914e-11
2.00400801603 1.71324359116e-11
2.02404809619 1.69095773926e-11
2.04408817635 1.66912928716e-11
2.06412825651 1.64774286488e-11
2.08416833667 1.6268718771e-11
2.10420841683 1.60659744719e-11
2.12424849699 1.58672111423e-11
2.14428857715 1.56723113243e-11
2.16432865731 1.54729296348e-11
2.18436873747 1.52772652933e-11
2.20440881764 1.50852907858e-11
2.2244488978 1.48725474906e-11
2.24448897796 1.46513268482e-11
2.26452905812 1.44341514384e-11
2.28456913828 1.42172004759e-11
2.30460921844 1.39966963188e-11
2.3246492986 1.37801113875e-11
2.34468937876 1.35673693289e-11
2.36472945892 1.34004958862e-11
2.38476953908 1.32365153318e-11
2.40480961924 1.30753523593e-11
2.4248496994 1.29124792773e-11
2.44488977956 1.27501870555e-11
2.46492985972 1.25906102411e-11
2.48496993988 1.24131110065e-11
2.50501002004 1.21990806624e-11
2.5250501002 1.19885324047e-11
2.54509018036 1.17822896143e-11
2.56513026052 1.16603739219e-11
2.58517034068 1.15404012509e-11
2.60521042084 1.14223251177e-11
2.625250501 1.12628582959e-11
2.64529058116 1.10857758971e-11
2.66533066132 1.0911416911e-11
2.68537074148 1.07410719796e-11
2.70541082164 1.05757876666e-11
2.7254509018 1.04129869492e-11
2.74549098196 1.02531136757e-11
2.76553106212 1.01183659681e-11
2.78557114228 9.98559928615e-12
2.80561122244 9.85476992685e-12
2.82565130261 9.67487051086e-12
2.84569138277 9.47497262638e-12
2.86573146293 9.27792119347e-12
2.88577154309 9.10966795659e-12
2.90581162325 8.98938942502e-12
2.92585170341 8.87079073857e-12
2.94589178357 8.75276747631e-12
2.96593186373 8.603901941e-12
2.98597194389 8.4570693505e-12
3.00601202405 8.31222806135e-12
3.02605210421 8.16708281567e-12
3.04609218437 8.02292723444e-12
3.06613226453 7.88068672027e-12
3.08617234469 7.74329888887e-12
3.10621242485 7.61270503793e-12
3.12625250501 7.48381192262e-12
3.14629258517 7.35708129165e-12
3.16633266533 7.24319537323e-12
3.18637274549 7.13076420325e-12
3.20641282565 7.01975991213e-12
3.22645290581 6.8883274934e-12
3.24649298597 6.7497716653e-12
3.26653306613 6.61293937105e-12
3.28657314629 6.47277145955e-12
3.30661322645 6.32625015144e-12
3.32665330661 6.18151705356e-12
3.34669338677 6.04027043702e-12
3.36673346693 5.93187795009e-12
3.38677354709 5.82478508732e-12
3.40681362725 5.71896848424e-12
3.42685370741 5.60896768165e-12
3.44689378758 5.49818518295e-12
3.46693386774 5.38869909696e-12
3.4869739479 5.2822976576e-12
3.50701402806 5.17991282851e-12
3.52705410822 5.07870527498e-12
3.54709418838 4.97789204586e-12
3.56713426854 4.86688397304e-12
3.5871743487 4.75713001897e-12
3.60721442886 4.64860894491e-12
3.62725450902 4.54641904537e-12
3.64729458918 4.44722054464e-12
3.66733466934 4.34911777084e-12
3.6873747495 4.25529785722e-12
3.70741482966 4.16722716664e-12
3.72745490982 4.08011337535e-12
3.74749498998 3.99419801939e-12
3.76753507014 3.91245292581e-12
3.7875751503 3.83158163466e-12
3.80761523046 3.75157014488e-12
3.82765531062 3.66175797791e-12
3.84769539078 3.56922931888e-12
3.86773547094 3.47766845379e-12
3.8877755511 3.3922220459e-12
3.90781563126 3.31495159391e-12
3.92785571142 3.23847689439e-12
3.94789579158 3.16332040356e-12
3.96793587174 3.09478095312e-12
3.9879759519 3.02693657209e-12
4.00801603206 2.95977669535e-12
4.02805611222 2.88694567419e-12
4.04809619238 2.81277603404e-12
4.06813627255 2.73934327901e-12
4.08817635271 2.67151681967e-12
4.10821643287 2.61096654392e-12
4.12825651303 2.55100905774e-12
4.14829659319 2.49141435982e-12
4.16833667335 2.4302668007e-12
4.18837675351 2.36970907516e-12
4.20841683367 2.30973265637e-12
4.22845691383 2.25449442925e-12
4.24849699399 2.20106338945e-12
4.26853707415 2.14813795028e-12
4.28857715431 2.09443725657e-12
4.30861723447 2.03958595895e-12
4.32865731463 1.98524631607e-12
4.34869739479 1.93200716226e-12
4.36873747495 1.8843698801e-12
4.38877755511 1.83717082432e-12
4.40881763527 1.79040395328e-12
4.42885771543 1.74731115444e-12
4.44889779559 1.70555268254e-12
4.46893787575 1.66417138772e-12
4.48897795591 1.62281611941e-12
4.50901803607 1.58140002814e-12
4.52905811623 1.54035295781e-12
4.54909819639 1.49987218012e-12
4.56913827655 1.46130793782e-12
4.58917835671 1.42308274482e-12
4.60921843687 1.38519213392e-12
4.62925851703 1.34804848658e-12
4.64929859719 1.31134112047e-12
4.66933867735 1.27495084971e-12
4.68937875752 1.24077847839e-12
4.70941883768 1.20917457586e-12
4.72945891784 1.17784019273e-12
4.749498998 1.1464568836e-12
4.76953907816 1.11313700218e-12
4.78957915832 1.08009762561e-12
4.80961923848 1.04733521522e-12
4.82965931864 1.01787609901e-12
4.8496993988 9.89440857854e-13
4.86973947896 9.61241027882e-13
4.88977955912 9.33887239939e-13
4.90981963928 9.07461299353e-13
4.92985971944 8.81251436721e-13
4.9498997996 8.55600955855e-13
4.96993987976 8.32365678316e-13
4.98997995992 8.09318085633e-13
5.01002004008 7.86879175046e-13
5.03006012024 7.65011255214e-13
5.0501002004 7.43317847228e-13
5.07014028056 7.22930859267e-13
5.09018036072 7.02728559561e-13
5.11022044088 6.82685563671e-13
5.13026052104 6.62799988961e-13
5.1503006012 6.43069982437e-13
5.17034068136 6.24888006991e-13
5.19038076152 6.06936761309e-13
5.21042084168 5.89124318058e-13
5.23046092184 5.71449068749e-13
5.250501002 5.5390942973e-13
5.27054108216 5.38093443119e-13
5.29058116232 5.22575783424e-13
5.31062124248 5.07175825389e-13
5.33066132265 4.91892230963e-13
5.35070140281 4.76723682364e-13
5.37074148297 4.62104646989e-13
5.39078156313 4.47666323399e-13
5.41082164329 4.33335462204e-13
5.43086172345 4.19110864691e-13
5.45090180361 4.04991349965e-13
5.47094188377 3.92359358373e-13
5.49098196393 3.8012629677e-13
5.51102204409 3.67982616611e-13
5.53106212425 3.55927339077e-13
5.55110220441 3.43959499636e-13
5.57114228457 3.32582097586e-13
5.59118236473 3.21430106754e-13
5.61122244489 3.10358128262e-13
5.63126252505 2.99365301715e-13
5.65130260521 2.88450779049e-13
5.67134268537 2.78530516653e-13
5.69138276553 2.6900582286e-13
5.71142284569 2.59548258554e-13
5.73146292585 2.50157114592e-13
5.75150300601 2.40831691817e-13
5.77154308617 2.31903247119e-13
5.79158316633 2.23180681125e-13
5.81162324649 2.14518520672e-13
5.83166332665 2.05916138771e-13
5.85170340681 1.97372917111e-13
5.87174348697 1.89293922437e-13
5.89178356713 1.81481590538e-13
5.91182364729 1.73722435563e-13
5.93186372745 1.66015914993e-13
5.95190380762 1.58361493684e-13
5.97194388778 1.51507656876e-13
5.99198396794 1.4516488145e-13
6.0120240481 1.38864557307e-13
6.03206412826 1.32606258555e-13
6.05210420842 1.26389565e-13
6.07214428858 1.20524713222e-13
6.09218436874 1.14926735684e-13
6.1122244489 1.09365605628e-13
6.13226452906 1.03840959482e-13
6.15230460922 9.83524384604e-14
6.17234468938 9.3079957619e-14
6.19238476954 8.79976752038e-14
6.2124248497 8.29483015002e-14
6.23246492986 7.79315170883e-14
6.25250501002 7.29470066822e-14
6.27254509018 6.83740670422e-14
6.29258517034 6.42164557909e-14
6.3126252505 6.00853367417e-14
6.33266533066 5.59804568264e-14
6.35270541082 5.19015662014e-14
6.37274549098 4.81100833566e-14
6.39278557114 4.4655442688e-14
6.4128256513 4.12224693878e-14
6.43286573146 3.78109597069e-14
6.45290581162 3.44207124523e-14
6.47294589178 3.14395267359e-14
6.49298597194 2.90239310342e-14
6.5130260521 2.66232538789e-14
6.53306613226 2.42373570819e-14
6.55310621242 2.18661041639e-14
6.57314629259 1.97796089892e-14
6.59318637275 1.81573534615e-14
6.61322645291 1.65449666743e-14
6.63326653307 1.49423585369e-14
6.65330661323 1.33494400573e-14
6.67334669339 1.18197867015e-14
6.69338677355 1.04063386999e-14
6.71342685371 9.00136005153e-15
6.73346693387 7.60477459719e-15
6.75350701403 6.21650709327e-15
6.77354709419 4.98166161331e-15
6.79358717435 4.10354160469e-15
6.81362725451 3.23060772525e-15
6.83366733467 2.36281396501e-15
6.85370741483 1.50011486061e-15
6.87374749499 8.20502690069e-16
6.89378757515 6.70331011595e-16
6.91382765531 5.21038785381e-16
6.93386773547 3.72618173544e-16
6.95390781563 2.25061434025e-16
6.97394789579 1.06077988142e-16
6.99398797595 9.04383765468e-17
7.01402805611 7.48941774859e-17
7.03406813627 5.94444136364e-17
7.05410821643 4.40881231638e-17
7.07414829659 3.05547176543e-17
7.09418837675 2.54257054516e-17
7.11422845691 2.03306621491e-17
7.13426853707 1.52691640569e-17
7.15430861723 1.02407959713e-17
7.17434869739 5.8736588668e-18
7.19438877756 5.68123975929e-18
7.21442885772 5.49419075245e-18
7.23446893788 5.3123499146e-18
7.25450901804 5.13556030317e-18
7.2745490982 4.96531983117e-18
7.29458917836 4.81627405213e-18
7.31462925852 4.67173771951e-18
7.33466933868 4.53157315249e-18
7.35470941884 4.39564691823e-18
7.374749499 4.26382969925e-18
7.39478957916 4.13599616487e-18
7.41482965932 4.0120248469e-18
7.43486973948 3.89179801913e-18
7.45490981964 3.77520158065e-18
7.4749498998 3.66212494293e-18
7.49498997996 3.55246092037e-18
7.51503006012 3.44610562441e-18
7.53507014028 3.34295836086e-18
7.55511022044 3.24292153059e-18
7.5751503006 3.14590053328e-18
7.59519038076 3.0518036742e-18
7.61523046092 2.96054207397e-18
7.63527054108 2.87202958112e-18
7.65531062124 2.78618268742e-18
7.6753507014 2.70292044589e-18
7.69539078156 2.62216439131e-18
7.71543086172 2.54383846336e-18
7.73547094188 2.46786893204e-18
7.75551102204 2.3941843255e-18
7.7755511022 2.32271536015e-18
7.79559118236 2.2533948729e-18
7.81563126253 2.18615775556e-18
7.83567134269 2.12094089131e-18
7.85571142285 2.05768309313e-18
7.87575150301 1.99632504418e-18
7.89579158317 1.93680924001e-18
7.91583166333 1.87907993262e-18
7.93587174349 1.82308307623e-18
7.95591182365 1.76876627479e-18
7.97595190381 1.71607873108e-18
7.99599198397 1.66497119741e-18
8.01603206413 1.6153959279e-18
8.03607214429 1.5673066322e-18
8.05611222445 1.52065843065e-18
8.07615230461 1.47540781088e-18
8.09619238477 1.43151258573e-18
8.11623246493 1.3889318525e-18
8.13627254509 1.34762595342e-18
8.15631262525 1.3075564374e-18
8.17635270541 1.26868602298e-18
8.19639278557 1.23097856237e-18
8.21643286573 1.19439900664e-18
8.23647294589 1.15891337204e-18
8.25651302605 1.12448870725e-18
8.27655310621 1.09109306177e-18
8.29659318637 1.05869545518e-18
8.31663326653 1.02726584748e-18
8.33667334669 9.96775110194e-19
8.35671342685 9.67194998514e-19
8.37675350701 9.38498124207e-19
8.39679358717 9.10657929411e-19
8.41683366733 8.83648661223e-19
8.43687374749 8.5744534708e-19
8.45691382766 8.32023770893e-19
8.47695390782 8.07360449928e-19
8.49699398798 7.83432612394e-19
8.51703406814 7.60218175728e-19
8.5370741483 7.37695725543e-19
8.55711422846 7.15844495234e-19
8.57715430862 6.94644346208e-19
8.59719438878 6.74075748726e-19
8.61723446894 6.5411976333e-19
8.6372745491 6.3475802285e-19
8.65731462926 6.15972714958e-19
8.67735470942 5.97746565267e-19
8.69739478958 5.8006282094e-19
8.71743486974 5.62905234811e-19
8.7374749499 5.46258049992e-19
8.75751503006 5.30105984952e-19
8.77755511022 5.14434219056e-19
8.79759519038 4.99228378547e-19
8.81763527054 4.8447452296e-19
8.8376753507 4.70159131952e-19
8.85771543086 4.56269092533e-19
8.87775551102 4.42791686698e-19
8.89779559118 4.29714579426e-19
8.91783567134 4.17025807056e-19
8.9378757515 4.04713766017e-19
8.95791583166 3.92767201899e-19
8.97795591182 3.81175198866e-19
8.99799599198 3.69927169385e-19
9.01803607214 3.59012844276e-19
9.0380761523 3.48422263064e-19
9.05811623246 3.38145764625e-19
9.07815631263 3.28173978119e-19
9.09819639279 3.18497814197e-19
9.11823647295 3.09108456487e-19
9.13827655311 2.99997353324e-19
9.15831663327 2.91156209746e-19
9.17835671343 2.82576979729e-19
9.19839679359 2.74251858656e-19
9.21843687375 2.66173276024e-19
9.23847695391 2.58333888364e-19
9.25851703407 2.50726572384e-19
9.27855711423 2.43344418317e-19
9.29859719439 2.36180723471e-19
9.31863727455 2.29228985982e-19
9.33867735471 2.22482898748e-19
9.35871743487 2.15936343552e-19
9.37875751503 2.09583385368e-19
9.39879759519 2.03418266832e-19
9.41883767535 1.97435402887e-19
9.43887775551 1.91629375589e-19
9.45891783567 1.8599492907e-19
9.47895791583 1.80526964656e-19
9.49899799599 1.75220536131e-19
9.51903807615 1.70070845148e-19
9.53907815631 1.65073236773e-19
9.55911823647 1.60223195174e-19
9.57915831663 1.55516339431e-19
9.59919839679 1.50948419482e-19
9.61923847695 1.4651531218e-19
9.63927855711 1.42213017484e-19
9.65931863727 1.38037654755e-19
9.67935871743 1.33985459167e-19
9.6993987976 1.3005277823e-19
9.71943887776 1.26236068411e-19
9.73947895792 1.22531891866e-19
9.75951903808 1.18936913264e-19
9.77955911824 1.15447896712e-19
9.7995991984 1.12061702767e-19
9.81963927856 1.08775285547e-19
9.83967935872 1.05585689919e-19
9.85971943888 1.02490048783e-19
9.87975951904 9.94855804274e-20
9.8997995992 0.0
9.91983967936 0.0
9.93987975952 0.0
9.95991983968 0.0
9.97995991984 0.0
10.0 0.0
