0.0 0.0
0.0200400801603 0.0
0.0400801603206 0.0
0.060120240481 0.0
0.0801603206413 0.0
0.100200400802 0.0
0.120240480962 0.0
0.140280561122 0.0
0.160320641283 0.0
0.180360721443 0.0
0.200400801603 0.0
0.220440881764 0.0
0.240480961924 0.0
0.260521042084 0.0
0.280561122244 0.0
0.300601202405 0.0
0.320641282565 0.0
0.340681362725 0.0
0.360721442886 0.0
0.380761523046 0.0
0.400801603206 0.0
0.420841683367 0.0
0.440881763527 2.10313734512e-11
0.460921843687 1.57417164595e-11
0.480961923848 1.35550341988e-11
0.501002004008 1.23146968893e-11
0.521042084168 1.15208389004e-11
0.541082164329 1.09639867329e-11
0.561122244489 1.05529650152e-11
0.581162324649 1.0240919856e-11
0.60120240481 9.99575274463e-12
0.62124248497 9.79307785992e-12
0.64128256513 9.62422721633e-12
0.661322645291 9.48573639111e-12
0.681362725451 9.36008271361e-12
0.701402805611 9.21724129917e-12
0.721442885772 9.09297838376e-12
0.741482965932 8.98107285808e-12
0.761523046092 8.87007980028e-12
0.781563126253 8.76993219742e-12
0.801603206413 8.68226087528e-12
0.821643286573 8.57108150049e-12
0.841683366733 8.44659686351e-12
0.861723446894 8.33118945064e-12
0.881763527054 8.20517815311e-12
0.901803607214 8.03921310826e-12
0.921843687375 7.88379769692e-12
0.941883767535 7.7368583141e-12
0.961923847695 7.5725734524e-12
0.981963927856 7.4155300849e-12
1.00200400802 7.26885572008e-12
1.02204408818 7.14258033883e-12
1.04208416834 7.03033452919e-12
1.0621242485 6.92257271738e-12
1.08216432866 6.81431111649e-12
1.10220440882 6.70377810129e-12
1.12224448898 6.59828744289e-12
1.14228456914 6.50137365187e-12
1.1623246493 6.38135099864e-12
1.18236472946 6.26455800059e-12
1.20240480962 6.1524560968e-12
1.22244488978 6.04273373474e-12
1.24248496994 5.93597715352e-12
1.2625250501 5.83307493643e-12
1.28256513026 5.73486593176e-12
1.30260521042 5.64363568483e-12
1.32264529058 5.55565819477e-12
1.34268537074 5.47068208506e-12
1.3627254509 5.3976178691e-12
1.38276553106 5.32750163247e-12
1.40280561122 5.25907303912e-12
1.42284569138 5.18584792299e-12
1.44288577154 5.11092600205e-12
1.4629258517 5.03820172617e-12
1.48296593186 4.96829263635e-12
1.50300601202 4.90270559739e-12
1.52304609218 4.83906880864e-12
1.54308617234 4.77918145601e-12
1.56312625251 4.71035811769e-12
1.58316633267 4.64302760574e-12
1.60320641283 4.57757946977e-12
1.62324649299 4.51413074872e-12
1.64328657315 4.45250967283e-12
1.66332665331 4.3922997578e-12
1.68336673347 4.33562501161e-12
1.70340681363 4.28608592119e-12
1.72344689379 4.23781354141e-12
1.74348697395 4.19061333685e-12
1.76352705411 4.12002728219e-12
1.78356713427 4.05039656898e-12
1.80360721443 3.98244831007e-12
1.82364729459 3.92397489562e-12
1.84368737475 3.87124497539e-12
1.86372745491 3.81973696093e-12
1.88376753507 3.77616255338e-12
1.90380761523 3.74845297445e-12
1.92384769539 3.72137224817e-12
1.94388777555 3.69489877297e-12
1.96392785571 3.64328455859e-12
1.98396793587 3.59226203561e-12
2.00400801603 3.53979698856e-12
2.02404809619 3.49478966124e-12
2.04408817635 3.44861241284e-12
2.06412825651 3.40340534479e-12
2.08416833667 3.35931608266e-12
2.10420841683 3.31650817185e-12
2.12424849699 3.27457124791e-12
2.14428857715 3.23347858614e-12
2.16432865731 3.19151493018e-12
2.18436873747 3.15036117194e-12
2.20440881764 3.11000942492e-12
2.2244488978 3.06543967487e-12
2.24448897796 3.01917310627e-12
2.26452905812 2.97377711924e-12
2.28456913828 2.92846619414e-12
2.30460921844 2.88246410061e-12
2.3246492986 2.83730173439e-12
2.34468937876 2.79296175933e-12
2.36472945892 2.75805774685e-12
2.38476953908 2.72377654706e-12
2.40480961924 2.69010139486e-12
2.4248496994 2.65610313168e-12
2.44488977956 2.62225026898e-12
2.46492985972 2.58897913834e-12
2.48496993988 2.55206032172e-12
2.50501002004 2.50768160405e-12
2.5250501002 2.46404054652e-12
2.54509018036 2.42130472119e-12
2.56513026052 2.3958625682e-12
2.58517034068 2.37083716175e-12
2.60521042084 2.34621820133e-12
2.625250501 2.31314115869e-12
2.64529058116 2.27647524998e-12
2.66533066132 2.24038474587e-12
2.68537074148 2.20513311636e-12
2.70541082164 2.17093382609e-12
2.7254509018 2.13725858305e-12
2.74549098196 2.10419758361e-12
2.76553106212 2.07629346001e-12
2.78557114228 2.0488080677e-12
2.80561122244 2.02173192579e-12
2.82565130261 1.98462677409e-12
2.84569138277 1.94344257063e-12
2.86573146293 1.90285383381e-12
2.88577154309 1.8681696778e-12
2.90581162325 1.84331196353e-12
2.92585170341 1.81880795598e-12
2.94589178357 1.79443133629e-12
2.96593186373 1.76375514366e-12
2.98597194389 1.73350443468e-12
3.00601202405 1.70367031033e-12
3.02605210421 1.67378296963e-12
3.04609218437 1.64410669101e-12
3.06613226453 1.61483041225e-12
3.08617234469 1.58655453738e-12
3.10621242485 1.5596756424e-12
3.12625250501 1.53315184204e-12
3.14629258517 1.50707726864e-12
3.16633266533 1.48363573284e-12
3.18637274549 1.4604979924e-12
3.20641282565 1.43765811004e-12
3.22645290581 1.41064791048e-12
3.24649298597 1.38218754585e-12
3.26653306613 1.35408548482e-12
3.28657314629 1.32530734784e-12
3.30661322645 1.29523618132e-12
3.32665330661 1.26553607628e-12
3.34669338677 1.23655393372e-12
3.36673346693 1.21429177446e-12
3.38677354709 1.19229975968e-12
3.40681362725 1.17057294845e-12
3.42685370741 1.1479952659e-12
3.44689378758 1.12526198883e-12
3.46693386774 1.1027976677e-12
3.4869739479 1.08096756991e-12
3.50701402806 1.0599619553e-12
3.52705410822 1.03920047329e-12
3.54709418838 1.01852301885e-12
3.56713426854 9.95765912058e-13
3.5871743487 9.73268407049e-13
3.60721442886 9.51026043813e-13
3.62725450902 9.30080297501e-13
3.64729458918 9.09748666696e-13
3.66733466934 8.8964374666e-13
3.6873747495 8.70416521742e-13
3.70741482966 8.52366392891e-13
3.72745490982 8.34514241312e-13
3.74749498998 8.16909318222e-13
3.76753507014 8.00158575878e-13
3.7875751503 7.83588549741e-13
3.80761523046 7.67196302968e-13
3.82765531062 7.48804353374e-13
3.84769539078 7.29859694315e-13
3.86773547094 7.11114786261e-13
3.8877755511 6.93620694205e-13
3.90781563126 6.77798303449e-13
3.92785571142 6.62140210259e-13
3.94789579158 6.46753051842e-13
3.96793587174 6.32718885251e-13
3.9879759519 6.18828225836e-13
4.00801603206 6.05078863573e-13
4.02805611222 5.90172882364e-13
4.04809619238 5.74995022691e-13
4.06813627255 5.59969074924e-13
4.08817635271 5.46089298624e-13
4.10821643287 5.3369656662e-13
4.12825651303 5.21426097585e-13
4.14829659319 5.09230888734e-13
4.16833667335 4.96719766926e-13
4.18837675351 4.8433020441e-13
4.20841683367 4.7206042316e-13
4.22845691383 4.60759093834e-13
4.24849699399 4.49827728636e-13
4.26853707415 4.39000547363e-13
4.28857715431 4.28016021293e-13
4.30861723447 4.16797503486e-13
4.32865731463 4.05684334193e-13
4.34869739479 3.9479669434e-13
4.36873747495 3.85053487469e-13
4.38877755511 3.7540051952e-13
4.40881763527 3.65836532239e-13
4.42885771543 3.5702328815e-13
4.44889779559 3.48483114788e-13
4.46893787575 3.40020598577e-13
4.48897795591 3.3156403907e-13
4.50901803607 3.23095690818e-13
4.52905811623 3.14703278118e-13
4.54909819639 3.06427048566e-13
4.56913827655 2.98542587851e-13
4.58917835671 2.90727879454e-13
4.60921843687 2.82981994415e-13
4.62925851703 2.75389086366e-13
4.64929859719 2.67885724058e-13
4.66933867735 2.60447564939e-13
4.68937875752 2.53462547957e-13
4.70941883768 2.47002194316e-13
4.72945891784 2.40597269318e-13
4.749498998 2.3418276768e-13
4.76953907816 2.27373429496e-13
4.78957915832 2.20621736266e-13
4.80961923848 2.13926953589e-13
4.82965931864 2.07906691092e-13
4.8496993988 2.02095731253e-13
4.86973947896 1.96333149766e-13
4.88977955912 1.90743551422e-13
4.90981963928 1.8534361648e-13
4.92985971944 1.79988078918e-13
4.9498997996 1.74746987333e-13
4.96993987976 1.69999042721e-13
4.98997995992 1.65289663918e-13
5.01002004008 1.60704752803e-13
5.03006012024 1.56236607629e-13
5.0501002004 1.51804313515e-13
5.07014028056 1.47638836676e-13
5.09018036072 1.43511268669e-13
5.11022044088 1.39416422942e-13
5.13026052104 1.35353908891e-13
5.1503006012 1.3132334216e-13
5.17034068136 1.27608844384e-13
5.19038076152 1.23941613036e-13
5.21042084168 1.20302884916e-13
5.23046092184 1.16692326445e-13
5.250501002 1.13109609275e-13
5.27054108216 1.09878748682e-13
5.29058116232 1.06708913751e-13
5.31062124248 1.03563245224e-13
5.33066132265 1.00441465642e-13
5.35070140281 9.73433018191e-14
5.37074148297 9.43573934617e-14
5.39078156313 9.14084887692e-14
5.41082164329 8.84816387296e-14
5.43086172345 8.55765949912e-14
5.45090180361 8.26931129511e-14
5.47094188377 8.01132354023e-14
5.49098196393 7.76148585277e-14
5.51102204409 7.51348243283e-14
5.53106212425 7.2672929991e-14
5.55110220441 7.02289757102e-14
5.57114228457 6.79055768566e-14
5.59118236473 6.56282588225e-14
5.61122244489 6.33673554373e-14
5.63126252505 6.11226885358e-14
5.65130260521 5.88940825467e-14
5.67134268537 5.68683950609e-14
5.69138276553 5.49234842313e-14
5.71142284569 5.29923439727e-14
5.73146292585 5.10748274344e-14
5.75150300601 4.91707898678e-14
5.77154308617 4.73478050947e-14
5.79158316633 4.5566886052e-14
5.81162324649 4.3798354339e-14
5.83166332665 4.20420802004e-14
5.85170340681 4.0297935705e-14
5.87174348697 3.86485493843e-14
5.89178356713 3.70536167538e-14
5.91182364729 3.54695865741e-14
5.93186372745 3.38963466154e-14
5.95190380762 3.23337861987e-14
5.97194388778 3.09345839433e-14
5.99198396794 2.96396775169e-14
6.0120240481 2.83534753855e-14
6.03206412826 2.70758893974e-14
6.05210420842 2.58068325998e-14
6.07214428858 2.46095856698e-14
6.09218436874 2.34668148187e-14
6.1122244489 2.23315979424e-14
6.13226452906 2.12038598064e-14
6.15230460922 2.00835261835e-14
6.17234468938 1.90072940032e-14
6.19238476954 1.79698906705e-14
6.2124248497 1.69392321033e-14
6.23246492986 1.59152522378e-14
6.25250501002 1.48978858795e-14
6.27254509018 1.39644966744e-14
6.29258517034 1.31158490143e-14
6.3126252505 1.22726314645e-14
6.33266533066 1.14347916567e-14
6.35270541082 1.06022779019e-14
6.37274549098 9.82840921407e-15
6.39278557114 9.12326685544e-15
6.4128256513 8.42256583658e-15
6.43286573146 7.72626397744e-15
6.45290581162 7.03431963741e-15
6.47294589178 6.42582701499e-15
6.49298597194 5.93270952618e-15
6.5130260521 5.44265219351e-15
6.53306613226 4.95562633443e-15
6.55310621242 4.47160362953e-15
6.57314629259 4.04567425595e-15
6.59318637275 3.7144427966e-15
6.61322645291 3.38523791669e-15
6.63326653307 3.0580408416e-15
6.65330661323 2.73283303276e-15
6.67334669339 2.4205407709e-15
6.69338677355 2.13196060458e-15
6.71342685371 1.84511944916e-15
6.73346693387 1.56000143344e-15
6.75350701403 1.27659088298e-15
6.77354709419 1.02448067137e-15
6.79358717435 8.45132593857e-16
6.81362725451 6.66851518805e-16
6.83366733467 4.89627788952e-16
6.85370741483 3.13451866727e-16
6.87374749499 1.74623325392e-16
6.89378757515 1.43776719869e-16
6.91382765531 1.13116410726e-16
6.93386773547 8.2640588284e-17
6.95390781563 5.23474689252e-17
6.97394789579 2.7887817697e-17
6.99398797595 2.45097661629e-17
7.01402805611 2.11569265157e-17
7.03406813627 1.78289230349e-17
7.05410821643 1.45253886319e-17
7.07414829659 1.15988413482e-17
7.09418837675 1.03912971812e-17
7.11422845691 9.1955909371e-18
7.13426853707 8.01148580442e-18
7.15430861723 6.83875136144e-18
7.17434869739 5.8053344644e-18
7.19438877756 5.62759683014e-18
7.21442885772 5.45515146288e-18
7.23446893788 5.287836949e-18
7.25450901804 5.12549686267e-18
7.2745490982 4.96831609166e-18
7.29458917836 4.81916437744e-18
7.31462925852 4.67452591871e-18
7.33466933868 4.53426289515e-18
7.35470941884 4.39824173963e-18
7.374749499 4.26633300536e-18
7.39478957916 4.13841123723e-18
7.41482965932 4.01435484723e-18
7.43486973948 3.89404599378e-18
7.45490981964 3.77737046491e-18
7.4749498998 3.66421756515e-18
7.49498997996 3.55448000596e-18
7.51503006012 3.44805379961e-18
7.53507014028 3.34483815646e-18
7.55511022044 3.24473538546e-18
7.5751503006 3.14765079776e-18
7.59519038076 3.05349261338e-18
7.61523046092 2.96217187084e-18
7.63527054108 2.87360233962e-18
7.65531062124 2.78770043534e-18
7.6753507014 2.70438513767e-18
7.69539078156 2.62357791078e-18
7.71543086172 2.54520262629e-18
7.73547094188 2.46918548867e-18
7.75551102204 2.39545496297e-18
7.7755511022 2.32394170478e-18
7.79559118236 2.25457849243e-18
7.81563126253 2.18730016133e-18
7.83567134269 2.12204354029e-18
7.85571142285 2.05874738993e-18
7.87575150301 1.99735234295e-18
7.89579158317 1.93780084631e-18
7.91583166333 1.88003710518e-18
7.93587174349 1.82400702865e-18
7.95591182365 1.76965817722e-18
7.97595190381 1.71693971175e-18
7.99599198397 1.66580234422e-18
8.01603206413 1.61619828985e-18
8.03607214429 1.5680812208e-18
8.05611222445 1.52140622132e-18
8.07615230461 1.47612974421e-18
8.09619238477 1.4322095688e-18
8.11623246493 1.38960476004e-18
8.13627254509 1.34827562901e-18
8.15631262525 1.30818369463e-18
8.17635270541 1.26929164646e-18
8.19639278557 1.23156330885e-18
8.21643286573 1.19496360599e-18
8.23647294589 1.15945852821e-18
8.25651302605 1.12501509921e-18
8.27655310621 1.09160134442e-18
8.29659318637 1.05918626022e-18
8.31663326653 1.02773978424e-18
8.33667334669 9.97232766432e-19
8.35671342685 9.67636941203e-19
8.37675350701 9.38924900278e-19
8.39679358717 9.11070066474e-19
8.41683366733 8.8404666826e-19
8.43687374749 8.57829715111e-19
8.45691382766 8.32394973626e-19
8.47695390782 8.07718944374e-19
8.49699398798 7.83778839468e-19
8.51703406814 7.60552560822e-19
8.5370741483 7.38018679083e-19
8.55711422846 7.16156413217e-19
8.57715430862 6.94945610713e-19
8.59719438878 6.74366728413e-19
8.61723446894 6.54400813919e-19
8.6372745491 6.35029487582e-19
8.65731462926 6.1623492504e-19
8.67735470942 5.979998403e-19
8.69739478958 5.8030746933e-19
8.71743486974 5.63141554171e-19
8.7374749499 5.46486327523e-19
8.75751503006 5.30326497813e-19
8.77755511022 5.14647234721e-19
8.79759519038 4.99434155149e-19
8.81763527054 4.84673309622e-19
8.8376753507 4.70351169103e-19
8.85771543086 4.56454612222e-19
8.87775551102 4.42970912885e-19
8.89779559118 4.29887728271e-19
8.91783567134 4.17193087195e-19
8.9378757515 4.04875378825e-19
8.95791583166 3.92923341749e-19
8.97795591182 3.81326053375e-19
8.99799599198 3.70072919652e-19
9.01803607214 3.59153665113e-19
9.0380761523 3.48558323216e-19
9.05811623246 3.38277226985e-19
9.07815631263 3.28300999931e-19
9.09819639279 3.18620547259e-19
9.11823647295 3.09227047339e-19
9.13827655311 3.00111943433e-19
9.15831663327 2.91266935687e-19
9.17835671343 2.82683973351e-19
9.19839679359 2.74355247255e-19
9.21843687375 2.66273182496e-19
9.23847695391 2.58430431364e-19
9.25851703407 2.5081986647e-19
9.27855711423 2.43434574097e-19
9.29859719439 2.3626784774e-19
9.31863727455 2.29313181854e-19
9.33867735471 2.22564265785e-19
9.35871743487 2.16014977891e-19
9.37875751503 2.09659379837e-19
9.39879759519 2.03491711066e-19
9.41883767535 1.9750638344e-19
9.43887775551 1.91697976041e-19
9.45891783567 1.86061230131e-19
9.47895791583 1.80591044266e-19
9.49899799599 1.75282469555e-19
9.51903807615 1.70130705069e-19
9.53907815631 1.65131093386e-19
9.55911823647 1.60279116266e-19
9.57915831663 1.55570390469e-19
9.59919839679 1.5100066369e-19
9.61923847695 1.46565810622e-19
9.63927855711 1.42261829134e-19
9.65931863727 1.38084836571e-19
9.67935871743 1.34031066162e-19
9.6993987976 1.30096863537e-19
9.71943887776 1.26278683349e-19
9.73947895792 1.22573086005e-19
9.75951903808 1.18976734482e-19
9.77955911824 1.15486391254e-19
9.7995991984 1.12098915304e-19
9.81963927856 1.08811259227e-19
9.83967935872 1.05620466423e-19
9.85971943888 1.02523668371e-19
9.87975951904 9.95180819919e-20
9.8997995992 0.0
9.91983967936 0.0
9.93987975952 0.0
9.95991983968 0.0
9.97995991984 0.0
10.0 0.0
