0.0 0.0
0.0200400801603 0.0
0.0400801603206 0.0
0.060120240481 0.0
0.0801603206413 0.0
0.100200400802 0.0
0.120240480962 0.0
0.140280561122 0.0
0.160320641283 0.0
0.180360721443 0.0
0.200400801603 0.0
0.220440881764 0.0
0.240480961924 0.0
0.260521042084 0.0
0.280561122244 0.0
0.300601202405 0.0
0.320641282565 0.0
0.340681362725 0.0
0.360721442886 0.0
0.380761523046 0.0
0.400801603206 0.0
0.420841683367 0.0
0.440881763527 0.0
0.460921843687 0.0
0.480961923848 0.0
0.501002004008 1.9414926746e-12
0.521042084168 1.30926031089e-12
0.541082164329 1.05184847401e-12
0.561122244489 9.03876439659e-13
0.581162324649 8.05167059664e-13
0.60120240481 7.30941203509e-13
0.62124248497 6.71960510441e-13
0.64128256513 6.24516823954e-13
0.661322645291 5.86301144462e-13
0.681362725451 5.56475474966e-13
0.701402805611 5.30091353669e-13
0.721442885772 5.07173155326e-13
0.741482965932 4.83790958818e-13
0.761523046092 4.6242108607e-13
0.781563126253 4.4319385269e-13
0.801603206413 4.28230605474e-13
0.821643286573 4.15478497581e-13
0.841683366733 4.03320048915e-13
0.861723446894 3.91472228279e-13
0.881763527054 3.78266183385e-13
0.901803607214 3.64905634188e-13
0.921843687375 3.5245559068e-13
0.941883767535 3.39729179147e-13
0.961923847695 3.27132043785e-13
0.981963927856 3.15238985112e-13
1.00200400802 3.05969440498e-13
1.02204408818 2.98718330409e-13
1.04208416834 2.92035905146e-13
1.0621242485 2.84521641563e-13
1.08216432866 2.74252251776e-13
1.10220440882 2.64312760525e-13
1.12224448898 2.54837109963e-13
1.14228456914 2.49783411163e-13
1.1623246493 2.44573403281e-13
1.18236472946 2.39555554231e-13
1.20240480962 2.34703015211e-13
1.22244488978 2.29978165713e-13
1.24248496994 2.25418709545e-13
1.2625250501 2.20848882925e-13
1.28256513026 2.16013735581e-13
1.30260521042 2.11437104971e-13
1.32264529058 2.07030285379e-13
1.34268537074 2.02708692393e-13
1.3627254509 1.9873548037e-13
1.38276553106 1.94911366944e-13
1.40280561122 1.90566154211e-13
1.42284569138 1.85836998674e-13
1.44288577154 1.81173070296e-13
1.4629258517 1.76513733155e-13
1.48296593186 1.71685380631e-13
1.50300601202 1.67053648271e-13
1.52304609218 1.62561563283e-13
1.54308617234 1.60115630734e-13
1.56312625251 1.57566568315e-13
1.58316633267 1.55082005333e-13
1.60320641283 1.52681467578e-13
1.62324649299 1.50360224051e-13
1.64328657315 1.48106077258e-13
1.66332665331 1.45685250695e-13
1.68336673347 1.42880345435e-13
1.70340681363 1.40273332839e-13
1.72344689379 1.37734070903e-13
1.74348697395 1.35113057403e-13
1.76352705411 1.32018607455e-13
1.78356713427 1.28984219851e-13
1.80360721443 1.26037382951e-13
1.82364729459 1.23342173505e-13
1.84368737475 1.20806659727e-13
1.86372745491 1.18330807733e-13
1.88376753507 1.16059883485e-13
1.90380761523 1.14165709032e-13
1.92384769539 1.12314633734e-13
1.94388777555 1.10505160627e-13
1.96392785571 1.08174804501e-13
1.98396793587 1.05883991153e-13
2.00400801603 1.01094779939e-13
2.02404809619 1.01794813489e-13
2.04408817635 9.98174486808e-14
2.06412825651 9.79005161221e-14
2.08416833667 9.60454869399e-14
2.10420841683 9.42542639534e-14
2.12424849699 9.25163292896e-14
2.14428857715 9.08296022452e-14
2.16432865731 8.91553060003e-14
2.18436873747 8.75286958945e-14
2.20440881764 8.59483082725e-14
2.2244488978 8.43036369749e-14
2.24448897796 8.26484219025e-14
2.26452905812 8.10374375711e-14
2.28456913828 7.94525234858e-14
2.30460921844 7.78757779204e-14
2.3246492986 7.6339547284e-14
2.34468937876 7.48425282552e-14
2.36472945892 7.35712003738e-14
2.38476953908 7.23329806031e-14
2.40480961924 7.11267011661e-14
2.4248496994 6.99313893546e-14
2.44488977956 6.875650499e-14
2.46492985972 6.76108370302e-14
2.48496993988 6.64017655433e-14
2.50501002004 6.50457989764e-14
2.5250501002 6.37205579052e-14
2.54509018036 6.24290967448e-14
2.56513026052 6.15270381369e-14
2.58517034068 6.06469896299e-14
2.60521042084 5.97882156339e-14
2.625250501 5.87576057771e-14
2.64529058116 5.76605277614e-14
2.66533066132 5.65870234523e-14
2.68537074148 5.55423844478e-14
2.70541082164 5.45308327318e-14
2.7254509018 5.35404937854e-14
2.74549098196 5.2572946658e-14
2.76553106212 5.17264916259e-14
2.78557114228 5.08978564683e-14
2.80561122244 5.00865010794e-14
2.82565130261 4.90654263812e-14
2.84569138277 4.79635645645e-14
2.86573146293 4.68821369166e-14
2.88577154309 4.59361339599e-14
2.90581162325 4.52104150018e-14
2.92585170341 4.4499030334e-14
2.94589178357 4.37968166835e-14
2.96593186373 4.29640152159e-14
2.98597194389 4.21463994294e-14
3.00601202405 4.13435541829e-14
3.02605210421 4.05450690225e-14
3.04609218437 3.97564765505e-14
3.06613226453 3.89816812122e-14
3.08617234469 3.82335243978e-14
3.10621242485 3.75204292951e-14
3.12625250501 3.68196088012e-14
3.14629258517 3.61329379841e-14
3.16633266533 3.55076426491e-14
3.18637274549 3.48930212468e-14
3.20641282565 3.42887962257e-14
3.22645290581 3.35978790567e-14
3.24649298597 3.28791593182e-14
3.26653306613 3.21717438811e-14
3.28657314629 3.14530646189e-14
3.30661322645 3.0709616863e-14
3.32665330661 2.99773853559e-14
3.34669338677 2.92637813871e-14
3.36673346693 2.86988891291e-14
3.38677354709 2.81426861697e-14
3.40681362725 2.75949642836e-14
3.42685370741 2.70314187939e-14
3.44689378758 2.64670381561e-14
3.46693386774 2.59109408281e-14
3.4869739479 2.53709618078e-14
3.50701402806 2.48511429823e-14
3.52705410822 2.43388169246e-14
3.54709418838 2.38304340544e-14
3.56713426854 2.32789994918e-14
3.5871743487 2.27351718163e-14
3.60721442886 2.21987849089e-14
3.62725450902 2.16923550656e-14
3.64729458918 2.12010173e-14
3.66733466934 2.07163089829e-14
3.6873747495 2.02522851528e-14
3.70741482966 1.98153787441e-14
3.72745490982 1.93843043485e-14
3.74749498998 1.8960076346e-14
3.76753507014 1.85558020253e-14
3.7875751503 1.81568302574e-14
3.80761523046 1.77630495478e-14
3.82765531062 1.73272085854e-14
3.84769539078 1.6880634321e-14
3.86773547094 1.64395965769e-14
3.8877755511 1.60268383195e-14
3.90781563126 1.56514417382e-14
3.92785571142 1.52806910474e-14
3.94789579158 1.49168606423e-14
3.96793587174 1.45833689969e-14
3.9879759519 1.42539641564e-14
4.00801603206 1.39285649688e-14
4.02805611222 1.35790076417e-14
4.04809619238 1.32244387347e-14
4.06813627255 1.28740139632e-14
4.08817635271 1.25492534167e-14
4.10821643287 1.22575158569e-14
4.12825651303 1.19691945508e-14
4.14829659319 1.16832449672e-14
4.16833667335 1.13911647176e-14
4.18837675351 1.11024108586e-14
4.20841683367 1.08169215809e-14
4.22845691383 1.0553065832e-14
4.24849699399 1.02978515194e-14
4.26853707415 1.00454979568e-14
4.28857715431 9.79031766524e-15
4.30861723447 9.53063050118e-15
4.32865731463 9.27377119532e-15
4.34869739479 9.02232574815e-15
4.36873747495 8.79618782084e-15
4.38877755511 8.57249693011e-15
4.40881763527 8.35120945843e-15
4.42885771543 8.14664846733e-15
4.44889779559 7.94844820657e-15
4.46893787575 7.75235974479e-15
4.48897795591 7.55681534798e-15
4.50901803607 7.36141686342e-15
4.52905811623 7.16805175601e-15
4.54909819639 6.97757921322e-15
4.56913827655 6.7959575771e-15
4.58917835671 6.61619800478e-15
4.60921843687 6.43826881981e-15
4.62925851703 6.26398204289e-15
4.64929859719 6.09195260945e-15
4.66933867735 5.92164271696e-15
4.68937875752 5.76144666461e-15
4.70941883768 5.61290386411e-15
4.72945891784 5.46583924177e-15
4.749498998 5.31883548876e-15
4.76953907816 5.16353792942e-15
4.78957915832 5.00974048496e-15
4.80961923848 4.85741904772e-15
4.82965931864 4.71994464978e-15
4.8496993988 4.58723155129e-15
4.86973947896 4.45578630244e-15
4.88977955912 4.32830092134e-15
4.90981963928 4.20512973766e-15
4.92985971944 4.08311931847e-15
4.9498997996 3.96378054363e-15
4.96993987976 3.85531015416e-15
4.98997995992 3.74785526902e-15
5.01002004008 3.64327074252e-15
5.03006012024 3.54138406547e-15
5.0501002004 3.44043711514e-15
5.07014028056 3.34542734072e-15
5.09018036072 3.25139141477e-15
5.11022044088 3.15821207409e-15
5.13026052104 3.06587609863e-15
5.1503006012 2.97437056033e-15
5.17034068136 2.88984479548e-15
5.19038076152 2.80647239899e-15
5.21042084168 2.72384281432e-15
5.23046092184 2.64194479179e-15
5.250501002 2.56076732693e-15
5.27054108216 2.48732420742e-15
5.29058116232 2.41531282907e-15
5.31062124248 2.34393136432e-15
5.33066132265 2.27317039902e-15
5.35070140281 2.20302072258e-15
5.37074148297 2.13539884031e-15
5.39078156313 2.0686718911e-15
5.41082164329 2.00251313648e-15
5.43086172345 1.93691431318e-15
5.45090180361 1.87186733284e-15
5.47094188377 1.81347753917e-15
5.49098196393 1.75693224334e-15
5.51102204409 1.70086113245e-15
5.53106212425 1.64525737081e-15
5.55110220441 1.59011426693e-15
5.57114228457 1.53765173907e-15
5.59118236473 1.48625473996e-15
5.61122244489 1.43527868232e-15
5.63126252505 1.38471763536e-15
5.65130260521 1.33456579129e-15
5.67134268537 1.28886760433e-15
5.69138276553 1.24497615682e-15
5.71142284569 1.20143860831e-15
5.73146292585 1.15825002077e-15
5.75150300601 1.11540555821e-15
5.77154308617 1.07436683671e-15
5.79158316633 1.0342880034e-15
5.81162324649 9.94524847347e-16
5.83166332665 9.55073065874e-16
5.85170340681 9.15928443608e-16
5.87174348697 8.78878790329e-16
5.89178356713 8.43049986839e-16
5.91182364729 8.07497674498e-16
5.93186372745 7.72218154805e-16
5.95190380762 7.37207803314e-16
5.97194388778 7.0577138601e-16
5.99198396794 6.7662882607e-16
6.0120240481 6.47709152933e-16
6.03206412826 6.19009380534e-16
6.05210420842 5.9052658305e-16
6.07214428858 5.63629932087e-16
6.09218436874 5.37943111324e-16
6.1122244489 5.12449190853e-16
6.13226452906 4.87145625535e-16
6.15230460922 4.6202992109e-16
6.17234468938 4.37895776513e-16
6.19238476954 4.14628187043e-16
6.2124248497 3.91531663003e-16
6.23246492986 3.6860399437e-16
6.25250501002 3.45843014606e-16
6.27254509018 3.24923021126e-16
6.29258517034 3.05859832118e-16
6.3126252505 2.86935553632e-16
6.33266533066 2.68148388518e-16
6.35270541082 2.49496575258e-16
6.37274549098 2.32133894317e-16
6.39278557114 2.16277994518e-16
6.4128256513 2.00536461029e-16
6.43286573146 1.84907815923e-16
6.45290581162 1.69390610715e-16
6.47294589178 1.55696735312e-16
6.49298597194 1.44516805663e-16
6.5130260521 1.33418652796e-16
6.53306613226 1.22401175141e-16
6.55310621242 1.11463294069e-16
6.57314629259 1.01797256872e-16
6.59318637275 9.41950952651e-17
6.61322645291 8.66500509983e-17
6.63326653307 7.91613083539e-17
6.65330661323 7.17280695413e-17
6.67334669339 6.45864989127e-17
6.69338677355 5.79699604863e-17
6.71342685371 5.14023860917e-17
6.73346693387 4.48830831295e-17
6.75350701403 3.84113741624e-17
6.77354709419 3.2627589845e-17
6.79358717435 2.84290115763e-17
6.81362725451 2.4263193485e-17
6.83366733467 2.0129629022e-17
6.85370741483 1.60278235045e-17
6.87374749499 1.27433352143e-17
6.89378757515 1.18050238721e-17
6.91382765531 1.08789871e-17
6.93386773547 9.96493224943e-18
6.95390781563 9.06257512476e-18
6.97394789579 8.29400717455e-18
6.99398797595 7.98909140635e-18
7.01402805611 7.69176818891e-18
7.03406813627 7.40181303401e-18
7.05410821643 7.11900836002e-18
7.07414829659 6.85078232347e-18
7.09418837675 6.62598978802e-18
7.11422845691 6.40748333939e-18
7.13426853707 6.19507305252e-18
7.15430861723 5.98857486807e-18
7.17434869739 5.79058500114e-18
7.19438877756 5.61644271788e-18
7.21442885772 5.44757620375e-18
7.23446893788 5.28382406374e-18
7.25450901804 5.12502989453e-18
7.2745490982 4.97104941197e-18
7.29458917836 4.82180103392e-18
7.31462925852 4.67706938815e-18
7.33466933868 4.53671652693e-18
7.35470941884 4.40060876052e-18
7.374749499 4.2686165241e-18
7.39478957916 4.14061424891e-18
7.41482965932 4.01648023754e-18
7.43486973948 3.89609654309e-18
7.45490981964 3.77934885219e-18
7.4749498998 3.66612637175e-18
7.49498997996 3.5563217192e-18
7.51503006012 3.44983081632e-18
7.53507014028 3.34655278631e-18
7.55511022044 3.2463898542e-18
7.5751503006 3.14924725032e-18
7.59519038076 3.05503311688e-18
7.61523046092 2.96365841744e-18
7.63527054108 2.87503684931e-18
7.65531062124 2.78908475859e-18
7.6753507014 2.70572105802e-18
7.69539078156 2.62486714728e-18
7.71543086172 2.5464468359e-18
7.73547094188 2.47038626852e-18
7.75551102204 2.39661385257e-18
7.7755511022 2.32506018814e-18
7.79559118236 2.25565800011e-18
7.81563126253 2.18834207237e-18
7.83567134269 2.12304918413e-18
7.85571142285 2.05971804821e-18
7.87575150301 1.99828925128e-18
7.89579158317 1.93870519591e-18
7.91583166333 1.88091004454e-18
7.93587174349 1.8248496651e-18
7.95591182365 1.77047157838e-18
7.97595190381 1.71772490705e-18
7.99599198397 1.66656032623e-18
8.01603206413 1.61693001565e-18
8.03607214429 1.56878761327e-18
8.05611222445 1.52208817037e-18
8.07615230461 1.47678810801e-18
8.09619238477 1.43284517489e-18
8.11623246493 1.39021840648e-18
8.13627254509 1.34886808543e-18
8.15631262525 1.30875570324e-18
8.17635270541 1.26984392311e-18
8.19639278557 1.23209654389e-18
8.21643286573 1.19547846527e-18
8.23647294589 1.15995565392e-18
8.25651302605 1.12549511077e-18
8.27655310621 1.09206483927e-18
8.29659318637 1.05963381463e-18
8.31663326653 1.02817195405e-18
8.33667334669 9.97650087834e-19
8.35671342685 9.68039931399e-19
8.37675350701 9.39314058189e-19
8.39679358717 9.1144587339e-19
8.41683366733 8.84409588475e-19
8.43687374749 8.58180196534e-19
8.45691382766 8.32733448364e-19
8.47695390782 8.08045829303e-19
8.49699398798 7.84094536777e-19
8.51703406814 7.60857458538e-19
8.5370741483 7.3831315158e-19
8.55711422846 7.16440821699e-19
8.57715430862 6.95220303692e-19
8.59719438878 6.74632042156e-19
8.61723446894 6.54657072886e-19
8.6372745491 6.3527700485e-19
8.65731462926 6.16474002705e-19
8.67735470942 5.9823076987e-19
8.69739478958 5.80530532103e-19
8.71743486974 5.63357021595e-19
8.7374749499 5.46694461548e-19
8.75751503006 5.30527551229e-19
8.77755511022 5.14841451483e-19
8.79759519038 4.99621770689e-19
8.81763527054 4.84854551152e-19
8.8376753507 4.70526255907e-19
8.85771543086 4.56623755937e-19
8.87775551102 4.4313431777e-19
8.89779559118 4.3004559147e-19
8.91783567134 4.17345598986e-19
8.9378757515 4.05022722866e-19
8.95791583166 3.93065695308e-19
8.97795591182 3.81463587559e-19
8.99799599198 3.70205799622e-19
9.01803607214 3.59282050296e-19
9.0380761523 3.48682367503e-19
9.05811623246 3.38397078929e-19
9.07815631263 3.28416802935e-19
9.09819639279 3.18732439756e-19
9.11823647295 3.09335162967e-19
9.13827655311 3.00216411203e-19
9.15831663327 2.91367880145e-19
9.17835671343 2.82781514739e-19
9.19839679359 2.74449501655e-19
9.21843687375 2.66364261981e-19
9.23847695391 2.58518444136e-19
9.25851703407 2.50904916997e-19
9.27855711423 2.43516763243e-19
9.29859719439 2.36347272891e-19
9.31863727455 2.29389937039e-19
9.33867735471 2.22638441795e-19
9.35871743487 2.1608666239e-19
9.37875751503 2.09728657472e-19
9.39879759519 2.03558663573e-19
9.41883767535 1.97571089745e-19
9.43887775551 1.91760512358e-19
9.45891783567 1.86121670056e-19
9.47895791583 1.80649458867e-19
9.49899799599 1.75338927463e-19
9.51903807615 1.7018527256e-19
9.53907815631 1.65183834463e-19
9.55911823647 1.60330092741e-19
9.57915831663 1.55619662036e-19
9.59919839679 1.51048288e-19
9.61923847695 1.46611843351e-19
9.63927855711 1.42306324055e-19
9.65931863727 1.3812784562e-19
9.67935871743 1.34072639498e-19
9.6993987976 1.30137049606e-19
9.71943887776 1.26317528945e-19
9.73947895792 1.22610636323e-19
9.75951903808 1.19013033176e-19
9.77955911824 1.15521480491e-19
9.7995991984 1.12132835812e-19
9.81963927856 1.08844050347e-19
9.83967935872 1.05652166156e-19
9.85971943888 1.02554313427e-19
9.87975951904 9.95477078294e-20
9.8997995992 0.0
9.91983967936 0.0
9.93987975952 0.0
9.95991983968 0.0
9.97995991984 0.0
10.0 0.0
