0.0 0.0
0.0200400801603 0.0
0.0400801603206 0.0
0.060120240481 0.0
0.0801603206413 0.0
0.100200400802 0.0
0.120240480962 0.0
0.140280561122 0.0
0.160320641283 0.0
0.180360721443 0.0
0.200400801603 0.0
0.220440881764 0.0
0.240480961924 0.0
0.260521042084 0.0
0.280561122244 0.0
0.300601202405 0.0
0.320641282565 0.0
0.340681362725 0.0
0.360721442886 0.0
0.380761523046 0.0
0.400801603206 0.0
0.420841683367 3.02752972738e-11
0.440881763527 2.06445579668e-11
0.460921843687 1.736831851e-11
0.480961923848 1.56589121594e-11
0.501002004008 1.45825214097e-11
0.521042084168 1.38561599713e-11
0.541082164329 1.33301143516e-11
0.561122244489 1.29329725602e-11
0.581162324649 1.26274360965e-11
0.60120240481 1.2385479618e-11
0.62124248497 1.21829895782e-11
0.64128256513 1.20127737411e-11
0.661322645291 1.18729712133e-11
0.681362725451 1.17429289193e-11
0.701402805611 1.15866504589e-11
0.721442885772 1.14502430688e-11
0.741482965932 1.13274151569e-11
0.761523046092 1.12033401086e-11
0.781563126253 1.10909803019e-11
0.801603206413 1.09921151684e-11
0.821643286573 1.08614433488e-11
0.841683366733 1.07125685455e-11
0.861723446894 1.05743701813e-11
0.881763527054 1.04221964041e-11
0.901803607214 1.02181122591e-11
0.921843687375 1.00266893611e-11
0.941883767535 9.84568767887e-12
0.961923847695 9.64187831659e-12
0.981963927856 9.44674292482e-12
1.00200400802 9.26381756039e-12
1.02204408818 9.10622878107e-12
1.04208416834 8.96624474313e-12
1.0621242485 8.83201683185e-12
1.08216432866 8.69770470179e-12
1.10220440882 8.5601700206e-12
1.12224448898 8.42881402846e-12
1.14228456914 8.30707913483e-12
1.1623246493 8.15545073631e-12
1.18236472946 8.00778160377e-12
1.20240480962 7.86597837027e-12
1.22244488978 7.72708459039e-12
1.24248496994 7.59185669245e-12
1.2625250501 7.46150194877e-12
1.28256513026 7.33718610863e-12
1.30260521042 7.2217169284e-12
1.32264529058 7.11032068753e-12
1.34268537074 7.00270422514e-12
1.3627254509 6.91030017877e-12
1.38276553106 6.82160268463e-12
1.40280561122 6.73518341754e-12
1.42284569138 6.64263399151e-12
1.44288577154 6.54782877651e-12
1.4629258517 6.45581749775e-12
1.48296593186 6.36745164371e-12
1.50300601202 6.28457498312e-12
1.52304609218 6.20414352594e-12
1.54308617234 6.12793010664e-12
1.56312625251 6.04017171501e-12
1.58316633267 5.95429436181e-12
1.60320641283 5.87079778901e-12
1.62324649299 5.78983660586e-12
1.64328657315 5.71119424212e-12
1.66332665331 5.63440222625e-12
1.68336673347 5.56227082399e-12
1.70340681363 5.49928629655e-12
1.72344689379 5.4379024103e-12
1.74348697395 5.37791241585e-12
1.76352705411 5.2878125145e-12
1.78356713427 5.19891319764e-12
1.80360721443 5.11214754334e-12
1.82364729459 5.03754399493e-12
1.84368737475 4.97030692163e-12
1.86372745491 4.90462032476e-12
1.88376753507 4.84912155621e-12
1.90380761523 4.81401847919e-12
1.92384769539 4.77970784266e-12
1.94388777555 4.74616259981e-12
1.96392785571 4.68024761159e-12
1.98396793587 4.61507718305e-12
2.00400801603 4.54876351388e-12
2.02404809619 4.49048096502e-12
2.04408817635 4.43146123818e-12
2.06412825651 4.37367149372e-12
2.08416833667 4.31730266991e-12
2.10420841683 4.26256617068e-12
2.12424849699 4.20893462013e-12
2.14428857715 4.15637439146e-12
2.16432865731 4.102678168e-12
2.18436873747 4.05001035173e-12
2.20440881764 3.99836145453e-12
2.2244488978 3.94126938224e-12
2.24448897796 3.88198012786e-12
2.26452905812 3.82379946163e-12
2.28456913828 3.76571661359e-12
2.30460921844 3.70673266379e-12
2.3246492986 3.6488190796e-12
2.34468937876 3.59195403343e-12
2.36472945892 3.54722863494e-12
2.38476953908 3.50329612354e-12
2.40480961924 3.46013530963e-12
2.4248496994 3.41655014354e-12
2.44488977956 3.37314421306e-12
2.46492985972 3.33047969539e-12
2.48496993988 3.28311065234e-12
2.50501002004 3.22612803201e-12
2.5250501002 3.17008808466e-12
2.54509018036 3.1152069206e-12
2.56513026052 3.08258971595e-12
2.58517034068 3.05050343376e-12
2.60521042084 3.01893504614e-12
2.625250501 2.97646865222e-12
2.64529058116 2.92937488559e-12
2.66533066132 2.8830168353e-12
2.68537074148 2.83773404534e-12
2.70541082164 2.79380166491e-12
2.7254509018 2.75053951962e-12
2.74549098196 2.70806396998e-12
2.76553106212 2.67222591604e-12
2.78557114228 2.63692314694e-12
2.80561122244 2.6021436126e-12
2.82565130261 2.55444299779e-12
2.84569138277 2.50148464358e-12
2.86573146293 2.44928942302e-12
2.88577154309 2.4046958405e-12
2.90581162325 2.3727558124e-12
2.92585170341 2.34126833128e-12
2.94589178357 2.30994199955e-12
2.96593186373 2.27049842486e-12
2.98597194389 2.23160003264e-12
3.00601202405 2.19323547272e-12
3.02605210421 2.15479969139e-12
3.04609218437 2.11663320328e-12
3.06613226453 2.07897948142e-12
3.08617234469 2.0426120363e-12
3.10621242485 2.00804183535e-12
3.12625250501 1.97392686514e-12
3.14629258517 1.94038846915e-12
3.16633266533 1.91023990891e-12
3.18637274549 1.88048078227e-12
3.20641282565 1.85110351246e-12
3.22645290581 1.81635215114e-12
3.24649298597 1.7797308365e-12
3.26653306613 1.74356933598e-12
3.28657314629 1.706535174e-12
3.30661322645 1.66783359051e-12
3.32665330661 1.62960840329e-12
3.34669338677 1.59230657814e-12
3.36673346693 1.56366050121e-12
3.38677354709 1.53536109352e-12
3.40681362725 1.50740203916e-12
3.42685370741 1.47834553581e-12
3.44689378758 1.44908734097e-12
3.46693386774 1.42017444874e-12
3.4869739479 1.39207748819e-12
3.50701402806 1.3650416283e-12
3.52705410822 1.33831922873e-12
3.54709418838 1.3117040559e-12
3.56713426854 1.28240854483e-12
3.5871743487 1.25344650143e-12
3.60721442886 1.22481221507e-12
3.62725450902 1.19784753552e-12
3.64729458918 1.17167319043e-12
3.66733466934 1.14579008888e-12
3.6873747495 1.12103698811e-12
3.70741482966 1.09779967849e-12
3.72745490982 1.07481669772e-12
3.74749498998 1.05215152795e-12
3.76753507014 1.03058620601e-12
3.7875751503 1.00925305685e-12
3.80761523046 9.88148319612e-13
3.82765531062 9.64466463335e-13
3.84769539078 9.40071844755e-13
3.86773547094 9.159339811e-13
3.8877755511 8.934071436e-13
3.90781563126 8.7303366303e-13
3.92785571142 8.52871343933e-13
3.94789579158 8.33057603246e-13
3.96793587174 8.14986663806e-13
3.9879759519 7.97100162834e-13
4.00801603206 7.79395268516e-13
4.02805611222 7.60199644594e-13
4.04809619238 7.40653270807e-13
4.06813627255 7.21302209439e-13
4.08817635271 7.03427581606e-13
4.10821643287 6.87468631701e-13
4.12825651303 6.71666853052e-13
4.14829659319 6.55961693949e-13
4.16833667335 6.39849130844e-13
4.18837675351 6.2389286354e-13
4.20841683367 6.08090612113e-13
4.22845691383 5.93535927566e-13
4.24849699399 5.7945765675e-13
4.26853707415 5.65513343849e-13
4.28857715431 5.51366006737e-13
4.30861723447 5.36916888178e-13
4.32865731463 5.22603250961e-13
4.34869739479 5.08579963635e-13
4.36873747495 4.96031098285e-13
4.38877755511 4.8359827818e-13
4.40881763527 4.71279889516e-13
4.42885771543 4.59928667433e-13
4.44889779559 4.48929109471e-13
4.46893787575 4.38029418714e-13
4.48897795591 4.27137209732e-13
4.50901803607 4.16229621506e-13
4.52905811623 4.05419699636e-13
4.54909819639 3.9475931265e-13
4.56913827655 3.84603584719e-13
4.58917835671 3.74537574693e-13
4.60921843687 3.64560090737e-13
4.62925851703 3.54779578575e-13
4.64929859719 3.45114305952e-13
4.66933867735 3.35532909751e-13
4.68937875752 3.26535297548e-13
4.70941883768 3.18213640518e-13
4.72945891784 3.09963282423e-13
4.749498998 3.01700460066e-13
4.76953907816 2.92928721568e-13
4.78957915832 2.84231146749e-13
4.80961923848 2.75606792952e-13
4.82965931864 2.67851535507e-13
4.8496993988 2.6036588728e-13
4.86973947896 2.52942479684e-13
4.88977955912 2.45741886615e-13
4.90981963928 2.38785606984e-13
4.92985971944 2.31886448429e-13
4.9498997996 2.25134681743e-13
4.96993987976 2.19018323379e-13
4.98997995992 2.1295158197e-13
5.01002004008 2.07045157912e-13
5.03006012024 2.01289129321e-13
5.0501002004 1.9557922731e-13
5.07014028056 1.90213091594e-13
5.09018036072 1.84895739715e-13
5.11022044088 1.79620490037e-13
5.13026052104 1.74386841208e-13
5.1503006012 1.69194299864e-13
5.17034068136 1.64409007969e-13
5.19038076152 1.59684569876e-13
5.21042084168 1.54996807715e-13
5.23046092184 1.50345293288e-13
5.250501002 1.45729605089e-13
5.27054108216 1.41567298115e-13
5.29058116232 1.37483586047e-13
5.31062124248 1.33430970453e-13
5.33066132265 1.29409095173e-13
5.35070140281 1.25417609506e-13
5.37074148297 1.21570744265e-13
5.39078156313 1.17771524518e-13
5.41082164329 1.14000686811e-13
5.43086172345 1.10257912277e-13
5.45090180361 1.0654288685e-13
5.47094188377 1.03219081302e-13
5.49098196393 1.00000271802e-13
5.51102204409 9.68050675208e-14
5.53106212425 9.36332080755e-14
5.55110220441 9.048443693e-14
5.57114228457 8.74909967656e-14
5.59118236473 8.45569124989e-14
5.61122244489 8.16439538625e-14
5.63126252505 7.87518920854e-14
5.65130260521 7.5880501714e-14
5.67134268537 7.32705909186e-14
5.69138276553 7.0764754366e-14
5.71142284569 6.82766407039e-14
5.73146292585 6.5806061377e-14
5.75150300601 6.33528305174e-14
5.77154308617 6.10040331588e-14
5.79158316633 5.87094264133e-14
5.81162324649 5.64307635033e-14
5.83166332665 5.41678777984e-14
5.85170340681 5.19206050011e-14
5.87174348697 4.97954321286e-14
5.89178356713 4.77404181402e-14
5.91182364729 4.56994375119e-14
5.93186372745 4.36723461065e-14
5.95190380762 4.16590017704e-14
5.97194388778 3.98561686998e-14
5.99198396794 3.81877316591e-14
6.0120240481 3.65304981474e-14
6.03206412826 3.48843549706e-14
6.05210420842 3.32491904679e-14
6.07214428858 3.17065580878e-14
6.09218436874 3.02341194941e-14
6.1122244489 2.87714041806e-14
6.13226452906 2.73183155357e-14
6.15230460922 2.58747582357e-14
6.17234468938 2.44880260681e-14
6.19238476954 2.31513243855e-14
6.2124248497 2.18233049164e-14
6.23246492986 2.05038828148e-14
6.25250501002 1.91929743468e-14
6.27254509018 1.79902832911e-14
6.29258517034 1.6896795322e-14
6.3126252505 1.58102970479e-14
6.33266533066 1.47307212233e-14
6.35270541082 1.36580014709e-14
6.37274549098 1.26608539793e-14
6.39278557114 1.17522716007e-14
6.4128256513 1.08494060412e-14
6.43286573146 9.95220314533e-15
6.45290581162 9.06060944646e-15
6.47294589178 8.27655983615e-15
6.49298597194 7.64119692998e-15
6.5130260521 7.00977218687e-15
6.53306613226 6.38224880826e-15
6.55310621242 5.75859045856e-15
6.57314629259 5.20979648823e-15
6.59318637275 4.7830425674e-15
6.61322645291 4.35889584699e-15
6.63326653307 3.93733226711e-15
6.65330661323 3.51832806795e-15
6.67334669339 3.11596502169e-15
6.69338677355 2.74415774361e-15
6.71342685371 2.3745877595e-15
6.73346693387 2.00723473056e-15
6.75350701403 1.64207856802e-15
6.77354709419 1.31725842528e-15
6.79358717435 1.0862101439e-15
6.81362725451 8.56533814576e-16
6.83366733467 6.28217086344e-16
6.85370741483 4.01247759584e-16
6.87374749499 2.22408678212e-16
6.89378757515 1.82733645478e-16
6.91382765531 1.43296223125e-16
6.93386773547 1.04094154836e-16
6.95390781563 6.51252155311e-17
6.97394789579 3.36721871221e-17
6.99398797595 2.93869715181e-17
7.01402805611 2.51321639636e-17
7.03406813627 2.09073441905e-17
7.05410821643 1.67121010701e-17
7.07414829659 1.3000821726e-17
7.09418837675 1.15031635226e-17
7.11422845691 1.00189809306e-17
7.13426853707 8.54802331511e-18
7.15430861723 7.09004658544e-18
7.17434869739 5.81000108433e-18
7.19438877756 5.63119102201e-18
7.21442885772 5.45767849136e-18
7.23446893788 5.28930205865e-18
7.25450901804 5.12590527735e-18
7.2745490982 4.96777019445e-18
7.29458917836 4.81863778301e-18
7.31462925852 4.6740179329e-18
7.33466933868 4.53377284924e-18
7.35470941884 4.39776898936e-18
7.374749499 4.26587693005e-18
7.39478957916 4.13797123887e-18
7.41482965932 4.01393034966e-18
7.43486973948 3.89363644186e-18
7.45490981964 3.77697532374e-18
7.4749498998 3.66383631933e-18
7.49498997996 3.55411215884e-18
7.51503006012 3.44769887262e-18
7.53507014028 3.34449568843e-18
7.55511022044 3.24440493196e-18
7.5751503006 3.14733193051e-18
7.59519038076 3.05318491962e-18
7.61523046092 2.96187495279e-18
7.63527054108 2.8733158139e-18
7.65531062124 2.78742393244e-18
7.6753507014 2.70411830145e-18
7.69539078156 2.62332039798e-18
7.71543086172 2.54495410604e-18
7.73547094188 2.46894564205e-18
7.75551102204 2.39522348256e-18
7.7755511022 2.32371829424e-18
7.79559118236 2.2543628661e-18
7.81563126253 2.18709204382e-18
7.83567134269 2.12184266612e-18
7.85571142285 2.05855350317e-18
7.87575150301 1.99716519686e-18
7.89579158317 1.937620203e-18
7.91583166333 1.8798627353e-18
7.93587174349 1.82383871108e-18
7.95591182365 1.76949569874e-18
7.97595190381 1.7167828668e-18
7.99599198397 1.66565093458e-18
8.01603206413 1.61605212438e-18
8.03607214429 1.56794011521e-18
8.05611222445 1.52126999787e-18
8.07615230461 1.47599823153e-18
8.09619238477 1.43208260162e-18
8.11623246493 1.38948217898e-18
8.13627254509 1.34815728038e-18
8.15631262525 1.30806943019e-18
8.17635270541 1.26918132326e-18
8.19639278557 1.231456789e-18
8.21643286573 1.19486075652e-18
8.23647294589 1.15935922086e-18
8.25651302605 1.12491921027e-18
8.27655310621 1.09150875458e-18
8.29659318637 1.05909685439e-18
8.31663326653 1.02765345139e-18
8.33667334669 9.97149399494e-19
8.35671342685 9.67556436872e-19
8.37675350701 9.38847158909e-19
8.39679358717 9.10994991941e-19
8.41683366733 8.83974167832e-19
8.43687374749 8.57759699331e-19
8.45691382766 8.32327356189e-19
8.47695390782 8.07653642018e-19
8.49699398798 7.83715771865e-19
8.51703406814 7.60491650471e-19
8.5370741483 7.37959851211e-19
8.55711422846 7.16099595678e-19
8.57715430862 6.948907339e-19
8.59719438878 6.74313725162e-19
8.61723446894 6.54349619424e-19
8.6372745491 6.3498003931e-19
8.65731462926 6.16187162652e-19
8.67735470942 5.9795370557e-19
8.69739478958 5.80262906074e-19
8.71743486974 5.63098508169e-19
8.7374749499 5.46444746453e-19
8.75751503006 5.30286331182e-19
8.77755511022 5.14608433803e-19
8.79759519038 4.99396672917e-19
8.81763527054 4.84637100691e-19
8.8376753507 4.70316189673e-19
8.85771543086 4.5642082002e-19
8.87775551102 4.42938267111e-19
8.89779559118 4.29856189546e-19
8.91783567134 4.17162617511e-19
8.9378757515 4.04845941497e-19
8.95791583166 3.92894901368e-19
8.97795591182 3.81298575761e-19
8.99799599198 3.70046371815e-19
9.01803607214 3.59128015208e-19
9.0380761523 3.48533540502e-19
9.05811623246 3.38253281788e-19
9.07815631263 3.28277863606e-19
9.09819639279 3.18598192153e-19
9.11823647295 3.09205446757e-19
9.13827655311 3.00091071605e-19
9.15831663327 2.91246767732e-19
9.17835671343 2.82664485252e-19
9.19839679359 2.74336415822e-19
9.21843687375 2.66254985343e-19
9.23847695391 2.58412846875e-19
9.25851703407 2.50802873777e-19
9.27855711423 2.43418153051e-19
9.29859719439 2.36251978887e-19
9.31863727455 2.2929784641e-19
9.33867735471 2.22549445614e-19
9.35871743487 2.16000655481e-19
9.37875751503 2.09645538277e-19
9.39879759519 2.03478334029e-19
9.41883767535 1.97493455159e-19
9.43887775551 1.91685481291e-19
9.45891783567 1.8604915421e-19
9.47895791583 1.80579372976e-19
9.49899799599 1.75271189187e-19
9.51903807615 1.70119802383e-19
9.53907815631 1.65120555594e-19
9.55911823647 1.60268931021e-19
9.57915831663 1.55560545846e-19
9.59919839679 1.50991148173e-19
9.61923847695 1.46556613086e-19
9.63927855711 1.42252938838e-19
9.65931863727 1.38076243139e-19
9.67935871743 1.34022759574e-19
9.6993987976 1.30088834114e-19
9.71943887776 1.26270921743e-19
9.73947895792 1.22565583187e-19
9.75951903808 1.18969481731e-19
9.77955911824 1.15479380146e-19
9.7995991984 1.12092137702e-19
9.81963927856 1.08804707272e-19
9.83967935872 1.05614132522e-19
9.85971943888 1.02517545191e-19
9.87975951904 9.95121624487e-20
9.8997995992 0.0
9.91983967936 0.0
9.93987975952 0.0
9.95991983968 0.0
9.97995991984 0.0
10.0 0.0
