0.0 0.0
0.0200400801603 0.0
0.0400801603206 0.0
0.060120240481 0.0
0.0801603206413 0.0
0.100200400802 0.0
0.120240480962 0.0
0.140280561122 0.0
0.160320641283 0.0
0.180360721443 0.0
0.200400801603 0.0
0.220440881764 0.0
0.240480961924 0.0
0.260521042084 0.0
0.280561122244 0.0
0.300601202405 0.0
0.320641282565 0.0
0.340681362725 0.0
0.360721442886 0.0
0.380761523046 0.0
0.400801603206 0.0
0.420841683367 0.0
0.440881763527 0.0
0.460921843687 1.66417028429e-11
0.480961923848 7.75720124525e-12
0.501002004008 6.03553963635e-12
0.521042084168 5.23122072878e-12
0.541082164329 4.74661288723e-12
0.561122244489 4.42089130896e-12
0.581162324649 4.18714030703e-12
0.60120240481 4.00910093034e-12
0.62124248497 3.8666194132e-12
0.64128256513 3.75086685931e-12
0.661322645291 3.65697642975e-12
0.681362725451 3.57690769577e-12
0.701402805611 3.4962739647e-12
0.721442885772 3.42671176742e-12
0.741482965932 3.36300551407e-12
0.761523046092 3.30246721034e-12
0.781563126253 3.24826144277e-12
0.801603206413 3.20208629071e-12
0.821643286573 3.15033374685e-12
0.841683366733 3.09528479001e-12
0.861723446894 3.04415275856e-12
0.881763527054 2.98915622978e-12
0.901803607214 2.92123662666e-12
0.921843687375 2.85790309807e-12
0.941883767535 2.79761083403e-12
0.961923847695 2.73199104495e-12
0.981963927856 2.66956090893e-12
1.00200400802 2.61258773645e-12
1.02204408818 2.56395643923e-12
1.04208416834 2.52055634483e-12
1.0621242485 2.47826836322e-12
1.08216432866 2.43414390421e-12
1.10220440882 2.38963216699e-12
1.12224448898 2.34722422775e-12
1.14228456914 2.31070844702e-12
1.1623246493 2.26657744835e-12
1.18236472946 2.22374365945e-12
1.20240480962 2.18266002067e-12
1.22244488978 2.14253058555e-12
1.24248496994 2.10356546227e-12
1.2625250501 2.06593213758e-12
1.28256513026 2.02972895569e-12
1.30260521042 1.99605038129e-12
1.32264529058 1.96360641745e-12
1.34268537074 1.9322531155e-12
1.3627254509 1.90508766329e-12
1.38276553106 1.87902818881e-12
1.40280561122 1.8532090647e-12
1.42284569138 1.82559196821e-12
1.44288577154 1.79749315008e-12
1.4629258517 1.77014727112e-12
1.48296593186 1.74363803744e-12
1.50300601202 1.71870193045e-12
1.52304609218 1.69452124397e-12
1.54308617234 1.67296185201e-12
1.56312625251 1.64842643558e-12
1.58316633267 1.62444290979e-12
1.60320641283 1.60115050947e-12
1.62324649299 1.57858301403e-12
1.64328657315 1.55667473916e-12
1.66332665331 1.5351313423e-12
1.68336673347 1.5145007929e-12
1.70340681363 1.496350279e-12
1.72344689379 1.47867106078e-12
1.74348697395 1.46129837416e-12
1.76352705411 1.43597029775e-12
1.78356713427 1.41100634694e-12
1.80360721443 1.38666201823e-12
1.82364729459 1.36559412748e-12
1.84368737475 1.34651978204e-12
1.86372745491 1.32789297964e-12
1.88376753507 1.3120041513e-12
1.90380761523 1.30155924235e-12
1.92384769539 1.29135424445e-12
1.94388777555 1.28138079028e-12
1.96392785571 1.26284951368e-12
1.98396793587 1.24454418984e-12
2.00400801603 1.22409390486e-12
2.02404809619 1.20977511268e-12
2.04408817635 1.1932793259e-12
2.06412825651 1.1771458134e-12
2.08416833667 1.16142349152e-12
2.10420841683 1.14616676556e-12
2.12424849699 1.13123432924e-12
2.14428857715 1.1166158345e-12
2.16432865731 1.10172510332e-12
2.18436873747 1.08713438698e-12
2.20440881764 1.07283993593e-12
2.2244488978 1.0571289326e-12
2.24448897796 1.04086038752e-12
2.26452905812 1.02490889784e-12
2.28456913828 1.00900576259e-12
2.30460921844 9.92885548053e-13
2.3246492986 9.77069414712e-13
2.34468937876 9.61550681688e-13
2.36472945892 9.49264684616e-13
2.38476953908 9.37206336381e-13
2.40480961924 9.25369274502e-13
2.4248496994 9.13436207943e-13
2.44488977956 9.01566258441e-13
2.46492985972 8.89907577042e-13
2.48496993988 8.7701835987e-13
2.50501002004 8.61599234729e-13
2.5250501002 8.46443301798e-13
2.54509018036 8.31607166633e-13
2.56513026052 8.2267415336e-13
2.58517034068 8.1389315025e-13
2.60521042084 8.05260245627e-13
2.625250501 7.93755107692e-13
2.64529058116 7.81036464285e-13
2.66533066132 7.68522671009e-13
2.68537074148 7.56303122284e-13
2.70541082164 7.44450182091e-13
2.7254509018 7.32783562495e-13
2.74549098196 7.21333675303e-13
2.76553106212 7.11647434392e-13
2.78557114228 7.02110655426e-13
2.80561122244 6.92719842555e-13
2.82565130261 6.79919799734e-13
2.84569138277 6.65736893185e-13
2.86573146293 6.51762911455e-13
2.88577154309 6.39805579933e-13
2.90581162325 6.31200039059e-13
2.92585170341 6.22720150054e-13
2.94589178357 6.14288650051e-13
2.96593186373 6.0371694247e-13
2.98597194389 5.9329486919e-13
3.00601202405 5.83019219184e-13
3.02605210421 5.72729860633e-13
3.04609218437 5.62516617167e-13
3.06613226453 5.524436595e-13
3.08617234469 5.42715245502e-13
3.10621242485 5.33466228038e-13
3.12625250501 5.24341740633e-13
3.14629258517 5.15373693783e-13
3.16633266533 5.0730538773e-13
3.18637274549 4.99343724784e-13
3.20641282565 4.91486565078e-13
3.22645290581 4.82212787146e-13
3.24649298597 4.72448314066e-13
3.26653306613 4.62808667637e-13
3.28657314629 4.52941650141e-13
3.30661322645 4.42637178013e-13
3.32665330661 4.32461603222e-13
3.34669338677 4.22532906364e-13
3.36673346693 4.14893877583e-13
3.38677354709 4.0734904822e-13
3.40681362725 3.99896655473e-13
3.42685370741 3.92156765121e-13
3.44689378758 3.84365953543e-13
3.46693386774 3.76668645812e-13
3.4869739479 3.69189084606e-13
3.50701402806 3.61991947566e-13
3.52705410822 3.54879653727e-13
3.54709418838 3.4779765382e-13
3.56713426854 3.4000955801e-13
3.5871743487 3.32311412489e-13
3.60721442886 3.24701642716e-13
3.62725450902 3.17534608752e-13
3.64729458918 3.10577991165e-13
3.66733466934 3.03699903876e-13
3.6873747495 2.97121820303e-13
3.70741482966 2.90945566531e-13
3.72745490982 2.84837912035e-13
3.74749498998 2.78815572948e-13
3.76753507014 2.73085035526e-13
3.7875751503 2.67417094353e-13
3.80761523046 2.61810711974e-13
3.82765531062 2.55524943447e-13
3.84769539078 2.49052125255e-13
3.86773547094 2.42648256768e-13
3.8877755511 2.36670926762e-13
3.90781563126 2.31263294914e-13
3.92785571142 2.25912433979e-13
3.94789579158 2.20654596192e-13
3.96793587174 2.15857904037e-13
3.9879759519 2.11110814337e-13
4.00801603206 2.06412548822e-13
4.02805611222 2.01321500307e-13
4.04809619238 1.96138663641e-13
4.06813627255 1.91008199631e-13
4.08817635271 1.8626834604e-13
4.10821643287 1.82035039743e-13
4.12825651303 1.77843937537e-13
4.14829659319 1.73679028415e-13
4.16833667335 1.69407215224e-13
4.18837675351 1.65177310314e-13
4.20841683367 1.60988690308e-13
4.22845691383 1.57130049306e-13
4.24849699399 1.53397763101e-13
4.26853707415 1.49701397889e-13
4.28857715431 1.45951969667e-13
4.30861723447 1.42123391263e-13
4.32865731463 1.38331087093e-13
4.34869739479 1.34615925498e-13
4.36873747495 1.31290478991e-13
4.38877755511 1.27996119074e-13
4.40881763527 1.24732404905e-13
4.42885771543 1.21724433743e-13
4.44889779559 1.18809701605e-13
4.46893787575 1.15921723374e-13
4.48897795591 1.13036098405e-13
4.50901803607 1.10146780273e-13
4.52905811623 1.07283599107e-13
4.54909819639 1.04460235232e-13
4.56913827655 1.01770419283e-13
4.58917835671 9.91046064622e-14
4.60921843687 9.64624718015e-14
4.62925851703 9.38726309513e-14
4.64929859719 9.1313499352e-14
4.66933867735 8.87767888787e-14
4.68937875752 8.639444428e-14
4.70941883768 8.41907824777e-14
4.72945891784 8.20061909527e-14
4.749498998 7.98185523809e-14
4.76953907816 7.74968221407e-14
4.78957915832 7.51948977275e-14
4.80961923848 7.29125229705e-14
4.82965931864 7.0859755363e-14
4.8496993988 6.88783548217e-14
4.86973947896 6.69135811868e-14
4.88977955912 6.5007809305e-14
4.90981963928 6.31667064014e-14
4.92985971944 6.1340859484e-14
4.9498997996 5.95540880207e-14
4.96993987976 5.79351872368e-14
4.98997995992 5.63295428869e-14
5.01002004008 5.47663664186e-14
5.03006012024 5.32430336953e-14
5.0501002004 5.1732020678e-14
5.07014028056 5.03118755822e-14
5.09018036072 4.89047414151e-14
5.11022044088 4.75088504828e-14
5.13026052104 4.61240663353e-14
5.1503006012 4.47502547634e-14
5.17034068136 4.3484040658e-14
5.19038076152 4.22340015331e-14
5.21042084168 4.09937529569e-14
5.23046092184 3.97631784434e-14
5.250501002 3.85421633833e-14
5.27054108216 3.74408983997e-14
5.29058116232 3.63604718605e-14
5.31062124248 3.52883457094e-14
5.33066132265 3.4224423032e-14
5.35070140281 3.31686084478e-14
5.37074148297 3.21510441735e-14
5.39078156313 3.11461359795e-14
5.41082164329 3.01487977446e-14
5.43086172345 2.91589428434e-14
5.45090180361 2.8176485994e-14
5.47094188377 2.72973404653e-14
5.49098196393 2.64459718463e-14
5.51102204409 2.56008998076e-14
5.53106212425 2.47620535565e-14
5.55110220441 2.39293633811e-14
5.57114228457 2.31377237022e-14
5.59118236473 2.23618062027e-14
5.61122244489 2.15915207582e-14
5.63126252505 2.08268052372e-14
5.65130260521 2.00675984386e-14
5.67134268537 1.93774419525e-14
5.69138276553 1.87147981513e-14
5.71142284569 1.80568794357e-14
5.73146292585 1.74036345664e-14
5.75150300601 1.67550130596e-14
5.77154308617 1.61339925547e-14
5.79158316633 1.55273139172e-14
5.81162324649 1.49248836654e-14
5.83166332665 1.43266565705e-14
5.85170340681 1.37325880586e-14
5.87174348697 1.31707749497e-14
5.89178356713 1.26275104704e-14
5.91182364729 1.20879839959e-14
5.93186372745 1.15521564259e-14
5.95190380762 1.10199892165e-14
5.97194388778 1.05433991214e-14
5.99198396794 1.01023010304e-14
6.0120240481 9.66418859167e-15
6.03206412826 9.2290310413e-15
6.05210420842 8.79679804796e-15
6.07214428858 8.38900685634e-15
6.09218436874 7.99976239899e-15
6.1122244489 7.61310853197e-15
6.13226452906 7.22901900427e-15
6.15230460922 6.84746792804e-15
6.17234468938 6.48093294399e-15
6.19238476954 6.1276204789e-15
6.2124248497 5.77662018202e-15
6.23246492986 5.42790902092e-15
6.25250501002 5.08146427647e-15
6.27254509018 4.76359148196e-15
6.29258517034 4.47454983855e-15
6.3126252505 4.18737040642e-15
6.33266533066 3.90203489889e-15
6.35270541082 3.61852527513e-15
6.37274549098 3.35497099941e-15
6.39278557114 3.11479940002e-15
6.4128256513 2.8761513603e-15
6.43286573146 2.6390121319e-15
6.45290581162 2.40336716245e-15
6.47294589178 2.1961099343e-15
6.49298597194 2.02809457165e-15
6.5130260521 1.8611309353e-15
6.53306613226 1.69520893192e-15
6.55310621242 1.53031860221e-15
6.57314629259 1.38519135597e-15
6.59318637275 1.27227300255e-15
6.61322645291 1.16005312429e-15
6.63326653307 1.04852505105e-15
6.65330661323 9.37682201858e-16
6.67334669339 8.31239415608e-16
6.69338677355 7.32867397683e-16
6.71342685371 6.35094685273e-16
6.73346693387 5.37915638123e-16
6.75350701403 4.41324690399e-16
6.77354709419 3.55383554443e-16
6.79358717435 2.94189441117e-16
6.81362725451 2.33364861988e-16
6.83366733467 1.72906327936e-16
6.85370741483 1.128103969e-16
6.87374749499 6.54190571792e-17
6.89378757515 5.47483894916e-17
6.91382765531 4.41466594953e-17
6.93386773547 3.36130801435e-17
6.95390781563 2.31468785876e-17
6.97394789579 1.46691865716e-17
6.99398797595 1.33642813526e-17
7.01402805611 1.20727047804e-17
7.03406813627 1.07941831121e-17
7.05410821643 9.52845007255e-18
7.07414829659 8.39522570136e-18
7.09418837675 7.850664918e-18
7.11422845691 7.3141971491e-18
7.13426853707 6.7856172169e-18
7.15430861723 6.26472597938e-18
7.17434869739 5.794908293e-18
7.19438877756 5.61961298362e-18
7.21442885772 5.44959820568e-18
7.23446893788 5.28470258051e-18
7.25450901804 5.12476971896e-18
7.2745490982 4.96976246808e-18
7.29458917836 4.82055960577e-18
7.31462925852 4.67587183851e-18
7.33466933868 4.53556127856e-18
7.35470941884 4.39949429395e-18
7.374749499 4.26754137542e-18
7.39478957916 4.13957700775e-18
7.41482965932 4.01547954504e-18
7.43486973948 3.89513108999e-18
7.45490981964 3.77841737699e-18
7.4749498998 3.66522765892e-18
7.49498997996 3.55545459748e-18
7.51503006012 3.44899415708e-18
7.53507014028 3.34574550197e-18
7.55511022044 3.24561089668e-18
7.5751503006 3.1484956096e-18
7.59519038076 3.0543078196e-18
7.61523046092 2.96295852554e-18
7.63527054108 2.87436145871e-18
7.65531062124 2.78843299794e-18
7.6753507014 2.70509208749e-18
7.69539078156 2.62426015742e-18
7.71543086172 2.54586104649e-18
7.73547094188 2.46982092753e-18
7.75551102204 2.39606823508e-18
7.7755511022 2.32453359538e-18
7.79559118236 2.25514975848e-18
7.81563126253 2.18785153252e-18
7.83567134269 2.12257572008e-18
7.85571142285 2.05926105648e-18
7.87575150301 1.99784815007e-18
7.89579158317 1.93827942432e-18
7.91583166333 1.8804990618e-18
7.93587174349 1.82445294981e-18
7.95591182365 1.77008862784e-18
7.97595190381 1.71735523656e-18
7.99599198397 1.66620346842e-18
8.01603206413 1.61658551989e-18
8.03607214429 1.56845504501e-18
8.05611222445 1.52176711059e-18
8.07615230461 1.47647815266e-18
8.09619238477 1.43254593431e-18
8.11623246493 1.38992950491e-18
8.13627254509 1.3485891605e-18
8.15631262525 1.30848640547e-18
8.17635270541 1.26958391546e-18
8.19639278557 1.23184550131e-18
8.21643286573 1.19523607425e-18
8.23647294589 1.15972161209e-18
8.25651302605 1.12526912649e-18
8.27655310621 1.09184663123e-18
8.29659318637 1.05942311152e-18
8.31663326653 1.02796849415e-18
8.33667334669 9.97453618682e-19
8.35671342685 9.67850209483e-19
8.37675350701 9.39130848602e-19
8.39679358717 9.11268949525e-19
8.41683366733 8.84238731729e-19
8.43687374749 8.58015196019e-19
8.45691382766 8.32574100631e-19
8.47695390782 8.07891938076e-19
8.49699398798 7.83945912695e-19
8.51703406814 7.60713918908e-19
8.5370741483 7.38174520138e-19
8.55711422846 7.16306928382e-19
8.57715430862 6.95090984413e-19
8.59719438878 6.74507138593e-19
8.61723446894 6.54536432278e-19
8.6372745491 6.35160479793e-19
8.65731462926 6.16361450968e-19
8.67735470942 5.98122054205e-19
8.69739478958 5.80425520071e-19
8.71743486974 5.63255585394e-19
8.7374749499 5.46596477849e-19
8.75751503006 5.30432901015e-19
8.77755511022 5.14750019896e-19
8.79759519038 4.99533446886e-19
8.81763527054 4.84769228158e-19
8.8376753507 4.70443830482e-19
8.85771543086 4.5654412844e-19
8.87775551102 4.43057392035e-19
8.89779559118 4.29971274679e-19
8.91783567134 4.17273801556e-19
8.9378757515 4.04953358329e-19
8.95791583166 3.92998680207e-19
8.97795591182 3.81398841335e-19
8.99799599198 3.70143244517e-19
9.01803607214 3.59221611251e-19
9.0380761523 3.48623972067e-19
9.05811623246 3.38340657162e-19
9.07815631263 3.28362287324e-19
9.09819639279 3.18679765127e-19
9.11823647295 3.09284266403e-19
9.13827655311 3.00167231967e-19
9.15831663327 2.913203596e-19
9.17835671343 2.82735596276e-19
9.19839679359 2.74405130624e-19
9.21843687375 2.66321385618e-19
9.23847695391 2.584770115e-19
9.25851703407 2.50864878906e-19
9.27855711423 2.43478072211e-19
9.29859719439 2.36309883069e-19
9.31863727455 2.2935380416e-19
9.33867735471 2.22603523115e-19
9.35871743487 2.16052916638e-19
9.37875751503 2.09696044797e-19
9.39879759519 2.03527145495e-19
9.41883767535 1.97540629107e-19
9.43887775551 1.91731073279e-19
9.45891783567 1.86093217888e-19
9.47895791583 1.80621960153e-19
9.49899799599 1.75312349892e-19
9.51903807615 1.70159584932e-19
9.53907815631 1.65159006645e-19
9.55911823647 1.60306095633e-19
9.57915831663 1.55596467536e-19
9.59919839679 1.51025868967e-19
9.61923847695 1.46590173573e-19
9.63927855711 1.42285378218e-19
9.65931863727 1.38107599273e-19
9.67935871743 1.34053069027e-19
9.6993987976 1.30118132205e-19
9.71943887776 1.26299242584e-19
9.73947895792 1.22592959725e-19
9.75951903808 1.1899594579e-19
9.77955911824 1.15504962466e-19
9.7995991984 1.12116867974e-19
9.81963927856 1.08828614175e-19
9.83967935872 1.05637243761e-19
9.85971943888 1.02539887527e-19
9.87975951904 9.95337617311e-20
9.8997995992 0.0
9.91983967936 0.0
9.93987975952 0.0
9.95991983968 0.0
9.97995991984 0.0
10.0 0.0
