0.0 0.0
0.0200400801603 0.0
0.0400801603206 0.0
0.060120240481 0.0
0.0801603206413 0.0
0.100200400802 1.20573222541e-10
0.120240480962 8.22845515812e-11
0.140280561122 5.96800531946e-11
0.160320641283 4.14150197695e-11
0.180360721443 3.39451166347e-11
0.200400801603 2.972586909e-11
0.220440881764 2.36558729572e-10
0.240480961924 2.32076262432e-10
0.260521042084 2.50830255351e-11
0.280561122244 2.43240286281e-11
0.300601202405 2.36394118943e-11
0.320641282565 2.3149550201e-11
0.340681362725 2.28701551998e-11
0.360721442886 2.24494966623e-11
0.380761523046 2.20543205266e-11
0.400801603206 2.16718189729e-11
0.420841683367 2.13385583024e-11
0.440881763527 2.10463307494e-11
0.460921843687 2.07635499951e-11
0.480961923848 2.04966652128e-11
0.501002004008 2.02281395437e-11
0.521042084168 1.99893735279e-11
0.541082164329 1.97695669801e-11
0.561122244489 1.95617345985e-11
0.581162324649 1.93709968258e-11
0.60120240481 1.92007364073e-11
0.62124248497 1.90324027319e-11
0.64128256513 1.88690651735e-11
0.661322645291 1.87268009009e-11
0.681362725451 1.85769624067e-11
0.701402805611 1.83778124754e-11
0.721442885772 1.81900637545e-11
0.741482965932 1.80107520603e-11
0.761523046092 1.78212393121e-11
0.781563126253 1.76425935117e-11
0.801603206413 1.74819757297e-11
0.821643286573 1.72728663141e-11
0.841683366733 1.70344089824e-11
0.861723446894 1.68141688487e-11
0.881763527054 1.65726101608e-11
0.901803607214 1.62556868588e-11
0.921843687375 1.59545294056e-11
0.941883767535 1.56671963016e-11
0.961923847695 1.5345258134e-11
0.981963927856 1.5034530629e-11
1.00200400802 1.47413980483e-11
1.02204408818 1.44819862329e-11
1.04208416834 1.42465140646e-11
1.0621242485 1.40254870817e-11
1.08216432866 1.38052779104e-11
1.10220440882 1.35795416048e-11
1.12224448898 1.33592793755e-11
1.14228456914 1.31494820105e-11
1.1623246493 1.2895887255e-11
1.18236472946 1.26504745272e-11
1.20240480962 1.24211651666e-11
1.22244488978 1.21955905739e-11
1.24248496994 1.19749278961e-11
1.2625250501 1.17614833982e-11
1.28256513026 1.15569939312e-11
1.30260521042 1.13652939825e-11
1.32264529058 1.11806061011e-11
1.34268537074 1.10022143793e-11
1.3627254509 1.08462033382e-11
1.38276553106 1.06964374287e-11
1.40280561122 1.05523616965e-11
1.42284569138 1.03993260028e-11
1.44288577154 1.02428932626e-11
1.4629258517 1.00924411851e-11
1.48296593186 9.94772565735e-12
1.50300601202 9.81112926189e-12
1.52304609218 9.67904555368e-12
1.54308617234 9.55257969011e-12
1.56312625251 9.4088214906e-12
1.58316633267 9.26850283982e-12
1.60320641283 9.13324918143e-12
1.62324649299 9.00174718078e-12
1.64328657315 8.87371939313e-12
1.66332665331 8.74959103709e-12
1.68336673347 8.63278401985e-12
1.70340681363 8.5297028718e-12
1.72344689379 8.42985781165e-12
1.74348697395 8.33266703448e-12
1.76352705411 8.19010856763e-12
1.78356713427 8.04940281057e-12
1.80360721443 7.9120538185e-12
1.82364729459 7.79299663048e-12
1.84368737475 7.68508761844e-12
1.86372745491 7.5809331843e-12
1.88376753507 7.49223568896e-12
1.90380761523 7.43435463564e-12
1.92384769539 7.37809981945e-12
1.94388777555 7.32323190379e-12
1.96392785571 7.21936019498e-12
1.98396793587 7.1167377739e-12
2.00400801603 7.01401138847e-12
2.02404809619 6.92054663203e-12
2.04408817635 6.82741884743e-12
2.06412825651 6.7368553094e-12
2.08416833667 6.6484543832e-12
2.10420841683 6.56249165683e-12
2.12424849699 6.47865686476e-12
2.14428857715 6.39661067457e-12
2.16432865731 6.31279771234e-12
2.18436873747 6.23048712133e-12
2.20440881764 6.14974305035e-12
2.2244488978 6.06068672788e-12
2.24448897796 5.96832822779e-12
2.26452905812 5.878465205e-12
2.28456913828 5.78872668335e-12
2.30460921844 5.69722584082e-12
2.3246492986 5.60765316279e-12
2.34468937876 5.51974927087e-12
2.36472945892 5.4504125655e-12
2.38476953908 5.38235474552e-12
2.40480961924 5.31553914123e-12
2.4248496994 5.2481375935e-12
2.44488977956 5.18106576898e-12
2.46492985972 5.11517727378e-12
2.48496993988 5.0421578683e-12
2.50501002004 4.95450609894e-12
2.5250501002 4.86832583595e-12
2.54509018036 4.78394492012e-12
2.56513026052 4.73359559759e-12
2.58517034068 4.68409523963e-12
2.60521042084 4.63542144564e-12
2.625250501 4.57012662141e-12
2.64529058116 4.4977835242e-12
2.66533066132 4.42658473813e-12
2.68537074148 4.35704796359e-12
2.70541082164 4.28959287968e-12
2.7254509018 4.22317841369e-12
2.74549098196 4.15798135972e-12
2.76553106212 4.10295210153e-12
2.78557114228 4.04875643947e-12
2.80561122244 3.99537480764e-12
2.82565130261 3.92222832251e-12
2.84569138277 3.84103843962e-12
2.86573146293 3.7610188807e-12
2.88577154309 3.69264055501e-12
2.90581162325 3.64364392539e-12
2.92585170341 3.59534818162e-12
2.94589178357 3.54730624882e-12
2.96593186373 3.48683465639e-12
2.98597194389 3.42720062546e-12
3.00601202405 3.36838636274e-12
3.02605210421 3.30946421469e-12
3.04609218437 3.25095545308e-12
3.06613226453 3.19323287462e-12
3.08617234469 3.13748207021e-12
3.10621242485 3.08448662892e-12
3.12625250501 3.03218909867e-12
3.14629258517 2.98077533854e-12
3.16633266533 2.93455998322e-12
3.18637274549 2.88894193644e-12
3.20641282565 2.84390936101e-12
3.22645290581 2.7906313949e-12
3.24649298597 2.73448185205e-12
3.26653306613 2.67903461835e-12
3.28657314629 2.6222448261e-12
3.30661322645 2.56289214707e-12
3.32665330661 2.50426622169e-12
3.34669338677 2.44705317864e-12
3.36673346693 2.40312354299e-12
3.38677354709 2.35972381605e-12
3.40681362725 2.31684425159e-12
3.42685370741 2.27227703862e-12
3.44689378758 2.22739718597e-12
3.46693386774 2.18304454009e-12
3.4869739479 2.13994193118e-12
3.50701402806 2.09846610909e-12
3.52705410822 2.05746887967e-12
3.54709418838 2.01663343165e-12
3.56713426854 1.97167711464e-12
3.5871743487 1.92722948627e-12
3.60721442886 1.88328182136e-12
3.62725450902 1.84189610947e-12
3.64729458918 1.8017216041e-12
3.66733466934 1.76199147448e-12
3.6873747495 1.72399488293e-12
3.70741482966 1.68832509451e-12
3.72745490982 1.65304347319e-12
3.74749498998 1.61824763899e-12
3.76753507014 1.58513988559e-12
3.7875751503 1.55238651223e-12
3.80761523046 1.51998176936e-12
3.82765531062 1.48361194564e-12
3.84769539078 1.44614311932e-12
3.86773547094 1.40906598338e-12
3.8877755511 1.37446325702e-12
3.90781563126 1.3431694053e-12
3.92785571142 1.31219784286e-12
3.94789579158 1.28175997251e-12
3.96793587174 1.25400041794e-12
3.9879759519 1.22652244075e-12
4.00801603206 1.19932172012e-12
4.02805611222 1.16982557681e-12
4.04809619238 1.13978749989e-12
4.06813627255 1.11004755683e-12
4.08817635271 1.08257695023e-12
4.10821643287 1.0580518631e-12
4.12825651303 1.03376678902e-12
4.14829659319 1.0096285831e-12
4.16833667335 9.84861628391e-13
4.18837675351 9.60333358687e-13
4.20841683367 9.36040302338e-13
4.22845691383 9.1366557305e-13
4.24849699399 8.92022493471e-13
4.26853707415 8.70584044793e-13
4.28857715431 8.48831546736e-13
4.30861723447 8.26612946537e-13
4.32865731463 8.04601321589e-13
4.34869739479 7.83035120387e-13
4.36873747495 7.63737312184e-13
4.38877755511 7.44616831372e-13
4.40881763527 7.25671220376e-13
4.42885771543 7.08213459905e-13
4.44889779559 6.91295998559e-13
4.46893787575 6.74531182038e-13
4.48897795591 6.57776772033e-13
4.50901803607 6.40997572311e-13
4.52905811623 6.24367674322e-13
4.54909819639 6.0796697973e-13
4.56913827655 5.92342436855e-13
4.58917835671 5.76855069988e-13
4.60921843687 5.61503064466e-13
4.62925851703 5.46453471824e-13
4.64929859719 5.31580438828e-13
4.66933867735 5.16835680676e-13
4.68937875752 5.02989259437e-13
4.70941883768 4.90183247582e-13
4.72945891784 4.77486296165e-13
4.749498998 4.64769383282e-13
4.76953907816 4.51267702588e-13
4.78957915832 4.37879484413e-13
4.80961923848 4.24603293941e-13
4.82965931864 4.12665343066e-13
4.8496993988 4.01142104191e-13
4.86973947896 3.89714110402e-13
4.88977955912 3.78628790343e-13
4.90981963928 3.6791930474e-13
4.92985971944 3.57297245498e-13
4.9498997996 3.46901726999e-13
4.96993987976 3.37484795286e-13
4.98997995992 3.2814381677e-13
5.01002004008 3.19049397695e-13
5.03006012024 3.10186270958e-13
5.0501002004 3.01393766274e-13
5.07014028056 2.93130607213e-13
5.09018036072 2.84942207432e-13
5.11022044088 2.76818278537e-13
5.13026052104 2.68758056662e-13
5.1503006012 2.60760790136e-13
5.17034068136 2.53390841685e-13
5.19038076152 2.46114328317e-13
5.21042084168 2.38893991858e-13
5.23046092184 2.31729179815e-13
5.250501002 2.24619249901e-13
5.27054108216 2.18207880929e-13
5.29058116232 2.11917366891e-13
5.31062124248 2.05674495632e-13
5.33066132265 1.99478724316e-13
5.35070140281 1.93329518434e-13
5.37074148297 1.87402992232e-13
5.39078156313 1.81549654438e-13
5.41082164329 1.75739813086e-13
5.43086172345 1.6997298216e-13
5.45090180361 1.6424868295e-13
5.47094188377 1.59127334878e-13
5.49098196393 1.54167655693e-13
5.51102204409 1.49244160706e-13
5.53106212425 1.44356452934e-13
5.55110220441 1.39504141258e-13
5.57114228457 1.34891146388e-13
5.59118236473 1.30369488912e-13
5.61122244489 1.25880223375e-13
5.63126252505 1.21423000944e-13
5.65130260521 1.16997477837e-13
5.67134268537 1.12975013755e-13
5.69138276553 1.09112889122e-13
5.71142284569 1.05277945081e-13
5.73146292585 1.01469894053e-13
5.75150300601 9.76884525537e-14
5.77154308617 9.4067930908e-14
5.79158316633 9.05308502585e-14
5.81162324649 8.70182281983e-14
5.83166332665 8.35298105462e-14
5.85170340681 8.00653466715e-14
5.87174348697 7.67890824721e-14
5.89178356713 7.36209143815e-14
5.91182364729 7.04742794582e-14
5.93186372745 6.73489577869e-14
5.95190380762 6.42447324706e-14
5.97194388778 6.14651136241e-14
5.99198396794 5.88927079133e-14
6.0120240481 5.63374962498e-14
6.03206412826 5.37993058889e-14
6.05210420842 5.12779664195e-14
6.07214428858 4.88992845492e-14
6.09218436874 4.66288076187e-14
6.1122244489 4.43732563326e-14
6.13226452906 4.21324832239e-14
6.15230460922 3.99063427845e-14
6.17234468938 3.77677972856e-14
6.19238476954 3.570636883e-14
6.2124248497 3.36582711377e-14
6.23246492986 3.1623374673e-14
6.25250501002 2.9601551592e-14
6.27254509018 2.77466276459e-14
6.29258517034 2.60601307558e-14
6.3126252505 2.43843677342e-14
6.33266533066 2.27192358975e-14
6.35270541082 2.10646338831e-14
6.37274549098 1.95265856902e-14
6.39278557114 1.81251432675e-14
6.4128256513 1.6732481499e-14
6.43286573146 1.5348517676e-14
6.45290581162 1.39731701379e-14
6.47294589178 1.27637255688e-14
6.49298597194 1.17836741824e-14
6.5130260521 1.08096717289e-14
6.53306613226 9.84166200906e-15
6.55310621242 8.87958952824e-15
6.57314629259 8.03301331687e-15
6.59318637275 7.37473473964e-15
6.61322645291 6.72046048934e-15
6.63326653307 6.07015383065e-15
6.65330661323 5.423778485e-15
6.67334669339 4.80306547308e-15
6.69338677355 4.22948877655e-15
6.71342685371 3.65934883518e-15
6.73346693387 3.09261459414e-15
6.75350701403 2.5292553789e-15
6.77354709419 2.02812996517e-15
6.79358717435 1.67170644463e-15
6.81362725451 1.31738983838e-15
6.83366733467 9.65161303313e-16
6.85370741483 6.15002226409e-16
6.87374749499 3.39114287622e-16
6.89378757515 2.77996554794e-16
6.91382765531 2.1724156546e-16
6.93386773547 1.56845920256e-16
6.95390781563 9.68062670036e-17
6.97394789579 4.83629736943e-17
6.99398797595 4.18475719257e-17
7.01402805611 3.53764865984e-17
7.03406813627 2.89491260499e-17
7.05410821643 2.25649119982e-17
7.07414829659 1.69252356403e-17
7.09418837675 1.46998789916e-17
7.11422845691 1.24930529191e-17
7.13426853707 1.03044222363e-17
7.15430861723 8.13366106794e-18
7.17434869739 6.23542754012e-18
7.19438877756 6.03494986438e-18
7.21442885772 5.84066244412e-18
7.23446893788 5.65236304951e-18
7.25450901804 5.46985633033e-18
7.2745490982 5.29362297644e-18
7.29458917836 5.12948214594e-18
7.31462925852 4.97054659157e-18
7.33466933868 4.81664645626e-18
7.35470941884 4.66761762435e-18
7.374749499 4.52330151928e-18
7.39478957916 4.38354490879e-18
7.41482965932 4.24819971725e-18
7.43486973948 4.11712284492e-18
7.45490981964 3.99017599385e-18
7.4749498998 3.86722550012e-18
7.49498997996 3.74814217225e-18
7.51503006012 3.63280113545e-18
7.53507014028 3.52108168161e-18
7.55511022044 3.41286712469e-18
7.5751503006 3.3080446614e-18
7.59519038076 3.20650523686e-18
7.61523046092 3.1081434152e-18
7.63527054108 3.01285725478e-18
7.65531062124 2.92054818787e-18
7.6753507014 2.83112090476e-18
7.69539078156 2.74448324191e-18
7.71543086172 2.66054607421e-18
7.73547094188 2.579223211e-18
7.75551102204 2.50043129589e-18
7.7755511022 2.42408971009e-18
7.79559118236 2.35012047919e-18
7.81563126253 2.27844818327e-18
7.83567134269 2.20899987016e-18
7.85571142285 2.14170497183e-18
7.87575150301 2.07649522367e-18
7.89579158317 2.01330458665e-18
7.91583166333 1.9520691722e-18
7.93587174349 1.89272716978e-18
7.95591182365 1.83521877692e-18
7.97595190381 1.77948613175e-18
7.99599198397 1.7254732479e-18
8.01603206413 1.67312595167e-18
8.03607214429 1.62239182131e-18
8.05611222445 1.57322012858e-18
8.07615230461 1.52556178215e-18
8.09619238477 1.47936927313e-18
8.11623246493 1.43459662234e-18
8.13627254509 1.39119932952e-18
8.15631262525 1.34913432425e-18
8.17635270541 1.30835991851e-18
8.19639278557 1.26883576096e-18
8.21643286573 1.23052279277e-18
8.23647294589 1.19338320488e-18
8.25651302605 1.15738039685e-18
8.27655310621 1.12247893703e-18
8.29659318637 1.08864452412e-18
8.31663326653 1.05584395004e-18
8.33667334669 1.02404506405e-18
8.35671342685 9.93216738147e-19
8.37675350701 9.63328833516e-19
8.39679358717 9.34352168255e-19
8.41683366733 9.06258486103e-19
8.43687374749 8.79020426254e-19
8.45691382766 8.52611494193e-19
8.47695390782 8.27006033505e-19
8.49699398798 8.02179198635e-19
8.51703406814 7.78106928571e-19
8.5370741483 7.54765921398e-19
8.55711422846 7.32133609713e-19
8.57715430862 7.10188136861e-19
8.59719438878 6.88908333963e-19
8.61723446894 6.68273697714e-19
8.6372745491 6.48264368915e-19
8.65731462926 6.28861111728e-19
8.67735470942 6.10045293613e-19
8.69739478958 5.91798865934e-19
8.71743486974 5.74104345209e-19
8.7374749499 5.56944794978e-19
8.75751503006 5.40303808274e-19
8.77755511022 5.2416549067e-19
8.79759519038 5.08514443885e-19
8.81763527054 4.93335749933e-19
8.8376753507 4.78614955791e-19
8.85771543086 4.64338058571e-19
8.87775551102 4.50491491179e-19
8.89779559118 4.37062108446e-19
8.91783567134 4.2403717371e-19
8.9378757515 4.11404345836e-19
8.95791583166 3.99151666666e-19
8.97795591182 3.87267548873e-19
8.99799599198 3.7574076421e-19
9.01803607214 3.64560432148e-19
9.0380761523 3.53716008876e-19
9.05811623246 3.43197276663e-19
9.07815631263 3.32994333563e-19
9.09819639279 3.23097583454e-19
9.11823647295 3.13497726402e-19
9.13827655311 3.0418574933e-19
9.15831663327 2.95152916996e-19
9.17835671343 2.86390763257e-19
9.19839679359 2.77891082618e-19
9.21843687375 2.69645922049e-19
9.23847695391 2.6164757307e-19
9.25851703407 2.53888564085e-19
9.27855711423 2.4636165297e-19
9.29859719439 2.39059819886e-19
9.31863727455 2.31976260337e-19
9.33867735471 2.2510437844e-19
9.35871743487 2.18437780411e-19
9.37875751503 2.11970268267e-19
9.39879759519 2.05695833717e-19
9.41883767535 1.99608652257e-19
9.43887775551 1.93703077451e-19
9.45891783567 1.8797363539e-19
9.47895791583 1.82415019334e-19
9.49899799599 1.77022084515e-19
9.51903807615 1.71789843116e-19
9.53907815631 1.66713459398e-19
9.55911823647 1.61788244993e-19
9.57915831663 1.57009654331e-19
9.59919839679 1.52373280231e-19
9.61923847695 1.47874849609e-19
9.63927855711 1.43510219344e-19
9.65931863727 1.39275372256e-19
9.67935871743 1.3516641322e-19
9.6993987976 1.31179565402e-19
9.71943887776 1.27311166611e-19
9.73947895792 1.23557665767e-19
9.75951903808 1.19915619478e-19
9.77955911824 1.16381688728e-19
9.7995991984 1.12952635665e-19
9.81963927856 1.09625320493e-19
9.83967935872 1.0639669846e-19
9.85971943888 1.03263816939e-19
9.87975951904 1.00223812599e-19
9.8997995992 0.0
9.91983967936 0.0
9.93987975952 0.0
9.95991983968 0.0
9.97995991984 0.0
10.0 0.0
