0.0 0.0
0.0200400801603 0.0
0.0400801603206 0.0
0.060120240481 0.0
0.0801603206413 0.0
0.100200400802 0.0
0.120240480962 0.0
0.140280561122 0.0
0.160320641283 0.0
0.180360721443 0.0
0.200400801603 0.0
0.220440881764 0.0
0.240480961924 0.0
0.260521042084 0.0
0.280561122244 0.0
0.300601202405 0.0
0.320641282565 0.0
0.340681362725 1.13689679282e-10
0.360721442886 6.6260254053e-11
0.380761523046 5.513866982e-11
0.400801603206 5.00851717051e-11
0.420841683367 4.72953065723e-11
0.440881763527 4.55995091711e-11
0.460921843687 4.44977071826e-11
0.480961923848 4.37294411716e-11
0.501002004008 4.31151240903e-11
0.521042084168 4.26750143029e-11
0.541082164329 4.23526102647e-11
0.561122244489 4.21048022219e-11
0.581162324649 4.19243227718e-11
0.60120240481 4.17943673955e-11
0.62124248497 4.16767862452e-11
0.64128256513 4.1574228079e-11
0.661322645291 4.15005736651e-11
0.681362725451 4.13945906972e-11
0.701402805611 4.11443299867e-11
0.721442885772 4.09240676048e-11
0.741482965932 4.07265938835e-11
0.761523046092 4.04955504972e-11
0.781563126253 4.02822261213e-11
0.801603206413 4.00909649831e-11
0.821643286573 3.97593109492e-11
0.841683366733 3.93435435149e-11
0.861723446894 3.89547641678e-11
0.881763527054 3.85057522652e-11
0.901803607214 3.78500858254e-11
0.921843687375 3.72306509749e-11
0.941883767535 3.66434035493e-11
0.961923847695 3.59613417134e-11
0.981963927856 3.53037341292e-11
1.00200400802 3.4679688393e-11
1.02204408818 3.41419872185e-11
1.04208416834 3.36657526019e-11
1.0621242485 3.32099213345e-11
1.08216432866 3.27577919257e-11
1.10220440882 3.22890407659e-11
1.12224448898 3.18398371849e-11
1.14228456914 3.14127215491e-11
1.1623246493 3.08678959299e-11
1.18236472946 3.03353803021e-11
1.20240480962 2.98228692917e-11
1.22244488978 2.93192272786e-11
1.24248496994 2.88274618633e-11
1.2625250501 2.83529261248e-11
1.28256513026 2.79010356516e-11
1.30260521042 2.74813799971e-11
1.32264529058 2.70757950711e-11
1.34268537074 2.66834937999e-11
1.3627254509 2.63483574949e-11
1.38276553106 2.60262759092e-11
1.40280561122 2.57136770111e-11
1.42284569138 2.53774462842e-11
1.44288577154 2.50314402919e-11
1.4629258517 2.46955828143e-11
1.48296593186 2.43737554835e-11
1.50300601202 2.4072170711e-11
1.52304609218 2.3779155631e-11
1.54308617234 2.34962023165e-11
1.56312625251 2.31678850854e-11
1.58316633267 2.28462297958e-11
1.60320641283 2.25331707708e-11
1.62324649299 2.22293609954e-11
1.64328657315 2.19340200191e-11
1.66332665331 2.1646017559e-11
1.68336673347 2.1377017965e-11
1.70340681363 2.11429526225e-11
1.72344689379 2.09146638287e-11
1.74348697395 2.06917930994e-11
1.76352705411 2.03519622037e-11
1.78356713427 2.00163637005e-11
1.80360721443 1.96885958681e-11
1.82364729459 1.94075490012e-11
1.84368737475 1.91547098489e-11
1.86372745491 1.89075674686e-11
1.88376753507 1.86996216875e-11
1.90380761523 1.85704840033e-11
1.92384769539 1.84441869713e-11
1.94388777555 1.83206366367e-11
1.96392785571 1.80713081031e-11
1.98396793587 1.7824626078e-11
2.00400801603 1.75805660241e-11
2.02404809619 1.73519451599e-11
2.04408817635 1.71280822185e-11
2.06412825651 1.69087479994e-11
2.08416833667 1.66946961984e-11
2.10420841683 1.64867597197e-11
2.12424849699 1.62829022789e-11
2.14428857715 1.60830036684e-11
2.16432865731 1.58784997891e-11
2.18436873747 1.56778052571e-11
2.20440881764 1.54808921205e-11
2.2244488978 1.52626596948e-11
2.24448897796 1.50357221594e-11
2.26452905812 1.48129311603e-11
2.28456913828 1.45903657658e-11
2.30460921844 1.43641492358e-11
2.3246492986 1.4141950539e-11
2.34468937876 1.39236915352e-11
2.36472945892 1.37525032609e-11
2.38476953908 1.35842804794e-11
2.40480961924 1.34189460676e-11
2.4248496994 1.32518533761e-11
2.44488977956 1.30853537492e-11
2.46492985972 1.29216380241e-11
2.48496993988 1.27395253315e-11
2.50501002004 1.25199170441e-11
2.5250501002 1.23038794858e-11
2.54509018036 1.20922578604e-11
2.56513026052 1.19671812134e-11
2.58517034068 1.18440966525e-11
2.60521042084 1.17229565607e-11
2.625250501 1.15593334595e-11
2.64529058116 1.13776285343e-11
2.66533066132 1.11987166119e-11
2.68537074148 1.10239224428e-11
2.70541082164 1.08543202778e-11
2.7254509018 1.06872652764e-11
2.74549098196 1.05232130699e-11
2.76553106212 1.03849470923e-11
2.78557114228 1.02487128183e-11
2.80561122244 1.01144654577e-11
2.82565130261 9.92985254286e-12
2.84569138277 9.72471208054e-12
2.86573146293 9.52249146788e-12
2.88577154309 9.34982710316e-12
2.90581162325 9.22640164913e-12
2.92585170341 9.10469919326e-12
2.94589178357 8.98358622066e-12
2.96593186373 8.830816021e-12
2.98597194389 8.68013122941e-12
3.00601202405 8.53148915202e-12
3.02605210421 8.38253399571e-12
3.04609218437 8.23459355933e-12
3.06613226453 8.08861771213e-12
3.08617234469 7.94762166529e-12
3.10621242485 7.81359802784e-12
3.12625250501 7.68131913832e-12
3.14629258517 7.5512589736e-12
3.16633266533 7.43438189104e-12
3.18637274549 7.31899721574e-12
3.20641282565 7.20507637127e-12
3.22645290581 7.07018712639e-12
3.24649298597 6.92798555503e-12
3.26653306613 6.78755228881e-12
3.28657314629 6.64369455471e-12
3.30661322645 6.49331485032e-12
3.32665330661 6.34476988115e-12
3.34669338677 6.19980281857e-12
3.36673346693 6.08855735169e-12
3.38677354709 5.97864529956e-12
3.40681362725 5.87004270079e-12
3.42685370741 5.75714480611e-12
3.44689378758 5.64344404198e-12
3.46693386774 5.53107345398e-12
3.4869739479 5.42186856157e-12
3.50701402806 5.31678598844e-12
3.52705410822 5.21291137028e-12
3.54709418838 5.10944107379e-12
3.56713426854 4.99550599388e-12
3.5871743487 4.88285776054e-12
3.60721442886 4.77147458907e-12
3.62725450902 4.66658959284e-12
3.64729458918 4.56477471771e-12
3.66733466934 4.46408418386e-12
3.6873747495 4.36778941923e-12
3.70741482966 4.27739558837e-12
3.72745490982 4.18798365397e-12
3.74749498998 4.09980155092e-12
3.76753507014 4.01589971858e-12
3.7875751503 3.93289452656e-12
3.80761523046 3.85077161289e-12
3.82765531062 3.75858851924e-12
3.84769539078 3.66361680438e-12
3.86773547094 3.56963821618e-12
3.8877755511 3.48193558072e-12
3.90781563126 3.40262495867e-12
3.92785571142 3.32413092009e-12
3.94789579158 3.2469897516e-12
3.96793587174 3.17664049229e-12
3.9879759519 3.10700450248e-12
4.00801603206 3.03807094382e-12
4.02805611222 2.96331599663e-12
4.04809619238 2.88718682294e-12
4.06813627255 2.81181385131e-12
4.08817635271 2.74219536027e-12
4.10821643287 2.68004544801e-12
4.12825651303 2.61850386461e-12
4.14829659319 2.5573345264e-12
4.16833667335 2.49457108706e-12
4.18837675351 2.4324129528e-12
4.20841683367 2.37085137561e-12
4.22845691383 2.31415327332e-12
4.24849699399 2.25931007211e-12
4.26853707415 2.20498573834e-12
4.28857715431 2.1498655148e-12
4.30861723447 2.09356411682e-12
4.32865731463 2.03778780739e-12
4.34869739479 1.98314101267e-12
4.36873747495 1.93424428907e-12
4.38877755511 1.88579729942e-12
4.40881763527 1.83779384506e-12
4.42885771543 1.7935616481e-12
4.44889779559 1.75069902394e-12
4.46893787575 1.70822348443e-12
4.48897795591 1.66577458372e-12
4.50901803607 1.62326317443e-12
4.52905811623 1.58113048377e-12
4.54909819639 1.53957900935e-12
4.56913827655 1.49999475111e-12
4.58917835671 1.46075845475e-12
4.60921843687 1.42186553673e-12
4.62925851703 1.38373930108e-12
4.64929859719 1.34606084039e-12
4.66933867735 1.30870781438e-12
4.68937875752 1.27363136887e-12
4.70941883768 1.24119136247e-12
4.72945891784 1.20902796421e-12
4.749498998 1.17681429607e-12
4.76953907816 1.14261271715e-12
4.78957915832 1.10869902444e-12
4.80961923848 1.07506958696e-12
4.82965931864 1.0448308929e-12
4.8496993988 1.01564315246e-12
4.86973947896 9.86697019173e-13
4.88977955912 9.58619299799e-13
4.90981963928 9.31493968585e-13
4.92985971944 9.04590403726e-13
4.9498997996 8.78261004166e-13
4.96993987976 8.54410754508e-13
4.98997995992 8.30753131194e-13
5.01002004008 8.07720285118e-13
5.03006012024 7.85273527821e-13
5.0501002004 7.63005878093e-13
5.07014028056 7.42079232151e-13
5.09018036072 7.21342142273e-13
5.11022044088 7.00768552228e-13
5.13026052104 6.8035653018e-13
5.1503006012 6.60104174707e-13
5.17034068136 6.41440842285e-13
5.19038076152 6.23014331817e-13
5.21042084168 6.04730280992e-13
5.23046092184 5.86587039262e-13
5.250501002 5.68582981559e-13
5.27054108216 5.52348228399e-13
5.29058116232 5.36419689653e-13
5.31062124248 5.20611954628e-13
5.33066132265 5.04923650268e-13
5.35070140281 4.89353424316e-13
5.37074148297 4.74347257346e-13
5.39078156313 4.59526575974e-13
5.41082164329 4.44816190231e-13
5.43086172345 4.30214870023e-13
5.45090180361 4.15721403541e-13
5.47094188377 4.02754866555e-13
5.49098196393 3.90197819286e-13
5.51102204409 3.77732510486e-13
5.53106212425 3.65357935705e-13
5.55110220441 3.53073105149e-13
5.57114228457 3.41394348863e-13
5.59118236473 3.29946967426e-13
5.61122244489 3.18581708921e-13
5.63126252505 3.07297690412e-13
5.65130260521 2.96094041611e-13
5.67134268537 2.85910995202e-13
5.69138276553 2.76133992985e-13
5.71142284569 2.66425891375e-13
5.73146292585 2.56785962644e-13
5.75150300601 2.47213489306e-13
5.77154308617 2.38048508409e-13
5.79158316633 2.29094855919e-13
5.81162324649 2.20203203133e-13
5.83166332665 2.11372906622e-13
5.85170340681 2.02603331858e-13
5.87174348697 1.9431028261e-13
5.89178356713 1.86290958396e-13
5.91182364729 1.78326214838e-13
5.93186372745 1.70415495183e-13
5.95190380762 1.62558250248e-13
5.97194388778 1.5552280605e-13
5.99198396794 1.49011965519e-13
6.0120240481 1.42544697007e-13
6.03206412826 1.36120563451e-13
6.05210420842 1.29739133628e-13
6.07214428858 1.23718868289e-13
6.09218436874 1.17972547808e-13
6.1122244489 1.12264047804e-13
6.13226452906 1.06592995163e-13
6.15230460922 1.0095902168e-13
6.17234468938 9.55468120868e-14
6.19238476954 9.03298397689e-14
6.2124248497 8.51466453492e-14
6.23246492986 7.99969010204e-14
6.25250501002 7.48802832169e-14
6.27254509018 7.01861444451e-14
6.29258517034 6.5918342278e-14
6.3126252505 6.16777321086e-14
6.33266533066 5.7464054223e-14
6.35270541082 5.32770522154e-14
6.37274549098 4.93850754803e-14
6.39278557114 4.58388692773e-14
6.4128256513 4.23149028623e-14
6.43286573146 3.88129671348e-14
6.45290581162 3.53328556168e-14
6.47294589178 3.22726493776e-14
6.49298597194 2.97930273262e-14
6.5130260521 2.73287179196e-14
6.53306613226 2.48795793418e-14
6.55310621242 2.24454715299e-14
6.57314629259 2.03036703148e-14
6.59318637275 1.86384166976e-14
6.61322645291 1.6983292473e-14
6.63326653307 1.53382051871e-14
6.65330661323 1.37030635134e-14
6.67334669339 1.21328635194e-14
6.69338677355 1.0681949233e-14
6.71342685371 9.23972802685e-15
6.73346693387 7.80612174369e-15
6.75350701403 6.3810531654e-15
6.77354709419 5.11347401734e-15
6.79358717435 4.21207874699e-15
6.81362725451 3.31600654734e-15
6.83366733467 2.42521020329e-15
6.85370741483 1.53964306046e-15
6.87374749499 8.42017273218e-16
6.89378757515 6.87870900062e-16
6.91382765531 5.3462702526e-16
6.93386773547 3.82277611057e-16
6.95390781563 2.30814717827e-16
6.97394789579 1.0868257462e-16
6.99398797595 9.26345250743e-17
7.01402805611 7.66842222171e-17
7.03406813627 6.08306687782e-17
7.05410821643 4.50728832021e-17
7.07414829659 3.1186144712e-17
7.09418837675 2.59265030421e-17
7.11422845691 2.07015661575e-17
7.13426853707 1.55109041719e-17
7.15430861723 1.03540957543e-17
7.17434869739 5.87590361742e-18
7.19438877756 5.68299654393e-18
7.21442885772 5.49546211922e-18
7.23446893788 5.31313839594e-18
7.25450901804 5.13586841579e-18
7.2745490982 4.96519383528e-18
7.29458917836 4.81615251029e-18
7.31462925852 4.6716204716e-18
7.33466933868 4.53146004425e-18
7.35470941884 4.39553780104e-18
7.374749499 4.26372442992e-18
7.39478957916 4.13589460545e-18
7.41482965932 4.01192686448e-18
7.43486973948 3.89170348563e-18
7.45490981964 3.77511037268e-18
7.4749498998 3.66203694157e-18
7.49498997996 3.55237601106e-18
7.51503006012 3.44602369673e-18
7.53507014028 3.34287930841e-18
7.55511022044 3.24284525084e-18
7.5751503006 3.14582692742e-18
7.59519038076 3.05173264699e-18
7.61523046092 2.96047353364e-18
7.63527054108 2.87196343921e-18
7.65531062124 2.78611885868e-18
7.6753507014 2.70285884814e-18
7.69539078156 2.62210494536e-18
7.71543086172 2.54378109286e-18
7.73547094188 2.4678135634e-18
7.75551102204 2.3941308878e-18
7.7755511022 2.322663785e-18
7.79559118236 2.25334509438e-18
7.81563126253 2.18610971013e-18
7.83567134269 2.12089451771e-18
7.85571142285 2.05763833231e-18
7.87575150301 1.9962818392e-18
7.89579158317 1.93676753597e-18
7.91583166333 1.8790396766e-18
7.93587174349 1.8230442172e-18
7.95591182365 1.76872876355e-18
7.97595190381 1.71604252019e-18
7.99599198397 1.66493624112e-18
8.01603206413 1.61536218212e-18
8.03607214429 1.56727405438e-18
8.05611222445 1.52062697978e-18
8.07615230461 1.47537744741e-18
8.09619238477 1.43148327153e-18
8.11623246493 1.38890355078e-18
8.13627254509 1.3475986287e-18
8.15631262525 1.30753005548e-18
8.17635270541 1.26866055086e-18
8.19639278557 1.23095396823e-18
8.21643286573 1.1943752598e-18
8.23647294589 1.15889044289e-18
8.25651302605 1.12446656724e-18
8.27655310621 1.09107168335e-18
8.29659318637 1.05867481181e-18
8.31663326653 1.02724591352e-18
8.33667334669 9.96755860932e-19
8.35671342685 9.67176410108e-19
8.37675350701 9.38480173658e-19
8.39679358717 9.10640594531e-19
8.41683366733 8.8363192061e-19
8.43687374749 8.57429180084e-19
8.45691382766 8.32008157593e-19
8.47695390782 8.07345371107e-19
8.49699398798 7.8341804951e-19
8.51703406814 7.60204110891e-19
8.5370741483 7.37682141494e-19
8.55711422846 7.1583137532e-19
8.57715430862 6.94631674361e-19
8.59719438878 6.74063509442e-19
8.61723446894 6.5410794165e-19
8.6372745491 6.34746604339e-19
8.65731462926 6.15961685688e-19
8.67735470942 5.97735911797e-19
8.69739478958 5.800525303e-19
8.71743486974 5.62895294484e-19
8.7374749499 5.46248447901e-19
8.75751503006 5.3009670944e-19
8.77755511022 5.14425258874e-19
8.79759519038 4.9921972284e-19
8.81763527054 4.84466161251e-19
8.8376753507 4.70151054128e-19
8.85771543086 4.56261288837e-19
8.87775551102 4.4278414771e-19
8.89779559118 4.29707296055e-19
8.91783567134 4.17018770528e-19
8.9378757515 4.04706967862e-19
8.95791583166 3.92760633943e-19
8.97795591182 3.81168853218e-19
8.99799599198 3.69921038428e-19
9.01803607214 3.59006920658e-19
9.0380761523 3.48416539689e-19
9.05811623246 3.38140234641e-19
9.07815631263 3.28168634913e-19
9.09819639279 3.18492651385e-19
9.11823647295 3.09103467905e-19
9.13827655311 2.99992533023e-19
9.15831663327 2.91151551981e-19
9.17835671343 2.82572478954e-19
9.19839679359 2.74247509519e-19
9.21843687375 2.66169073355e-19
9.23847695391 2.58329827173e-19
9.25851703407 2.50722647852e-19
9.27855711423 2.43340625792e-19
9.29859719439 2.36177058462e-19
9.31863727455 2.29225444151e-19
9.33867735471 2.22479475908e-19
9.35871743487 2.15933035659e-19
9.37875751503 2.09580188518e-19
9.39879759519 2.03415177255e-19
9.41883767535 1.97432416943e-19
9.43887775551 1.91626489762e-19
9.45891783567 1.85992139965e-19
9.47895791583 1.80524268995e-19
9.49899799599 1.75217930749e-19
9.51903807615 1.70068326986e-19
9.53907815631 1.6507080288e-19
9.55911823647 1.60220842698e-19
9.57915831663 1.5551406562e-19
9.59919839679 1.50946221675e-19
9.61923847695 1.46513187809e-19
9.63927855711 1.42210964068e-19
9.65931863727 1.38035669899e-19
9.67935871743 1.33983540557e-19
9.6993987976 1.3005092363e-19
9.71943887776 1.26234275664e-19
9.73947895792 1.22530158886e-19
9.75951903808 1.18935238038e-19
9.77955911824 1.15446277293e-19
9.7995991984 1.12060137278e-19
9.81963927856 1.08773772171e-19
9.83967935872 1.05584226905e-19
9.85971943888 1.02488634436e-19
9.87975951904 9.94842131116e-20
9.8997995992 0.0
9.91983967936 0.0
9.93987975952 0.0
9.95991983968 0.0
9.97995991984 0.0
10.0 0.0
