0.0 0.0
0.0200400801603 0.0
0.0400801603206 0.0
0.060120240481 0.0
0.0801603206413 0.0
0.100200400802 0.0
0.120240480962 0.0
0.140280561122 0.0
0.160320641283 0.0
0.180360721443 0.0
0.200400801603 0.0
0.220440881764 0.0
0.240480961924 0.0
0.260521042084 0.0
0.280561122244 0.0
0.300601202405 0.0
0.320641282565 1.40166874115e-10
0.340681362725 6.98709471155e-11
0.360721442886 5.74577169676e-11
0.380761523046 5.21412348427e-11
0.400801603206 4.93028892765e-11
0.420841683367 4.76485598174e-11
0.440881763527 4.66377448837e-11
0.460921843687 4.59941118736e-11
0.480961923848 4.55538088036e-11
0.501002004008 4.5183153748e-11
0.521042084168 4.49335449977e-11
0.541082164329 4.47650179959e-11
0.561122244489 4.46435981921e-11
0.581162324649 4.4569620994e-11
0.60120240481 4.45310520826e-11
0.62124248497 4.44911673635e-11
0.64128256513 4.44555464137e-11
0.661322645291 4.44411902113e-11
0.681362725451 4.43840481937e-11
0.701402805611 4.41652605628e-11
0.721442885772 4.39727572538e-11
0.741482965932 4.37999904109e-11
0.761523046092 4.35868038383e-11
0.781563126253 4.33889492475e-11
0.801603206413 4.32114498314e-11
0.821643286573 4.28795519301e-11
0.841683366733 4.24542380913e-11
0.861723446894 4.20557296544e-11
0.881763527054 4.15901893725e-11
0.901803607214 4.08993342245e-11
0.921843687375 4.0245764759e-11
0.941883767535 3.96254348097e-11
0.961923847695 3.89010319502e-11
0.981963927856 3.82017031336e-11
1.00200400802 3.75373067185e-11
1.02204408818 3.69652188474e-11
1.04208416834 3.64587669718e-11
1.0621242485 3.59736874108e-11
1.08216432866 3.54921204919e-11
1.10220440882 3.49918346979e-11
1.12224448898 3.45120932003e-11
1.14228456914 3.40553787024e-11
1.1623246493 3.34704553238e-11
1.18236472946 3.28983641412e-11
1.20240480962 3.23475040129e-11
1.22244488978 3.1805835292e-11
1.24248496994 3.12766553468e-11
1.2625250501 3.07658248633e-11
1.28256513026 3.02792791049e-11
1.30260521042 2.98274194166e-11
1.32264529058 2.93905567441e-11
1.34268537074 2.89678665643e-11
1.3627254509 2.8607018632e-11
1.38276553106 2.82601381759e-11
1.40280561122 2.79234187664e-11
1.42284569138 2.75608786039e-11
1.44288577154 2.71875420348e-11
1.4629258517 2.68250761721e-11
1.48296593186 2.64777272923e-11
1.50300601202 2.61522287465e-11
1.52304609218 2.58359086321e-11
1.54308617234 2.55302321102e-11
1.56312625251 2.51751342673e-11
1.58316633267 2.48271651426e-11
1.60320641283 2.44884336854e-11
1.62324649299 2.41596575692e-11
1.64328657315 2.38399959401e-11
1.66332665331 2.35282462305e-11
1.68336673347 2.3237119257e-11
1.70340681363 2.29838990243e-11
1.72344689379 2.27368910452e-11
1.74348697395 2.24957226129e-11
1.76352705411 2.21273087128e-11
1.78356713427 2.17634282389e-11
1.80360721443 2.14079970894e-11
1.82364729459 2.11033149692e-11
1.84368737475 2.08292565653e-11
1.86372745491 2.05613442097e-11
1.88376753507 2.03360176425e-11
1.90380761523 2.01963691829e-11
1.92384769539 2.0059776123e-11
1.94388777555 1.99261380629e-11
1.96392785571 1.96556455079e-11
1.98396793587 1.93879937638e-11
2.00400801603 1.91233818748e-11
2.02404809619 1.88750556717e-11
2.04408817635 1.86321138195e-11
2.06412825651 1.83940669796e-11
2.08416833667 1.81617369066e-11
2.10420841683 1.79360315279e-11
2.12424849699 1.7714736944e-11
2.14428857715 1.74977237982e-11
2.16432865731 1.72756748232e-11
2.18436873747 1.70577468532e-11
2.20440881764 1.6843910702e-11
2.2244488978 1.66068536117e-11
2.24448897796 1.63603017091e-11
2.26452905812 1.61182406802e-11
2.28456913828 1.58764047029e-11
2.30460921844 1.56305756698e-11
2.3246492986 1.53891001007e-11
2.34468937876 1.51518939113e-11
2.36472945892 1.49658983761e-11
2.38476953908 1.4783115341e-11
2.40480961924 1.46034615788e-11
2.4248496994 1.44218804677e-11
2.44488977956 1.42409315939e-11
2.46492985972 1.40629999879e-11
2.48496993988 1.38650324504e-11
2.50501002004 1.36262407954e-11
2.5250501002 1.33913226157e-11
2.54509018036 1.31611985132e-11
2.56513026052 1.3025265515e-11
2.58517034068 1.28914918608e-11
2.60521042084 1.27598261106e-11
2.625250501 1.25819080124e-11
2.64529058116 1.238429786e-11
2.66533066132 1.21897186679e-11
2.68537074148 1.19996129387e-11
2.70541082164 1.18151505352e-11
2.7254509018 1.16334527726e-11
2.74549098196 1.14550160128e-11
2.76553106212 1.13046430792e-11
2.78557114228 1.11564752225e-11
2.80561122244 1.1010463964e-11
2.82565130261 1.080961594e-11
2.84569138277 1.05864132444e-11
2.86573146293 1.03663820106e-11
2.88577154309 1.01785211806e-11
2.90581162325 1.00442602749e-11
2.92585170341 9.91187017925e-12
2.94589178357 9.78011702349e-12
2.96593186373 9.61389321842e-12
2.98597194389 9.44993473276e-12
3.00601202405 9.2881952948e-12
3.02605210421 9.12611023438e-12
3.04609218437 8.96512533794e-12
3.06613226453 8.80627495532e-12
3.08617234469 8.65284215931e-12
3.10621242485 8.5069967221e-12
3.12625250501 8.36304708913e-12
3.14629258517 8.22150947977e-12
3.16633266533 8.09432214496e-12
3.18637274549 7.96875648657e-12
3.20641282565 7.84478151619e-12
3.22645290581 7.69797243022e-12
3.24649298597 7.5431981235e-12
3.26653306613 7.39034594106e-12
3.28657314629 7.23376184397e-12
3.30661322645 7.07007310276e-12
3.32665330661 6.90837900922e-12
3.34669338677 6.75057777754e-12
3.36673346693 6.62949241118e-12
3.38677354709 6.50985659243e-12
3.40681362725 6.39164431889e-12
3.42685370741 6.26875267309e-12
3.44689378758 6.14498455532e-12
3.46693386774 6.02266270558e-12
3.4869739479 5.90378593116e-12
3.50701402806 5.7893960299e-12
3.52705410822 5.67631959171e-12
3.54709418838 5.56368158305e-12
3.56713426854 5.43964626961e-12
3.5871743487 5.31701039619e-12
3.60721442886 5.19575030806e-12
3.62725450902 5.0815646923e-12
3.64729458918 4.97072067987e-12
3.66733466934 4.86109947264e-12
3.6873747495 4.75626361113e-12
3.70741482966 4.65785228215e-12
3.72745490982 4.56050887696e-12
3.74749498998 4.46450343945e-12
3.76753507014 4.37315791118e-12
3.7875751503 4.28278763175e-12
3.80761523046 4.19337700182e-12
3.82765531062 4.09300970525e-12
3.84769539078 3.98960440957e-12
3.86773547094 3.88727946949e-12
3.8877755511 3.79178799925e-12
3.90781563126 3.70543453267e-12
3.92785571142 3.61996938223e-12
3.94789579158 3.53597661075e-12
3.96793587174 3.45937953586e-12
3.9879759519 3.38355840958e-12
4.00801603206 3.30850145592e-12
4.02805611222 3.22710398761e-12
4.04809619238 3.14420912067e-12
4.06813627255 3.06213700034e-12
4.08817635271 2.98633104298e-12
4.10821643287 2.91865807706e-12
4.12825651303 2.85164697311e-12
4.14829659319 2.78504064189e-12
4.16833667335 2.71669761872e-12
4.18837675351 2.64901320895e-12
4.20841683367 2.58197790486e-12
4.22845691383 2.52023872617e-12
4.24849699399 2.46051915488e-12
4.26853707415 2.40136416857e-12
4.28857715431 2.3413418993e-12
4.30861723447 2.28003274104e-12
4.32865731463 2.21929497149e-12
4.34869739479 2.15978688342e-12
4.36873747495 2.10654073652e-12
4.38877755511 2.05378398751e-12
4.40881763527 2.00150989802e-12
4.42885771543 1.95334272498e-12
4.44889779559 1.90666681043e-12
4.46893787575 1.86041213331e-12
4.48897795591 1.81418613702e-12
4.50901803607 1.76789173677e-12
4.52905811623 1.72200948845e-12
4.54909819639 1.67675994642e-12
4.56913827655 1.63365264951e-12
4.58917835671 1.59092404365e-12
4.60921843687 1.54856914528e-12
4.62925851703 1.50704899701e-12
4.64929859719 1.46601627665e-12
4.66933867735 1.42533774727e-12
4.68937875752 1.38713848773e-12
4.70941883768 1.35181045632e-12
4.72945891784 1.31678347825e-12
4.749498998 1.28170154147e-12
4.76953907816 1.24445426942e-12
4.78957915832 1.2075203409e-12
4.80961923848 1.17089580725e-12
4.82965931864 1.1379641246e-12
4.8496993988 1.10617691758e-12
4.86973947896 1.07465268841e-12
4.88977955912 1.04407413632e-12
4.90981963928 1.01453273172e-12
4.92985971944 9.85232714845e-13
4.9498997996 9.56557911841e-13
4.96993987976 9.30583181983e-13
4.98997995992 9.04818124311e-13
5.01002004008 8.79733430176e-13
5.03006012024 8.5528696711e-13
5.0501002004 8.31035465777e-13
5.07014028056 8.08244443651e-13
5.09018036072 7.85659774385e-13
5.11022044088 7.63253081078e-13
5.13026052104 7.41022262511e-13
5.1503006012 7.18965250507e-13
5.17034068136 6.98638887308e-13
5.19038076152 6.78570378043e-13
5.21042084168 6.58656946924e-13
5.23046092184 6.38896798574e-13
5.250501002 6.19288165304e-13
5.27054108216 6.01606572773e-13
5.29058116232 5.84258434553e-13
5.31062124248 5.67041804035e-13
5.33066132265 5.49955187611e-13
5.35070140281 5.32997114274e-13
5.37074148297 5.16653350427e-13
5.39078156313 5.00511555071e-13
5.41082164329 4.84489832664e-13
5.43086172345 4.68586845022e-13
5.45090180361 4.52801273832e-13
5.47094188377 4.38678796852e-13
5.49098196393 4.2500228997e-13
5.51102204409 4.11425656114e-13
5.53106212425 3.97947802529e-13
5.55110220441 3.84567652388e-13
5.57114228457 3.71847604205e-13
5.59118236473 3.59379530544e-13
5.61122244489 3.47000864496e-13
5.63126252505 3.34710645447e-13
5.65130260521 3.22507926533e-13
5.67134268537 3.11416835936e-13
5.69138276553 3.00767984014e-13
5.71142284569 2.90194146116e-13
5.73146292585 2.79694530462e-13
5.75150300601 2.69268356408e-13
5.77154308617 2.59286004641e-13
5.79158316633 2.49533808522e-13
5.81162324649 2.39849115137e-13
5.83166332665 2.3023122439e-13
5.85170340681 2.20679445859e-13
5.87174348697 2.11646690332e-13
5.89178356713 2.02912061367e-13
5.91182364729 1.94236859056e-13
5.93186372745 1.85620477587e-13
5.95190380762 1.77062319373e-13
5.97194388778 1.6939928088e-13
5.99198396794 1.6230764431e-13
6.0120240481 1.55263449019e-13
6.03206412826 1.48266219417e-13
6.05210420842 1.4131548627e-13
6.07214428858 1.34758133833e-13
6.09218436874 1.28499159399e-13
6.1122244489 1.22281364839e-13
6.13226452906 1.16104344138e-13
6.15230460922 1.09967696617e-13
6.17234468938 1.04072591721e-13
6.19238476954 9.8390136073e-14
6.2124248497 9.27444594943e-14
6.23246492986 8.71352052554e-14
6.25250501002 8.15620212391e-14
6.27254509018 7.64490145124e-14
6.29258517034 7.18003884416e-14
6.3126252505 6.7181370786e-14
6.33266533066 6.25916789127e-14
6.35270541082 5.80310337856e-14
6.37274549098 5.37917396403e-14
6.39278557114 4.99290726274e-14
6.4128256513 4.60906220903e-14
6.43286573146 4.22761604716e-14
6.45290581162 3.84854630654e-14
6.47294589178 3.51521482303e-14
6.49298597194 3.24512402391e-14
6.5130260521 2.97670058581e-14
6.53306613226 2.70992907581e-14
6.55310621242 2.4447942516e-14
6.57314629259 2.21149909989e-14
6.59318637275 2.03011263866e-14
6.61322645291 1.84982913308e-14
6.63326653307 1.6706385226e-14
6.65330661323 1.49253086922e-14
6.67334669339 1.32149679167e-14
6.69338677355 1.16345590088e-14
6.71342685371 1.00636158626e-14
6.73346693387 8.50205342744e-15
6.75350701403 6.94978767386e-15
6.77354709419 5.56906933822e-15
6.79358717435 4.5872264243e-15
6.81362725451 3.61117955329e-15
6.83366733467 2.64087735238e-15
6.85370741483 1.67626905808e-15
6.87374749499 9.16380754876e-16
6.89378757515 7.48496258803e-16
6.91382765531 5.81593860743e-16
6.93386773547 4.15664833341e-16
6.95390781563 2.5070055531e-16
6.97394789579 1.17685094272e-16
6.99398797595 1.00225313277e-16
7.01402805611 8.2871341048e-17
7.03406813627 6.5622111492e-17
7.05410821643 4.84765750114e-17
7.07414829659 3.33685523869e-17
7.09418837675 2.76573976373e-17
7.11422845691 2.19834893816e-17
7.13426853707 1.63463763574e-17
7.15430861723 1.07456160959e-17
7.17434869739 5.88356316564e-18
7.19438877756 5.68897296247e-18
7.21442885772 5.49976408221e-18
7.23446893788 5.31577452811e-18
7.25450901804 5.1368472922e-18
7.2745490982 4.96467523754e-18
7.29458917836 4.81565224486e-18
7.31462925852 4.67113787944e-18
7.33466933868 4.53099449045e-18
7.35470941884 4.39508867394e-18
7.374749499 4.2632911402e-18
7.39478957916 4.13547658534e-18
7.41482965932 4.01152356692e-18
7.43486973948 3.89131438352e-18
7.45490981964 3.77473495812e-18
7.4749498998 3.66167472519e-18
7.49498997996 3.55202652127e-18
7.51503006012 3.44568647911e-18
7.53507014028 3.34255392505e-18
7.55511022044 3.24253127973e-18
7.5751503006 3.14552396186e-18
7.59519038076 3.05144029504e-18
7.61523046092 2.96019141755e-18
7.63527054108 2.87169119492e-18
7.65531062124 2.78585613529e-18
7.6753507014 2.70260530745e-18
7.69539078156 2.62186026138e-18
7.71543086172 2.54354495138e-18
7.73547094188 2.46758566155e-18
7.75551102204 2.39391093361e-18
7.7755511022 2.32245149705e-18
7.79559118236 2.25314020136e-18
7.81563126253 2.1859119505e-18
7.83567134269 2.12070363934e-18
7.85571142285 2.05745409213e-18
7.87575150301 1.99610400285e-18
7.89579158317 1.93659587752e-18
7.91583166333 1.87887397822e-18
7.93587174349 1.82288426886e-18
7.95591182365 1.76857436274e-18
7.97595190381 1.71589347165e-18
7.99599198397 1.66479235659e-18
8.01603206413 1.61522328004e-18
8.03607214429 1.5671399597e-18
8.05611222445 1.52049752368e-18
8.07615230461 1.47525246712e-18
8.09619238477 1.43136261004e-18
8.11623246493 1.38878705671e-18
8.13627254509 1.34748615605e-18
8.15631262525 1.30742146344e-18
8.17635270541 1.26855570364e-18
8.19639278557 1.23085273484e-18
8.21643286573 1.19427751393e-18
8.23647294589 1.1587960627e-18
8.25651302605 1.12437543521e-18
8.27655310621 1.09098368613e-18
8.29659318637 1.05858984006e-18
8.31663326653 1.02716386179e-18
8.33667334669 9.96676627486e-19
8.35671342685 9.67099896811e-19
8.37675350701 9.38406285844e-19
8.39679358717 9.1056924088e-19
8.41683366733 8.83563013022e-19
8.43687374749 8.57362633569e-19
8.45691382766 8.3194389016e-19
8.47695390782 8.07283303649e-19
8.49699398798 7.83358105711e-19
8.51703406814 7.60146217118e-19
8.5370741483 7.37626226705e-19
8.55711422846 7.15777370971e-19
8.57715430862 6.94579514317e-19
8.59719438878 6.74013129889e-19
8.61723446894 6.54059281014e-19
8.6372745491 6.34699603205e-19
8.65731462926 6.15916286726e-19
8.67735470942 5.97692059683e-19
8.69739478958 5.80010171649e-19
8.71743486974 5.6285437778e-19
8.7374749499 5.46208923428e-19
8.75751503006 5.30058529221e-19
8.77755511022 5.14388376609e-19
8.79759519038 4.99184093845e-19
8.81763527054 4.844317424e-19
8.8376753507 4.70117803803e-19
8.85771543086 4.56229166867e-19
8.87775551102 4.42753115326e-19
8.89779559118 4.29677315839e-19
8.91783567134 4.16989806362e-19
8.9378757515 4.04678984887e-19
8.95791583166 3.9273359851e-19
8.97795591182 3.81142732847e-19
8.99799599198 3.6989580177e-19
9.01803607214 3.58982537451e-19
9.0380761523 3.48392980719e-19
9.05811623246 3.3811747171e-19
9.07815631263 3.28146640799e-19
9.09819639279 3.1847139981e-19
9.11823647295 3.090829335e-19
9.13827655311 2.99972691296e-19
9.15831663327 2.9113237929e-19
9.17835671343 2.82553952473e-19
9.19839679359 2.74229607209e-19
9.21843687375 2.66151773941e-19
9.23847695391 2.58313110113e-19
9.25851703407 2.50706493315e-19
9.27855711423 2.43325014627e-19
9.29859719439 2.36161972181e-19
9.31863727455 2.29210864903e-19
9.33867735471 2.22465386455e-19
9.35871743487 2.15919419358e-19
9.37875751503 2.09567029297e-19
9.39879759519 2.03402459596e-19
9.41883767535 1.97420125861e-19
9.43887775551 1.91614610787e-19
9.45891783567 1.85980659124e-19
9.47895791583 1.80513172795e-19
9.49899799599 1.75207206157e-19
9.51903807615 1.7005796142e-19
9.53907815631 1.65060784186e-19
9.55911823647 1.60211159141e-19
9.57915831663 1.55504705864e-19
9.59919839679 1.50937174774e-19
9.61923847695 1.46504443191e-19
9.63927855711 1.42202511523e-19
9.65931863727 1.38027499564e-19
9.67935871743 1.33975642908e-19
9.6993987976 1.30043289468e-19
9.71943887776 1.26226896103e-19
9.73947895792 1.22523025344e-19
9.75951903808 1.18928342225e-19
9.77955911824 1.15439611203e-19
9.7995991984 1.12053693175e-19
9.81963927856 1.08767542586e-19
9.83967935872 1.0557820462e-19
9.85971943888 1.0248281248e-19
9.87975951904 9.94785847519e-20
9.8997995992 0.0
9.91983967936 0.0
9.93987975952 0.0
9.95991983968 0.0
9.97995991984 0.0
10.0 0.0
