0.0 0.0
0.0200400801603 0.0
0.0400801603206 0.0
0.060120240481 0.0
0.0801603206413 0.0
0.100200400802 0.0
0.120240480962 0.0
0.140280561122 0.0
0.160320641283 0.0
0.180360721443 0.0
0.200400801603 4.85024366703e-11
0.220440881764 1.01522190949e-09
0.240480961924 8.12794536851e-10
0.260521042084 2.34560549345e-11
0.280561122244 2.43849852508e-11
0.300601202405 2.52453086914e-11
0.320641282565 2.64759970316e-11
0.340681362725 2.81533799794e-11
0.360721442886 2.91152861772e-11
0.380761523046 2.99317604457e-11
0.400801603206 3.06746986917e-11
0.420841683367 3.13753863006e-11
0.440881763527 3.20346852886e-11
0.460921843687 3.26423617422e-11
0.480961923848 3.31824852178e-11
0.501002004008 3.36175108489e-11
0.521042084168 3.40241897474e-11
0.541082164329 3.4400380042e-11
0.561122244489 3.47405925639e-11
0.581162324649 3.50596742229e-11
0.60120240481 3.53591015454e-11
0.62124248497 3.56181019226e-11
0.64128256513 3.58474341254e-11
0.661322645291 3.60659875518e-11
0.681362725451 3.62260000423e-11
0.701402805611 3.62325293135e-11
0.721442885772 3.62412734855e-11
0.741482965932 3.62492794335e-11
0.761523046092 3.6209155614e-11
0.781563126253 3.61687592357e-11
0.801603206413 3.61341545029e-11
0.821643286573 3.59602175926e-11
0.841683366733 3.56980882835e-11
0.861723446894 3.54494234102e-11
0.881763527054 3.51359650594e-11
0.901803607214 3.46244356629e-11
0.921843687375 3.41370735641e-11
0.941883767535 3.36712204218e-11
0.961923847695 3.31109352507e-11
0.981963927856 3.25663914536e-11
1.00200400802 3.20468072377e-11
1.02204408818 3.16016972646e-11
1.04208416834 3.12087998747e-11
1.0621242485 3.0830605796e-11
1.08216432866 3.04519483921e-11
1.10220440882 3.00543460462e-11
1.12224448898 2.96717197227e-11
1.14228456914 2.93068961513e-11
1.1623246493 2.88294763662e-11
1.18236472946 2.83608586331e-11
1.20240480962 2.79084733402e-11
1.22244488978 2.74621232155e-11
1.24248496994 2.70248114434e-11
1.2625250501 2.6601726447e-11
1.28256513026 2.61981128679e-11
1.30260521042 2.5823165269e-11
1.32264529058 2.54599773451e-11
1.34268537074 2.51079283861e-11
1.3627254509 2.48084438569e-11
1.38276553106 2.45201492575e-11
1.40280561122 2.42397437902e-11
1.42284569138 2.39360854857e-11
1.44288577154 2.36222854452e-11
1.4629258517 2.33171883455e-11
1.48296593186 2.30245188417e-11
1.50300601202 2.27502260232e-11
1.52304609218 2.24833428867e-11
1.54308617234 2.22254016359e-11
1.56312625251 2.19239338956e-11
1.58316633267 2.16281663984e-11
1.60320641283 2.1339971353e-11
1.62324649299 2.10600064421e-11
1.64328657315 2.07875691516e-11
1.66332665331 2.05216135124e-11
1.68336673347 2.02732212392e-11
1.70340681363 2.00575632672e-11
1.72344689379 1.98470233379e-11
1.74348697395 1.96412783964e-11
1.76352705411 1.93241668214e-11
1.78356713427 1.90107068759e-11
1.80360721443 1.87043380964e-11
1.82364729459 1.84420351951e-11
1.84368737475 1.82062510509e-11
1.86372745491 1.79756186263e-11
1.88376753507 1.7782007373e-11
1.90380761523 1.76631270431e-11
1.92384769539 1.75467701238e-11
1.94388777555 1.74328567264e-11
1.96392785571 1.71990821938e-11
1.98396793587 1.69676249117e-11
2.00400801603 1.67383744972e-11
2.02404809619 1.65238491556e-11
2.04408817635 1.63135808592e-11
2.06412825651 1.6107465685e-11
2.08416833667 1.59062305195e-11
2.10420841683 1.57106777379e-11
2.12424849699 1.55188753564e-11
2.14428857715 1.53307160964e-11
2.16432865731 1.51380425199e-11
2.18436873747 1.49488805586e-11
2.20440881764 1.47632098063e-11
2.2244488978 1.45570969964e-11
2.24448897796 1.43425701868e-11
2.26452905812 1.41318905388e-11
2.28456913828 1.39213226981e-11
2.30460921844 1.37071713509e-11
2.3246492986 1.34967577064e-11
2.34468937876 1.32900121028e-11
2.36472945892 1.31281103288e-11
2.38476953908 1.2968964896e-11
2.40480961924 1.28125057632e-11
2.4248496994 1.26542993834e-11
2.44488977956 1.24965930966e-11
2.46492985972 1.23414817801e-11
2.48496993988 1.21687372704e-11
2.50501002004 1.19601125483e-11
2.5250501002 1.17548320919e-11
2.54509018036 1.15537066562e-11
2.56513026052 1.1435215225e-11
2.58517034068 1.13185827716e-11
2.60521042084 1.12037657408e-11
2.625250501 1.10483039056e-11
2.64529058116 1.08755122843e-11
2.66533066132 1.07053428256e-11
2.68537074148 1.0539064138e-11
2.70541082164 1.03777056341e-11
2.7254509018 1.02187409858e-11
2.74549098196 1.00626077097e-11
2.76553106212 9.93109482383e-12
2.78557114228 9.80149129903e-12
2.80561122244 9.67375572595e-12
2.82565130261 9.49781603932e-12
2.84569138277 9.30220469311e-12
2.86573146293 9.10934859684e-12
2.88577154309 8.94473114716e-12
2.90581162325 8.82718921394e-12
2.92585170341 8.71127057313e-12
2.94589178357 8.59589167858e-12
2.96593186373 8.45019716881e-12
2.98597194389 8.30647200059e-12
3.00601202405 8.16467640411e-12
3.02605210421 8.02255684104e-12
3.04609218437 7.88138477573e-12
3.06613226453 7.74207018456e-12
3.08617234469 7.60750011619e-12
3.10621242485 7.47958329413e-12
3.12625250501 7.35331694374e-12
3.14629258517 7.22915560033e-12
3.16633266533 7.11759704959e-12
3.18637274549 7.00745070351e-12
3.20641282565 6.89868984489e-12
3.22645290581 6.76983618727e-12
3.24649298597 6.63396380062e-12
3.26653306613 6.49976770784e-12
3.28657314629 6.36227584377e-12
3.30661322645 6.21852186574e-12
3.32665330661 6.07650868643e-12
3.34669338677 5.93790645037e-12
3.36673346693 5.83158696715e-12
3.38677354709 5.72653243205e-12
3.40681362725 5.62272034975e-12
3.42685370741 5.51478243908e-12
3.44689378758 5.40606401231e-12
3.46693386774 5.2986086394e-12
3.4869739479 5.19417514479e-12
3.50701402806 5.09368058009e-12
3.52705410822 4.99433347865e-12
3.54709418838 4.89536424606e-12
3.56713426854 4.78635924953e-12
3.5871743487 4.67857757376e-12
3.60721442886 4.57199869678e-12
3.62725450902 4.47163738379e-12
3.64729458918 4.3742095257e-12
3.66733466934 4.27785100958e-12
3.6873747495 4.18569712449e-12
3.70741482966 4.09919086176e-12
3.72745490982 4.01361870701e-12
3.74749498998 3.92921851648e-12
3.76753507014 3.84891410554e-12
3.7875751503 3.76946297634e-12
3.80761523046 3.69085157246e-12
3.82765531062 3.60259192001e-12
3.84769539078 3.51165325139e-12
3.86773547094 3.42166043269e-12
3.8877755511 3.33767757035e-12
3.90781563126 3.26173366445e-12
3.92785571142 3.18656757888e-12
3.94789579158 3.11269358005e-12
3.96793587174 3.04532601015e-12
3.9879759519 2.97863799438e-12
4.00801603206 2.91261928176e-12
4.02805611222 2.84101550444e-12
4.04809619238 2.76809004341e-12
4.06813627255 2.69588547193e-12
4.08817635271 2.62919418214e-12
4.10821643287 2.56966009448e-12
4.12825651303 2.51070598095e-12
4.14829659319 2.45210558065e-12
4.16833667335 2.39197352877e-12
4.18837675351 2.33241876699e-12
4.20841683367 2.27343300659e-12
4.22845691383 2.21910797245e-12
4.24849699399 2.16655896187e-12
4.26853707415 2.11450493501e-12
4.28857715431 2.06168515506e-12
4.30861723447 2.00773014594e-12
4.32865731463 1.95427621773e-12
4.34869739479 1.90190310838e-12
4.36873747495 1.85504223836e-12
4.38877755511 1.80861060168e-12
4.40881763527 1.76260231723e-12
4.42885771543 1.72020904248e-12
4.44889779559 1.67912752093e-12
4.46893787575 1.6384155244e-12
4.48897795591 1.59772738666e-12
4.50901803607 1.5569776355e-12
4.52905811623 1.51658951277e-12
4.54909819639 1.47675730001e-12
4.56913827655 1.43881050704e-12
4.58917835671 1.40119603474e-12
4.60921843687 1.36390952914e-12
4.62925851703 1.32735708409e-12
4.64929859719 1.29123284315e-12
4.66933867735 1.25541949222e-12
4.68937875752 1.22178877775e-12
4.70941883768 1.19068602855e-12
4.72945891784 1.15984755359e-12
4.749498998 1.12895980077e-12
4.76953907816 1.0961639304e-12
4.78957915832 1.06364317765e-12
4.80961923848 1.03139408955e-12
4.82965931864 1.00239699406e-12
4.8496993988 9.74407262736e-13
4.86973947896 9.46648461053e-13
4.88977955912 9.1972198148e-13
4.90981963928 8.93708437594e-13
4.92985971944 8.67906890421e-13
4.9498997996 8.42655470981e-13
4.96993987976 8.19781973826e-13
4.98997995992 7.97092636944e-13
5.01002004008 7.75002120777e-13
5.03006012024 7.53473335993e-13
5.0501002004 7.32115811229e-13
5.07014028056 7.12044423211e-13
5.09018036072 6.92154377743e-13
5.11022044088 6.72420688174e-13
5.13026052104 6.52841514995e-13
5.1503006012 6.33415047492e-13
5.17034068136 6.15512867754e-13
5.19038076152 5.97837486136e-13
5.21042084168 5.80298368143e-13
5.23046092184 5.62893941504e-13
5.250501002 5.45622658093e-13
5.27054108216 5.30048825573e-13
5.29058116232 5.14768476624e-13
5.31062124248 4.99603698639e-13
5.33066132265 4.84553183228e-13
5.35070140281 4.69615641716e-13
5.37074148297 4.55219075754e-13
5.39078156313 4.41000198258e-13
5.41082164329 4.26886860665e-13
5.43086172345 4.12877890384e-13
5.45090180361 3.98972132166e-13
5.47094188377 3.86531496504e-13
5.49098196393 3.7448359814e-13
5.51102204409 3.62523496727e-13
5.53106212425 3.50650234475e-13
5.55110220441 3.38862867507e-13
5.57114228457 3.27656951096e-13
5.59118236473 3.16672881641e-13
5.61122244489 3.05767420719e-13
5.63126252505 2.94939726137e-13
5.65130260521 2.84188967721e-13
5.67134268537 2.74417578943e-13
5.69138276553 2.65035733153e-13
5.71142284569 2.55719849235e-13
5.73146292585 2.46469232852e-13
5.75150300601 2.37283199397e-13
5.77154308617 2.28488130691e-13
5.79158316633 2.19895752435e-13
5.81162324649 2.11362739093e-13
5.83166332665 2.0288847658e-13
5.85170340681 1.94472359272e-13
5.87174348697 1.86513506421e-13
5.89178356713 1.7881726726e-13
5.91182364729 1.71173297056e-13
5.93186372745 1.63581064303e-13
5.95190380762 1.56040044695e-13
5.97194388778 1.49287757076e-13
5.99198396794 1.43038937947e-13
6.0120240481 1.36831850527e-13
6.03206412826 1.3066607747e-13
6.05210420842 1.24541206993e-13
6.07214428858 1.18762941903e-13
6.09218436874 1.13247564783e-13
6.1122244489 1.07768415586e-13
6.13226452906 1.02325137949e-13
6.15230460922 9.69173801773e-14
6.17234468938 9.17224344695e-14
6.19238476954 8.67148411026e-14
6.2124248497 8.1739607605e-14
6.23246492986 7.67964208105e-14
6.25250501002 7.18849715908e-14
6.27254509018 6.73790366918e-14
6.29258517034 6.32823274353e-14
6.3126252505 5.92116716625e-14
6.33266533066 5.51668212048e-14
6.35270541082 5.11475310441e-14
6.37274549098 4.74114230309e-14
6.39278557114 4.40072193433e-14
6.4128256513 4.0624326731e-14
6.43286573146 3.72625453463e-14
6.45290581162 3.39216778395e-14
6.47294589178 3.09839013599e-14
6.49298597194 2.86034829535e-14
6.5130260521 2.62377392602e-14
6.53306613226 2.38865347109e-14
6.55310621242 2.1549735407e-14
6.57314629259 1.94935465936e-14
6.59318637275 1.78948584069e-14
6.61322645291 1.63058786056e-14
6.63326653307 1.47265187891e-14
6.65330661323 1.31566916316e-14
6.67334669339 1.16491989831e-14
6.69338677355 1.02562177005e-14
6.71342685371 8.87156907688e-15
6.73346693387 7.49517836703e-15
6.75350701403 6.12697172145e-15
6.77354709419 4.90996081651e-15
6.79358717435 4.04452040523e-15
6.81362725451 3.18418295265e-15
6.83366733467 2.32890329353e-15
6.85370741483 1.47863679765e-15
6.87374749499 8.08813096023e-16
6.89378757515 6.6080298709e-16
6.91382765531 5.13658390862e-16
6.93386773547 3.67371608742e-16
6.95390781563 2.2193503606e-16
6.97394789579 1.04659770481e-16
6.99398797595 8.92421741771e-17
7.01402805611 7.39185770696e-17
7.03406813627 5.86880159032e-17
7.05410821643 4.35495427163e-17
7.07414829659 3.0207744606e-17
7.09418837675 2.51497063124e-17
7.11422845691 2.01251893338e-17
7.13426853707 1.513377447e-17
7.15430861723 1.01750509426e-17
7.17434869739 5.86811527315e-18
7.19438877756 5.67611374275e-18
7.21442885772 5.4894752434e-18
7.23446893788 5.30803805864e-18
7.25450901804 5.13164545338e-18
7.2745490982 4.96177192266e-18
7.29458917836 4.81285154555e-18
7.31462925852 4.66843610741e-18
7.33466933868 4.52838809245e-18
7.35470941884 4.39257422667e-18
7.374749499 4.26086534552e-18
7.39478957916 4.13313626555e-18
7.41482965932 4.0092656603e-18
7.43486973948 3.88913594002e-18
7.45490981964 3.7726331352e-18
7.4749498998 3.65964678381e-18
7.49498997996 3.55006982205e-18
7.51503006012 3.44379847865e-18
7.53507014028 3.34073217237e-18
7.55511022044 3.24077341283e-18
7.5751503006 3.14382770444e-18
7.59519038076 3.04980345333e-18
7.61523046092 2.95861187725e-18
7.63527054108 2.87016691829e-18
7.65531062124 2.7843851583e-18
7.6753507014 2.70118573707e-18
7.69539078156 2.62049027298e-18
7.71543086172 2.54222278619e-18
7.73547094188 2.46630962425e-18
7.75551102204 2.39267939001e-18
7.7755511022 2.32126287181e-18
7.79559118236 2.25199297588e-18
7.81563126253 2.1848046608e-18
7.83567134269 2.11963487407e-18
7.85571142285 2.05642249065e-18
7.87575150301 1.99510825337e-18
7.89579158317 1.93563471533e-18
7.91583166333 1.87794618392e-18
7.93587174349 1.82198866679e-18
7.95591182365 1.7677098193e-18
7.97595190381 1.71505889383e-18
7.99599198397 1.66398669044e-18
8.01603206413 1.6144455093e-18
8.03607214429 1.56638910439e-18
8.05611222445 1.51977263881e-18
8.07615230461 1.47455264138e-18
8.09619238477 1.43068696464e-18
8.11623246493 1.38813474413e-18
8.13627254509 1.34685635896e-18
8.15631262525 1.30681339359e-18
8.17635270541 1.26796860079e-18
8.19639278557 1.23028586579e-18
8.21643286573 1.19373017149e-18
8.23647294589 1.15826756478e-18
8.25651302605 1.12386512393e-18
8.27655310621 1.09049092692e-18
8.29659318637 1.05811402082e-18
8.31663326653 1.02670439209e-18
8.33667334669 9.962329378e-19
8.35671342685 9.66671437736e-19
8.37675350701 9.37992527398e-19
8.39679358717 9.10169671796e-19
8.41683366733 8.8317714008e-19
8.43687374749 8.56989980946e-19
8.45691382766 8.31583998807e-19
8.47695390782 8.06935730694e-19
8.49699398798 7.83022423872e-19
8.51703406814 7.59822014153e-19
8.5370741483 7.37313104871e-19
8.55711422846 7.15474946505e-19
8.57715430862 6.94287416939e-19
8.59719438878 6.73731002319e-19
8.61723446894 6.53786778511e-19
8.6372745491 6.34436393117e-19
8.65731462926 6.15662048062e-19
8.67735470942 5.97446482697e-19
8.69739478958 5.79772957439e-19
8.71743486974 5.62625237904e-19
8.7374749499 5.45987579532e-19
8.75751503006 5.29844712681e-19
8.77755511022 5.14181828184e-19
8.79759519038 4.98984563346e-19
8.81763527054 4.84238988371e-19
8.8376753507 4.69931593206e-19
8.85771543086 4.56049274791e-19
8.87775551102 4.42579324694e-19
8.89779559118 4.29509417132e-19
8.91783567134 4.16827597356e-19
8.9378757515 4.0452227039e-19
8.95791583166 3.92582190118e-19
8.97795591182 3.80996448702e-19
8.99799599198 3.69754466328e-19
9.01803607214 3.58845981264e-19
9.0380761523 3.48261040217e-19
9.05811623246 3.37989988995e-19
9.07815631263 3.28023463445e-19
9.09819639279 3.18352380671e-19
9.11823647295 3.08967930526e-19
9.13827655311 2.99861567352e-19
9.15831663327 2.91025001983e-19
9.17835671343 2.82450193989e-19
9.19839679359 2.74129344149e-19
9.21843687375 2.66054887167e-19
9.23847695391 2.58219484601e-19
9.25851703407 2.50616018008e-19
9.27855711423 2.432375823e-19
9.29859719439 2.36077479303e-19
9.31863727455 2.2912921151e-19
9.33867735471 2.22386476024e-19
9.35871743487 2.15843158691e-19
9.37875751503 2.094933284e-19
9.39879759519 2.0333123157e-19
9.41883767535 1.97351286792e-19
9.43887775551 1.91548079646e-19
9.45891783567 1.85916357662e-19
9.47895791583 1.80451025449e-19
9.49899799599 1.75147139957e-19
9.51903807615 1.69999905897e-19
9.53907815631 1.65004671286e-19
9.55911823647 1.60156923141e-19
9.57915831663 1.55452283292e-19
9.59919839679 1.50886504329e-19
9.61923847695 1.4645546567e-19
9.63927855711 1.42155169747e-19
9.65931863727 1.37981738308e-19
9.67935871743 1.33931408833e-19
9.6993987976 1.30000531057e-19
9.71943887776 1.26185563596e-19
9.73947895792 1.2248307068e-19
9.75951903808 1.18889718981e-19
9.77955911824 1.15402274538e-19
9.7995991984 1.12017599777e-19
9.81963927856 1.08732650616e-19
9.83967935872 1.05544473665e-19
9.85971943888 1.02450203501e-19
9.87975951904 9.94470600374e-20
9.8997995992 0.0
9.91983967936 0.0
9.93987975952 0.0
9.95991983968 0.0
9.97995991984 0.0
10.0 0.0
