0.0 0.0
0.0200400801603 0.0
0.0400801603206 0.0
0.060120240481 0.0
0.0801603206413 0.0
0.100200400802 0.0
0.120240480962 0.0
0.140280561122 0.0
0.160320641283 0.0
0.180360721443 0.0
0.200400801603 0.0
0.220440881764 1.5204879938e-09
0.240480961924 1.00802257552e-09
0.260521042084 2.7419050278e-11
0.280561122244 2.77380012123e-11
0.300601202405 2.82620002788e-11
0.320641282565 2.93334126031e-11
0.340681362725 3.096691909e-11
0.360721442886 3.18542126211e-11
0.380761523046 3.26141133234e-11
0.400801603206 3.33168600688e-11
0.420841683367 3.39905944255e-11
0.440881763527 3.46321350873e-11
0.460921843687 3.52276788759e-11
0.480961923848 3.57581478717e-11
0.501002004008 3.61817654509e-11
0.521042084168 3.65802407165e-11
0.541082164329 3.695068007e-11
0.561122244489 3.72861916274e-11
0.581162324649 3.76021484739e-11
0.60120240481 3.78997802617e-11
0.62124248497 3.81564197621e-11
0.64128256513 3.83832558559e-11
0.661322645291 3.86002370244e-11
0.681362725451 3.87559457537e-11
0.701402805611 3.87488163388e-11
0.721442885772 3.87453658971e-11
0.741482965932 3.8742437161e-11
0.761523046092 3.86890818017e-11
0.781563126253 3.86363499579e-11
0.801603206413 3.85904901035e-11
0.821643286573 3.83964553007e-11
0.841683366733 3.81089610576e-11
0.861723446894 3.78365591861e-11
0.881763527054 3.74956996176e-11
0.901803607214 3.69440036813e-11
0.921843687375 3.64186705793e-11
0.941883767535 3.5916859442e-11
0.961923847695 3.53147649167e-11
0.981963927856 3.47299007408e-11
1.00200400802 3.41719430997e-11
1.02204408818 3.36936980964e-11
1.04208416834 3.32714457775e-11
1.0621242485 3.28652184666e-11
1.08216432866 3.24589265159e-11
1.10220440882 3.20326625228e-11
1.12224448898 3.16225723317e-11
1.14228456914 3.12314148769e-11
1.1623246493 3.07204208537e-11
1.18236472946 3.0218993282e-11
1.20240480962 2.97350381093e-11
1.22244488978 2.92576724086e-11
1.24248496994 2.87900820788e-11
1.2625250501 2.83377950903e-11
1.28256513026 2.79064040254e-11
1.30260521042 2.75056638565e-11
1.32264529058 2.71175523282e-11
1.34268537074 2.67414044065e-11
1.3627254509 2.64213350149e-11
1.38276553106 2.61132606461e-11
1.40280561122 2.58136987734e-11
1.42284569138 2.54894579898e-11
1.44288577154 2.515447726e-11
1.4629258517 2.48288324726e-11
1.48296593186 2.45164972113e-11
1.50300601202 2.42237814873e-11
1.52304609218 2.39390018188e-11
1.54308617234 2.36636697794e-11
1.56312625251 2.3342028014e-11
1.58316633267 2.30264987764e-11
1.60320641283 2.27190719684e-11
1.62324649299 2.24204454536e-11
1.64328657315 2.21298690542e-11
1.66332665331 2.18462407366e-11
1.68336673347 2.15813732867e-11
1.70340681363 2.13513840097e-11
1.72344689379 2.11268682113e-11
1.74348697395 2.0907489436e-11
1.76352705411 2.05695732319e-11
1.78356713427 2.02355695819e-11
1.80360721443 1.99091377491e-11
1.82364729459 1.96296369848e-11
1.84368737475 1.93783852989e-11
1.86372745491 1.91326353575e-11
1.88376753507 1.89263101815e-11
1.90380761523 1.87995474449e-11
1.92384769539 1.86754823732e-11
1.94388777555 1.85540292879e-11
1.96392785571 1.83050056242e-11
1.98396793587 1.80584619994e-11
2.00400801603 1.78144384942e-11
2.02404809619 1.75857634733e-11
2.04408817635 1.73618006885e-11
2.06412825651 1.71422679535e-11
2.08416833667 1.69279383572e-11
2.10420841683 1.67196653251e-11
2.12424849699 1.65153920944e-11
2.14428857715 1.6315004034e-11
2.16432865731 1.61098189407e-11
2.18436873747 1.59083784044e-11
2.20440881764 1.57106603175e-11
2.2244488978 1.54911934557e-11
2.24448897796 1.52627788733e-11
2.26452905812 1.50384652007e-11
2.28456913828 1.48142768607e-11
2.30460921844 1.45862810445e-11
2.3246492986 1.43622688349e-11
2.34468937876 1.41421657853e-11
2.36472945892 1.39697900048e-11
2.38476953908 1.38003519028e-11
2.40480961924 1.36337767224e-11
2.4248496994 1.34653462765e-11
2.44488977956 1.32974519673e-11
2.46492985972 1.31323228909e-11
2.48496993988 1.29484334428e-11
2.50501002004 1.27263667995e-11
2.5250501002 1.25078630279e-11
2.54509018036 1.22937846532e-11
2.56513026052 1.21676411875e-11
2.58517034068 1.2043478448e-11
2.60521042084 1.1921249972e-11
2.625250501 1.17557744158e-11
2.64529058116 1.1571861446e-11
2.66533066132 1.13907415883e-11
2.68537074148 1.12137645886e-11
2.70541082164 1.10420256503e-11
2.7254509018 1.0872836459e-11
2.74549098196 1.07066624377e-11
2.76553106212 1.05666879247e-11
2.78557114228 1.04287470646e-11
2.80561122244 1.0292795709e-11
2.82565130261 1.01055557098e-11
2.84569138277 9.89738691012e-12
2.86573146293 9.69215216328e-12
2.88577154309 9.51696602992e-12
2.90581162325 9.39187064014e-12
2.92585170341 9.26850394889e-12
2.94589178357 9.14571300113e-12
2.96593186373 8.99066779604e-12
2.98597194389 8.83771958428e-12
3.00601202405 8.68682598247e-12
3.02605210421 8.53558919922e-12
3.04609218437 8.38536200899e-12
3.06613226453 8.2371125533e-12
3.08617234469 8.09391250831e-12
3.10621242485 7.95779260281e-12
3.12625250501 7.8234299607e-12
3.14629258517 7.69130813989e-12
3.16633266533 7.57259626964e-12
3.18637274549 7.45538793503e-12
3.20641282565 7.33965467056e-12
3.22645290581 7.20254470926e-12
3.24649298597 7.05796828426e-12
3.26653306613 6.91517641248e-12
3.28657314629 6.7688790929e-12
3.30661322645 6.61592034218e-12
3.32665330661 6.46481472879e-12
3.34669338677 6.31733912254e-12
3.36673346693 6.20421086846e-12
3.38677354709 6.09242917604e-12
3.40681362725 5.98197008367e-12
3.42685370741 5.86712216908e-12
3.44689378758 5.75144456897e-12
3.46693386774 5.63711144688e-12
3.4869739479 5.52599400198e-12
3.50701402806 5.41906785009e-12
3.52705410822 5.31336310024e-12
3.54709418838 5.2080609592e-12
3.56713426854 5.09208238273e-12
3.5871743487 4.97740590606e-12
3.60721442886 4.86400967357e-12
3.62725450902 4.75722881876e-12
3.64729458918 4.65356936449e-12
3.66733466934 4.55104807771e-12
3.6873747495 4.45300051924e-12
3.70741482966 4.36096182038e-12
3.72745490982 4.26991732987e-12
3.74749498998 4.18012008221e-12
3.76753507014 4.09468063175e-12
3.7875751503 4.01014934295e-12
3.80761523046 3.92651178054e-12
3.82765531062 3.83261011632e-12
3.84769539078 3.73585872737e-12
3.86773547094 3.64011398482e-12
3.8877755511 3.55076338435e-12
3.90781563126 3.46996545578e-12
3.92785571142 3.38999532954e-12
3.94789579158 3.31140010071e-12
3.96793587174 3.23972705684e-12
3.9879759519 3.16877722188e-12
4.00801603206 3.09853968172e-12
4.02805611222 3.02236072471e-12
4.04809619238 2.94477596128e-12
4.06813627255 2.86795837581e-12
4.08817635271 2.79700631742e-12
4.10821643287 2.73366862655e-12
4.12825651303 2.67094814102e-12
4.14829659319 2.60860414912e-12
4.16833667335 2.54463092353e-12
4.18837675351 2.48127203611e-12
4.20841683367 2.41851866283e-12
4.22845691383 2.36072371003e-12
4.24849699399 2.30481831585e-12
4.26853707415 2.24943966078e-12
4.28857715431 2.19324653186e-12
4.30861723447 2.13584587086e-12
4.32865731463 2.07897842891e-12
4.34869739479 2.0232609407e-12
4.36873747495 1.97340764706e-12
4.38877755511 1.92401111054e-12
4.40881763527 1.8750650708e-12
4.42885771543 1.82996487072e-12
4.44889779559 1.78626024871e-12
4.46893787575 1.74294883993e-12
4.48897795591 1.69966291619e-12
4.50901803607 1.65631154919e-12
4.52905811623 1.61334498771e-12
4.54909819639 1.5709699078e-12
4.56913827655 1.53060065262e-12
4.58917835671 1.49058501249e-12
4.60921843687 1.45091835313e-12
4.62925851703 1.41203267755e-12
4.64929859719 1.37360261005e-12
4.66933867735 1.33550334864e-12
4.68937875752 1.29972606208e-12
4.70941883768 1.26663810387e-12
4.72945891784 1.23383134648e-12
4.749498998 1.2009722312e-12
4.76953907816 1.16608332435e-12
4.78957915832 1.13148715329e-12
4.80961923848 1.09718004297e-12
4.82965931864 1.06633245419e-12
4.8496993988 1.0365565506e-12
4.86973947896 1.00702636162e-12
4.88977955912 9.7838164327e-13
4.90981963928 9.5070814859e-13
4.92985971944 9.23260221219e-13
4.9498997996 8.96397560579e-13
4.96993987976 8.72064553865e-13
4.98997995992 8.47927494155e-13
5.01002004008 8.24427491264e-13
5.03006012024 8.01525087933e-13
5.0501002004 7.78804904106e-13
5.07014028056 7.57452928518e-13
5.09018036072 7.3629389437e-13
5.11022044088 7.15301220401e-13
5.13026052104 6.94472948981e-13
5.1503006012 6.73807153137e-13
5.17034068136 6.54762895458e-13
5.19038076152 6.35959927742e-13
5.21042084168 6.17301940365e-13
5.23046092184 5.98787260142e-13
5.250501002 5.80414239585e-13
5.27054108216 5.63846953129e-13
5.29058116232 5.47591889053e-13
5.31062124248 5.31459787313e-13
5.33066132265 5.15449255579e-13
5.35070140281 4.99558922505e-13
5.37074148297 4.84244084482e-13
5.39078156313 4.6911828516e-13
5.41082164329 4.54104774315e-13
5.43086172345 4.39202304152e-13
5.45090180361 4.24409645331e-13
5.47094188377 4.11175557111e-13
5.49098196393 3.9835926566e-13
5.51102204409 3.85636384014e-13
5.53106212425 3.73005892983e-13
5.55110220441 3.60466788183e-13
5.57114228457 3.48546224537e-13
5.59118236473 3.3686166665e-13
5.61122244489 3.25260741874e-13
5.63126252505 3.13742554045e-13
5.65130260521 3.02306219783e-13
5.67134268537 2.91911714731e-13
5.69138276553 2.819316012e-13
5.71142284569 2.72021664961e-13
5.73146292585 2.62181167194e-13
5.75150300601 2.52409379436e-13
5.77154308617 2.43053493621e-13
5.79158316633 2.33913230303e-13
5.81162324649 2.24836125157e-13
5.83166332665 2.15821524768e-13
5.85170340681 2.06868784726e-13
5.87174348697 1.98402471075e-13
5.89178356713 1.90215521826e-13
5.91182364729 1.82084180865e-13
5.93186372745 1.74007882656e-13
5.95190380762 1.65986069321e-13
5.97194388778 1.58803280155e-13
5.99198396794 1.5215606351e-13
6.0120240481 1.45553244181e-13
6.03206412826 1.38994378114e-13
6.05210420842 1.32479027173e-13
6.07214428858 1.26332383396e-13
6.09218436874 1.20465391655e-13
6.1122244489 1.14636941555e-13
6.13226452906 1.08846653931e-13
6.15230460922 1.03094154588e-13
6.17234468938 9.75680380414e-14
6.19238476954 9.22412211889e-14
6.2124248497 8.69488306306e-14
6.23246492986 8.16905331684e-14
6.25250501002 7.64659999e-14
6.27254509018 7.16728349415e-14
6.29258517034 6.73149856298e-14
6.3126252505 6.29848532099e-14
6.33266533066 5.86821736459e-14
6.35270541082 5.44066862536e-14
6.37274549098 5.04324350868e-14
6.39278557114 4.68112477463e-14
6.4128256513 4.32127318716e-14
6.43286573146 3.96366748421e-14
6.45290581162 3.6082866695e-14
6.47294589178 3.29578458368e-14
6.49298597194 3.04257122602e-14
6.5130260521 2.79091898554e-14
6.53306613226 2.54081343969e-14
6.55310621242 2.29224034363e-14
6.57314629259 2.07351705079e-14
6.59318637275 1.90346005813e-14
6.61322645291 1.7344358316e-14
6.63326653307 1.56643496741e-14
6.65330661323 1.39944817609e-14
6.67334669339 1.23909219874e-14
6.69338677355 1.09091728557e-14
6.71342685371 9.4362878393e-15
6.73346693387 7.9721874279e-15
6.75350701403 6.51679306379e-15
6.77354709419 5.22223165273e-15
6.79358717435 4.30164913997e-15
6.81362725451 3.38649483841e-15
6.83366733467 2.47672070969e-15
6.85370741483 1.57227928426e-15
6.87374749499 8.59781364801e-16
6.89378757515 7.02355034377e-16
6.91382765531 5.45848948828e-16
6.93386773547 3.90254933106e-16
6.95390781563 2.35564911618e-16
6.97394789579 1.10830646893e-16
6.99398797595 9.44454431696e-17
7.01402805611 7.81597825605e-17
7.03406813627 6.19726542283e-17
7.05410821643 4.58830631743e-17
7.07414829659 3.1704247238e-17
7.09418837675 2.63367388947e-17
7.11422845691 2.10045001065e-17
7.13426853707 1.57070968731e-17
7.15430861723 1.04441037831e-17
7.17434869739 5.87408422432e-18
7.19438877756 5.68090370118e-18
7.21442885772 5.4930930932e-18
7.23446893788 5.31049061581e-18
7.25450901804 5.13293946695e-18
7.2745490982 4.96201772583e-18
7.29458917836 4.81308866203e-18
7.31462925852 4.66866484939e-18
7.33466933868 4.52860876066e-18
7.35470941884 4.39278711088e-18
7.374749499 4.26107072488e-18
7.39478957916 4.13333440904e-18
7.41482965932 4.00945682708e-18
7.43486973948 3.88932037978e-18
7.45490981964 3.77281108855e-18
7.4749498998 3.65981848259e-18
7.49498997996 3.55023548968e-18
7.51503006012 3.44395833041e-18
7.53507014028 3.34088641573e-18
7.55511022044 3.24092224773e-18
7.5751503006 3.14397132356e-18
7.59519038076 3.04994204237e-18
7.61523046092 2.95874561518e-18
7.63527054108 2.8702959776e-18
7.65531062124 2.78450970525e-18
7.6753507014 2.7013059319e-18
7.69539078156 2.62060627015e-18
7.71543086172 2.54233473457e-18
7.73547094188 2.46641766736e-18
7.75551102204 2.39278366619e-18
7.7755511022 2.32136351441e-18
7.79559118236 2.25209011345e-18
7.81563126253 2.18489841728e-18
7.83567134269 2.11972536893e-18
7.85571142285 2.05650983907e-18
7.87575150301 1.99519256641e-18
7.89579158317 1.93571610004e-18
7.91583166333 1.87802474354e-18
7.93587174349 1.82206450083e-18
7.95591182365 1.76778302374e-18
7.97595190381 1.71512956119e-18
7.99599198397 1.66405490996e-18
8.01603206413 1.614511367e-18
8.03607214429 1.56645268324e-18
8.05611222445 1.5198340188e-18
8.07615230461 1.47461189967e-18
8.09619238477 1.43074417563e-18
8.11623246493 1.38818997957e-18
8.13627254509 1.34690968804e-18
8.15631262525 1.30686488304e-18
8.17635270541 1.26801831497e-18
8.19639278557 1.23033386678e-18
8.21643286573 1.19377651916e-18
8.23647294589 1.15831231688e-18
8.25651302605 1.12390833616e-18
8.27655310621 1.090532653e-18
8.29659318637 1.05815431257e-18
8.31663326653 1.02674329949e-18
8.33667334669 9.96270509078e-19
8.35671342685 9.66707719405e-19
8.37675350701 9.38027564328e-19
8.39679358717 9.10203507273e-19
8.41683366733 8.83209815863e-19
8.43687374749 8.5702153732e-19
8.45691382766 8.31614474638e-19
8.47695390782 8.06965163477e-19
8.49699398798 7.83050849785e-19
8.51703406814 7.59849468098e-19
8.5370741483 7.37339620524e-19
8.55711422846 7.15500556358e-19
8.57715430862 6.94312152342e-19
8.59719438878 6.73754893523e-19
8.61723446894 6.53809854703e-19
8.6372745491 6.34458682464e-19
8.65731462926 6.15683577741e-19
8.67735470942 5.97467278934e-19
8.69739478958 5.79793045542e-19
8.71743486974 5.62644642296e-19
8.7374749499 5.46006323779e-19
8.75751503006 5.29862819529e-19
8.77755511022 5.14199319583e-19
8.79759519038 4.9900146048e-19
8.81763527054 4.84255311684e-19
8.8376753507 4.69947362429e-19
8.85771543086 4.56064508968e-19
8.87775551102 4.42594042206e-19
8.89779559118 4.29523635719e-19
8.91783567134 4.16841334142e-19
8.9378757515 4.04535541901e-19
8.95791583166 3.92595012306e-19
8.97795591182 3.81008836967e-19
8.99799599198 3.69766435534e-19
9.01803607214 3.58857545758e-19
9.0380761523 3.4827221385e-19
9.05811623246 3.38000785137e-19
9.07815631263 3.28033895002e-19
9.09819639279 3.18362460103e-19
9.11823647295 3.08977669861e-19
9.13827655311 2.99870978202e-19
9.15831663327 2.91034095559e-19
9.17835671343 2.82458981113e-19
9.19839679359 2.7413783527e-19
9.21843687375 2.66063092374e-19
9.23847695391 2.58227413634e-19
9.25851703407 2.5062368027e-19
9.27855711423 2.43244986871e-19
9.29859719439 2.3608463495e-19
9.31863727455 2.29136126697e-19
9.33867735471 2.22393158925e-19
9.35871743487 2.15849617197e-19
9.37875751503 2.09499570133e-19
9.39879759519 2.03337263888e-19
9.41883767535 1.97357116801e-19
9.43887775551 1.91553714206e-19
9.45891783567 1.85921803401e-19
9.47895791583 1.80456288764e-19
9.49899799599 1.75152227029e-19
9.51903807615 1.70004822692e-19
9.53907815631 1.65009423567e-19
9.55911823647 1.60161516474e-19
9.57915831663 1.55456723051e-19
9.59919839679 1.50890795706e-19
9.61923847695 1.46459613678e-19
9.63927855711 1.42159179227e-19
9.65931863727 1.37985613938e-19
9.67935871743 1.3393515513e-19
9.6993987976 1.30004152382e-19
9.71943887776 1.26189064164e-19
9.73947895792 1.22486454561e-19
9.75951903808 1.18892990106e-19
9.77955911824 1.15405436705e-19
9.7995991984 1.12020656653e-19
9.81963927856 1.08735605744e-19
9.83967935872 1.05547330467e-19
9.85971943888 1.02452965284e-19
9.87975951904 9.94497299946e-20
9.8997995992 0.0
9.91983967936 0.0
9.93987975952 0.0
9.95991983968 0.0
9.97995991984 0.0
10.0 0.0
