0.0 0.0
0.0200400801603 0.0
0.0400801603206 0.0
0.060120240481 0.0
0.0801603206413 0.0
0.100200400802 0.0
0.120240480962 0.0
0.140280561122 0.0
0.160320641283 0.0
0.180360721443 1.85565032321e-10
0.200400801603 2.35184968092e-11
0.220440881764 7.53651718404e-10
0.240480961924 6.59113249296e-10
0.260521042084 1.98307059254e-11
0.280561122244 2.10561059708e-11
0.300601202405 2.20925008583e-11
0.320641282565 2.33821974125e-11
0.340681362725 2.50273823081e-11
0.360721442886 2.60118648202e-11
0.380761523046 2.68452755976e-11
0.400801603206 2.75965975738e-11
0.420841683367 2.82976374602e-11
0.440881763527 2.89519416824e-11
0.460921843687 2.955212464e-11
0.480961923848 3.00850755219e-11
0.501002004008 3.0517699271e-11
0.521042084168 3.09202816769e-11
0.541082164329 3.12911704092e-11
0.561122244489 3.16262824294e-11
0.581162324649 3.19395789335e-11
0.60120240481 3.22326377211e-11
0.62124248497 3.24868636083e-11
0.64128256513 3.27123677068e-11
0.661322645291 3.29266269119e-11
0.681362725451 3.30863251103e-11
0.701402805611 3.31046958234e-11
0.721442885772 3.31239570359e-11
0.741482965932 3.31413425217e-11
0.761523046092 3.31138483239e-11
0.781563126253 3.30853098944e-11
0.801603206413 3.30615221006e-11
0.821643286573 3.29097499933e-11
0.841683366733 3.26766530191e-11
0.861723446894 3.24552291074e-11
0.881763527054 3.21738341139e-11
0.901803607214 3.17106137628e-11
0.921843687375 3.12690124195e-11
0.941883767535 3.08465762729e-11
0.961923847695 3.03372418713e-11
0.981963927856 2.98419363607e-11
1.00200400802 2.93692850003e-11
1.02204408818 2.89646369936e-11
1.04208416834 2.86075492751e-11
1.0621242485 2.82635984291e-11
1.08216432866 2.79187721299e-11
1.10220440882 2.75563828107e-11
1.12224448898 2.72075360514e-11
1.14228456914 2.68751382683e-11
1.1623246493 2.64393623312e-11
1.18236472946 2.60114890238e-11
1.20240480962 2.55983416403e-11
1.22244488978 2.5190584731e-11
1.24248496994 2.47909858395e-11
1.2625250501 2.4404299305e-11
1.28256513026 2.4035324984e-11
1.30260521042 2.36925437722e-11
1.32264529058 2.33604586004e-11
1.34268537074 2.30385018614e-11
1.3627254509 2.27646883335e-11
1.38276553106 2.25010724079e-11
1.40280561122 2.22445812373e-11
1.42284569138 2.19666693496e-11
1.44288577154 2.16793976625e-11
1.4629258517 2.14000483345e-11
1.48296593186 2.11320285845e-11
1.50300601202 2.0880828041e-11
1.52304609218 2.06363870433e-11
1.54308617234 2.04002631379e-11
1.56312625251 2.01241606082e-11
1.58316633267 1.98532505491e-11
1.60320641283 1.95892547509e-11
1.62324649299 1.9332778883e-11
1.64328657315 1.90831800025e-11
1.66332665331 1.88394824257e-11
1.68336673347 1.86118385505e-11
1.70340681363 1.84142163508e-11
1.72344689379 1.8221270079e-11
1.74348697395 1.80326930984e-11
1.76352705411 1.77418684239e-11
1.78356713427 1.74543733858e-11
1.80360721443 1.71733677731e-11
1.82364729459 1.6932795369e-11
1.84368737475 1.67165501406e-11
1.86372745491 1.65050186032e-11
1.88376753507 1.63274594554e-11
1.90380761523 1.62184950903e-11
1.92384769539 1.61118372645e-11
1.94388777555 1.60074132056e-11
1.96392785571 1.57929345719e-11
1.98396793587 1.55805714669e-11
2.00400801603 1.53700215836e-11
2.02404809619 1.51734094375e-11
2.04408817635 1.49804795566e-11
2.06412825651 1.47913548143e-11
2.08416833667 1.46067031014e-11
2.10420841683 1.44272616302e-11
2.12424849699 1.42512569166e-11
2.14428857715 1.40785908447e-11
2.16432865731 1.39017733906e-11
2.18436873747 1.37281743706e-11
2.20440881764 1.35577753794e-11
2.2244488978 1.33685998186e-11
2.24448897796 1.31716922864e-11
2.26452905812 1.29783118971e-11
2.28456913828 1.2785028836e-11
2.30460921844 1.25884499128e-11
2.3246492986 1.2395298306e-11
2.34468937876 1.22055103144e-11
2.36472945892 1.20568987001e-11
2.38476953908 1.19108146069e-11
2.40480961924 1.17671939011e-11
2.4248496994 1.16219652483e-11
2.44488977956 1.14771925644e-11
2.46492985972 1.13347998107e-11
2.48496993988 1.11762103452e-11
2.50501002004 1.09846663964e-11
2.5250501002 1.0796190193e-11
2.54509018036 1.0611526497e-11
2.56513026052 1.05027497387e-11
2.58517034068 1.03956781398e-11
2.60521042084 1.02902717953e-11
2.625250501 1.01475350242e-11
2.64529058116 9.98887999727e-12
2.66533066132 9.83263073048e-12
2.68537074148 9.67995246124e-12
2.70541082164 9.53179076501e-12
2.7254509018 9.38582551846e-12
2.74549098196 9.24245865319e-12
2.76553106212 9.12170227435e-12
2.78557114228 9.00269786847e-12
2.80561122244 8.88540747676e-12
2.82565130261 8.72384203886e-12
2.84569138277 8.54420694953e-12
2.86573146293 8.36710039522e-12
2.88577154309 8.21592826411e-12
2.90581162325 8.1079921999e-12
2.92585170341 8.00154584809e-12
2.94589178357 7.89559404021e-12
2.96593186373 7.76179650444e-12
2.98597194389 7.62980641481e-12
3.00601202405 7.49958730176e-12
3.02605210421 7.36906934526e-12
3.04609218437 7.23942041999e-12
3.06613226453 7.11147638868e-12
3.08617234469 6.98788908953e-12
3.10621242485 6.87041179313e-12
3.12625250501 6.75444945437e-12
3.14629258517 6.64041961581e-12
3.16633266533 6.5379648036e-12
3.18637274549 6.43680628984e-12
3.20641282565 6.33691956742e-12
3.22645290581 6.2185761146e-12
3.24649298597 6.09378479305e-12
3.26653306613 5.97053229471e-12
3.28657314629 5.84425159627e-12
3.30661322645 5.71221796536e-12
3.32665330661 5.58178244165e-12
3.34669338677 5.45447917629e-12
3.36673346693 5.35682856861e-12
3.38677354709 5.26033925015e-12
3.40681362725 5.16499058172e-12
3.42685370741 5.06585148117e-12
3.44689378758 4.96599481893e-12
3.46693386774 4.86729776078e-12
3.4869739479 4.77137593369e-12
3.50701402806 4.67907175117e-12
3.52705410822 4.58782108016e-12
3.54709418838 4.49691700726e-12
3.56713426854 4.39679378835e-12
3.5871743487 4.29779376344e-12
3.60721442886 4.19989810067e-12
3.62725450902 4.1077133165e-12
3.64729458918 4.01822271474e-12
3.66733466934 3.92971396565e-12
3.6873747495 3.8450671404e-12
3.70741482966 3.76560779864e-12
3.72745490982 3.68700616044e-12
3.74749498998 3.60948073314e-12
3.76753507014 3.53571735131e-12
3.7875751503 3.46273747608e-12
3.80761523046 3.39052866538e-12
3.82765531062 3.30945660282e-12
3.84769539078 3.2259232398e-12
3.86773547094 3.14325840897e-12
3.8877755511 3.06611407342e-12
3.90781563126 2.99635413945e-12
3.92785571142 2.92730845861e-12
3.94789579158 2.85944945396e-12
3.96793587174 2.79756713246e-12
3.9879759519 2.73630884112e-12
4.00801603206 2.6756651704e-12
4.02805611222 2.60989071324e-12
4.04809619238 2.5429018988e-12
4.06813627255 2.47657508864e-12
4.08817635271 2.41531272012e-12
4.10821643287 2.36062497745e-12
4.12825651303 2.30646984438e-12
4.14829659319 2.25263947552e-12
4.16833667335 2.19740191339e-12
4.18837675351 2.1426945045e-12
4.20841683367 2.0885096397e-12
4.22845691383 2.03860614234e-12
4.24849699399 1.99033402959e-12
4.26853707415 1.94251649421e-12
4.28857715431 1.89399537314e-12
4.30861723447 1.84443124832e-12
4.32865731463 1.79532730665e-12
4.34869739479 1.74721612668e-12
4.36873747495 1.70416863106e-12
4.38877755511 1.66151534151e-12
4.40881763527 1.61925085856e-12
4.42885771543 1.5803072075e-12
4.44889779559 1.5425685091e-12
4.46893787575 1.50516918741e-12
4.48897795591 1.46779169684e-12
4.50901803607 1.4303575191e-12
4.52905811623 1.39325546959e-12
4.54909819639 1.35666402915e-12
4.56913827655 1.32180456814e-12
4.58917835671 1.28725032225e-12
4.60921843687 1.25299729379e-12
4.62925851703 1.21941854822e-12
4.64929859719 1.18623310948e-12
4.66933867735 1.15333320748e-12
4.68937875752 1.12243835418e-12
4.70941883768 1.09386579929e-12
4.72945891784 1.06553597023e-12
4.749498998 1.03716081784e-12
4.76953907816 1.00703268222e-12
4.78957915832 9.77157233524e-13
4.80961923848 9.47531301122e-13
4.82965931864 9.20892833047e-13
4.8496993988 8.95179757526e-13
4.86973947896 8.69678787098e-13
4.88977955912 8.44942407523e-13
4.90981963928 8.21044679333e-13
4.92985971944 7.9734166863e-13
4.9498997996 7.74144010035e-13
4.96993987976 7.53130862053e-13
4.98997995992 7.32286865966e-13
5.01002004008 7.11992963164e-13
5.03006012024 6.92215082184e-13
5.0501002004 6.72594505555e-13
5.07014028056 6.54155452519e-13
5.09018036072 6.35882969694e-13
5.11022044088 6.1775410292e-13
5.13026052104 5.99767162891e-13
5.1503006012 5.81920486743e-13
5.17034068136 5.65474129806e-13
5.19038076152 5.49236107816e-13
5.21042084168 5.33123248478e-13
5.23046092184 5.17134107865e-13
5.250501002 5.01267264221e-13
5.27054108216 4.86959832959e-13
5.29058116232 4.72922005127e-13
5.31062124248 4.58990334579e-13
5.33066132265 4.45163619693e-13
5.35070140281 4.31440676947e-13
5.37074148297 4.18214709335e-13
5.39078156313 4.05151968109e-13
5.41082164329 3.9218617119e-13
5.43086172345 3.79316241655e-13
5.45090180361 3.66541118507e-13
5.47094188377 3.55111985727e-13
5.49098196393 3.44043647956e-13
5.51102204409 3.33055957726e-13
5.53106212425 3.22148035362e-13
5.55110220441 3.11319013965e-13
5.57114228457 3.01024160656e-13
5.59118236473 2.90933108332e-13
5.61122244489 2.80914264074e-13
5.63126252505 2.70966854365e-13
5.65130260521 2.61090116722e-13
5.67134268537 2.52113120075e-13
5.69138276553 2.43493990049e-13
5.71142284569 2.34935451906e-13
5.73146292585 2.26436867906e-13
5.75150300601 2.17997609249e-13
5.77154308617 2.09917525089e-13
5.79158316633 2.02023647232e-13
5.81162324649 1.94184301827e-13
5.83166332665 1.86398924842e-13
5.85170340681 1.7866696001e-13
5.87174348697 1.71355081842e-13
5.89178356713 1.64284463596e-13
5.91182364729 1.57261859921e-13
5.93186372745 1.50286782625e-13
5.95190380762 1.43358750124e-13
5.97194388778 1.37155329441e-13
5.99198396794 1.31414446805e-13
6.0120240481 1.25711899698e-13
6.03206412826 1.20047304771e-13
6.05210420842 1.1442028378e-13
6.07214428858 1.09111690157e-13
6.09218436874 1.04044612015e-13
6.1122244489 9.90108138226e-14
6.13226452906 9.40099682382e-14
6.15230460922 8.90417522097e-14
6.17234468938 8.42690469652e-14
6.19238476954 7.96684625271e-14
6.2124248497 7.50976049512e-14
6.23246492986 7.05561865723e-14
6.25250501002 6.60439234341e-14
6.27254509018 6.19042110519e-14
6.29258517034 5.81404596005e-14
6.3126252505 5.44006420643e-14
6.33266533066 5.06845304754e-14
6.35270541082 4.69918997601e-14
6.37274549098 4.35594323392e-14
6.39278557114 4.04318906181e-14
6.4128256513 3.73239264546e-14
6.43286573146 3.42353562629e-14
6.45290581162 3.11659987523e-14
6.47294589178 2.84669685472e-14
6.49298597194 2.62799947115e-14
6.5130260521 2.41065022421e-14
6.53306613226 2.19463665915e-14
6.55310621242 1.97994647474e-14
6.57314629259 1.79103658614e-14
6.59318637275 1.64415835065e-14
6.61322645291 1.49817203594e-14
6.63326653307 1.35306951973e-14
6.65330661323 1.20884277855e-14
6.67334669339 1.07034285393e-14
6.69338677355 9.4236337504e-15
6.71342685371 8.1514943324e-15
6.73346693387 6.886941608e-15
6.75350701403 5.6299077231e-15
6.77354709419 4.5117814307e-15
6.79358717435 3.71665272904e-15
6.81362725451 2.92621247174e-15
6.83366733467 2.14041915234e-15
6.85370741483 1.35923175642e-15
6.87374749499 7.43822584768e-16
6.89378757515 6.07819198329e-16
6.91382765531 4.7261157028e-16
6.93386773547 3.38192608783e-16
6.95390781563 2.04555308905e-16
6.97394789579 9.67911965136e-17
6.99398797595 8.2607411453e-17
7.01402805611 6.85105600088e-17
7.03406813627 5.44997395197e-17
7.05410821643 4.05740619264e-17
7.07414829659 2.82995696543e-17
7.09418837675 2.36361435423e-17
7.11422845691 1.90040106611e-17
7.13426853707 1.4402770657e-17
7.15430861723 9.83203138564e-18
7.17434869739 5.86056334372e-18
7.19438877756 5.6700630889e-18
7.21442885772 5.48491716666e-18
7.23446893788 5.30496394451e-18
7.25450901804 5.13004677002e-18
7.2745490982 4.96150804981e-18
7.29458917836 4.81259699776e-18
7.31462925852 4.66819054957e-18
7.33466933868 4.5281512017e-18
7.35470941884 4.39234569199e-18
7.374749499 4.26064486723e-18
7.39478957916 4.13292355492e-18
7.41482965932 4.00906043914e-18
7.43486973948 3.88893794029e-18
7.45490981964 3.77244209861e-18
7.4749498998 3.65946246147e-18
7.49498997996 3.54989197415e-18
7.51503006012 3.44362687407e-18
7.53507014028 3.34056658841e-18
7.55511022044 3.24061363486e-18
7.5751503006 3.14367352563e-18
7.59519038076 3.04965467433e-18
7.61523046092 2.95846830594e-18
7.63527054108 2.87002836949e-18
7.65531062124 2.78425145356e-18
7.6753507014 2.70105670436e-18
7.69539078156 2.62036574649e-18
7.71543086172 2.54210260611e-18
7.73547094188 2.46619363652e-18
7.75551102204 2.39256744613e-18
7.7755511022 2.32115482862e-18
7.79559118236 2.25188869538e-18
7.81563126253 2.18470400995e-18
7.83567134269 2.11953772462e-18
7.85571142285 2.05632871894e-18
7.87575150301 1.99501774021e-18
7.89579158317 1.93554734577e-18
7.91583166333 1.87786184716e-18
7.93587174349 1.82190725597e-18
7.95591182365 1.76763123142e-18
7.97595190381 1.71498302954e-18
7.99599198397 1.66391345398e-18
8.01603206413 1.6143748083e-18
8.03607214429 1.56632084979e-18
8.05611222445 1.51970674473e-18
8.07615230461 1.474489025e-18
8.09619238477 1.43062554609e-18
8.11623246493 1.38807544639e-18
8.13627254509 1.34679910775e-18
8.15631262525 1.30675811727e-18
8.17635270541 1.26791523027e-18
8.19639278557 1.23023433443e-18
8.21643286573 1.19368041501e-18
8.23647294589 1.1582195212e-18
8.25651302605 1.12381873346e-18
8.27655310621 1.09044613188e-18
8.29659318637 1.05807076558e-18
8.31663326653 1.02666262299e-18
8.33667334669 9.96192603069e-19
8.35671342685 9.66632487447e-19
8.37675350701 9.37954913381e-19
8.39679358717 9.10133347582e-19
8.41683366733 8.83142060841e-19
8.43687374749 8.56956103436e-19
8.45691382766 8.31551281302e-19
8.47695390782 8.06904132941e-19
8.49699398798 7.82991907036e-19
8.51703406814 7.59792540764e-19
8.5370741483 7.37284638777e-19
8.55711422846 7.15447452826e-19
8.57715430862 6.94260862019e-19
8.59719438878 6.73705353684e-19
8.61723446894 6.53762004826e-19
8.6372745491 6.34412464147e-19
8.65731462926 6.15638934629e-19
8.67735470942 5.97424156648e-19
8.69739478958 5.79751391606e-19
8.71743486974 5.62604406068e-19
8.7374749499 5.45967456391e-19
8.75751503006 5.29825273819e-19
8.77755511022 5.14163050037e-19
8.79759519038 4.98966423173e-19
8.81763527054 4.84221464223e-19
8.8376753507 4.69914663902e-19
8.85771543086 4.56032919886e-19
8.87775551102 4.42563524456e-19
8.89779559118 4.29494152517e-19
8.91783567134 4.16812849982e-19
8.9378757515 4.04508022513e-19
8.95791583166 3.92568424612e-19
8.97795591182 3.80983149036e-19
8.99799599198 3.69741616546e-19
9.01803607214 3.58833565963e-19
9.0380761523 3.48249044528e-19
9.05811623246 3.37978398565e-19
9.07815631263 3.28012264417e-19
9.09819639279 3.18341559671e-19
9.11823647295 3.08957474639e-19
9.13827655311 2.99851464114e-19
9.15831663327 2.91015239359e-19
9.17835671343 2.82440760358e-19
9.19839679359 2.74120228295e-19
9.21843687375 2.66046078261e-19
9.23847695391 2.58210972185e-19
9.25851703407 2.50607791987e-19
9.27855711423 2.43229632927e-19
9.29859719439 2.36069797166e-19
9.31863727455 2.29121787521e-19
9.33867735471 2.2237930141e-19
9.35871743487 2.15836224979e-19
9.37875751503 2.09486627409e-19
9.39879759519 2.033247554e-19
9.41883767535 1.97345027815e-19
9.43887775551 1.91542030495e-19
9.45891783567 1.85910511224e-19
9.47895791583 1.80445374855e-19
9.49899799599 1.75141678573e-19
9.51903807615 1.69994627317e-19
9.53907815631 1.64999569323e-19
9.55911823647 1.6015199182e-19
9.57915831663 1.55447516843e-19
9.59919839679 1.50881897179e-19
9.61923847695 1.46451012437e-19
9.63927855711 1.42150865232e-19
9.65931863727 1.37977577491e-19
9.67935871743 1.33927386866e-19
9.6993987976 1.29996643255e-19
9.71943887776 1.26181805436e-19
9.73947895792 1.22479437792e-19
9.75951903808 1.18886207145e-19
9.77955911824 1.15398879678e-19
9.7995991984 1.12014317955e-19
9.81963927856 1.08729478028e-19
9.83967935872 1.05541406636e-19
9.85971943888 1.02447238483e-19
9.87975951904 9.94441936019e-20
9.8997995992 0.0
9.91983967936 0.0
9.93987975952 0.0
9.95991983968 0.0
9.97995991984 0.0
10.0 0.0
