0.0 0.0
0.0200400801603 0.0
0.0400801603206 0.0
0.060120240481 0.0
0.0801603206413 0.0
0.100200400802 0.0
0.120240480962 0.0
0.140280561122 0.0
0.160320641283 0.0
0.180360721443 0.0
0.200400801603 0.0
0.220440881764 0.0
0.240480961924 0.0
0.260521042084 0.0
0.280561122244 0.0
0.300601202405 0.0
0.320641282565 0.0
0.340681362725 0.0
0.360721442886 0.0
0.380761523046 0.0
0.400801603206 0.0
0.420841683367 0.0
0.440881763527 2.47192281398e-11
0.460921843687 1.45155988257e-11
0.480961923848 1.17640689813e-11
0.501002004008 1.03921765838e-11
0.521042084168 9.56511903862e-12
0.541082164329 9.00420771074e-12
0.561122244489 8.599446621e-12
0.581162324649 8.29637626364e-12
0.60120240481 8.06021892298e-12
0.62124248497 7.86694927539e-12
0.64128256513 7.7071535422e-12
0.661322645291 7.57642059621e-12
0.681362725451 7.45998629443e-12
0.701402805611 7.33274851758e-12
0.721442885772 7.22236886888e-12
0.741482965932 7.12280906319e-12
0.761523046092 7.02540154325e-12
0.781563126253 6.93775498146e-12
0.801603206413 6.86144825847e-12
0.821643286573 6.76788405605e-12
0.841683366733 6.6646072351e-12
0.861723446894 6.5689188936e-12
0.881763527054 6.46507292759e-12
0.901803607214 6.33047160098e-12
0.921843687375 6.2045935819e-12
0.941883767535 6.08551896226e-12
0.961923847695 5.95324343692e-12
0.981963927856 5.82696824134e-12
1.00200400802 5.70951693533e-12
1.02204408818 5.60851331915e-12
1.04208416834 5.51866658947e-12
1.0621242485 5.43224016914e-12
1.08216432866 5.34492613598e-12
1.10220440882 5.2560257888e-12
1.12224448898 5.1712298115e-12
1.14228456914 5.09415083331e-12
1.1623246493 4.99920639402e-12
1.18236472946 4.90688128275e-12
1.20240480962 4.8182942669e-12
1.22244488978 4.73163963148e-12
1.24248496994 4.64737424339e-12
1.2625250501 4.56614156516e-12
1.28256513026 4.48852887783e-12
1.30260521042 4.41641834866e-12
1.32264529058 4.34690124076e-12
1.34268537074 4.27976057092e-12
1.3627254509 4.2219483592e-12
1.38276553106 4.16647860233e-12
1.40280561122 4.11222278253e-12
1.42284569138 4.05419275437e-12
1.44288577154 3.9948870235e-12
1.4629258517 3.93730349555e-12
1.48296593186 3.88187901078e-12
1.50300601202 3.82985987874e-12
1.52304609218 3.77939709705e-12
1.54308617234 3.73231122078e-12
1.56312625251 3.67830577677e-12
1.58316633267 3.62548353677e-12
1.60320641283 3.57414913091e-12
1.62324649299 3.52439101344e-12
1.64328657315 3.47607270111e-12
1.66332665331 3.42881850098e-12
1.68336673347 3.38422056628e-12
1.70340681363 3.34519301801e-12
1.72344689379 3.30716830793e-12
1.74348697395 3.2699616796e-12
1.76352705411 3.21457841526e-12
1.78356713427 3.15995544126e-12
1.80360721443 3.10666048887e-12
1.82364729459 3.06075289373e-12
1.84368737475 3.01932690807e-12
1.86372745491 2.97886465565e-12
1.88376753507 2.94458561033e-12
1.90380761523 2.92265710925e-12
1.92384769539 2.90122831537e-12
1.94388777555 2.88028197669e-12
1.96392785571 2.83979416647e-12
1.98396793587 2.79977695558e-12
2.00400801603 2.75808268318e-12
2.02404809619 2.72339982541e-12
2.04408817635 2.68720941448e-12
2.06412825651 2.65178582237e-12
2.08416833667 2.61724324187e-12
2.10420841683 2.58370826413e-12
2.12424849699 2.55086127069e-12
2.14428857715 2.51868097975e-12
2.16432865731 2.48583331987e-12
2.18436873747 2.45362476743e-12
2.20440881764 2.42204875902e-12
2.2244488978 2.38720209861e-12
2.24448897796 2.35104465469e-12
2.26452905812 2.3155720931e-12
2.28456913828 2.28017338206e-12
2.30460921844 2.24424476926e-12
2.3246492986 2.208976066e-12
2.34468937876 2.17435347786e-12
2.36472945892 2.14707249657e-12
2.38476953908 2.12028169759e-12
2.40480961924 2.093967788e-12
2.4248496994 2.06740826578e-12
2.44488977956 2.04096710184e-12
2.46492985972 2.01498324311e-12
2.48496993988 1.98616899482e-12
2.50501002004 1.95156112357e-12
2.5250501002 1.91753137052e-12
2.54509018036 1.88420977963e-12
2.56513026052 1.86433406598e-12
2.58517034068 1.8447861579e-12
2.60521042084 1.82555789105e-12
2.625250501 1.799759395e-12
2.64529058116 1.77117517648e-12
2.66533066132 1.7430416893e-12
2.68537074148 1.71556355753e-12
2.70541082164 1.68890653929e-12
2.7254509018 1.66265991135e-12
2.74549098196 1.63689364645e-12
2.76553106212 1.61513801224e-12
2.78557114228 1.59371049136e-12
2.80561122244 1.57260360924e-12
2.82565130261 1.54370519777e-12
2.84569138277 1.51163932337e-12
2.86573146293 1.4800387035e-12
2.88577154309 1.45302909757e-12
2.90581162325 1.43365807129e-12
2.92585170341 1.4145639577e-12
2.94589178357 1.39557080369e-12
2.96593186373 1.37168412543e-12
2.98597194389 1.34812999025e-12
3.00601202405 1.32490140936e-12
3.02605210421 1.3016332364e-12
3.04609218437 1.27853077701e-12
3.06613226453 1.25574078811e-12
3.08617234469 1.23372976324e-12
3.10621242485 1.21280579839e-12
3.12625250501 1.19215921325e-12
3.14629258517 1.17186309922e-12
3.16633266533 1.15361433342e-12
3.18637274549 1.13560290524e-12
3.20641282565 1.11782415383e-12
3.22645290581 1.09680609828e-12
3.24649298597 1.07466240003e-12
3.26653306613 1.05279826896e-12
3.28657314629 1.03040992502e-12
3.30661322645 1.00701795518e-12
3.32665330661 9.83915363571e-13
3.34669338677 9.61371656901e-13
3.36673346693 9.44050405302e-13
3.38677354709 9.26939953323e-13
3.40681362725 9.10036429375e-13
3.42685370741 8.92472617085e-13
3.44689378758 8.74788723024e-13
3.46693386774 8.57314593136e-13
3.4869739479 8.40334006127e-13
3.50701402806 8.23994759031e-13
3.52705410822 8.07845900378e-13
3.54709418838 7.91763007648e-13
3.56713426854 7.74064942203e-13
3.5871743487 7.56569227965e-13
3.60721442886 7.39272376569e-13
3.62725450902 7.22983551421e-13
3.64729458918 7.07172446383e-13
3.66733466934 6.91538041572e-13
3.6873747495 6.76586100936e-13
3.70741482966 6.6254921903e-13
3.72745490982 6.48666646979e-13
3.74749498998 6.34976633037e-13
3.76753507014 6.21950725887e-13
3.7875751503 6.0906566422e-13
3.80761523046 5.96319151088e-13
3.82765531062 5.82019416082e-13
3.84769539078 5.67290674042e-13
3.86773547094 5.52717523425e-13
3.8877755511 5.39116548345e-13
3.90781563126 5.26814722461e-13
3.92785571142 5.14640891104e-13
3.94789579158 5.02677890626e-13
3.96793587174 4.91766374438e-13
3.9879759519 4.80966659845e-13
4.00801603206 4.70277019406e-13
4.02805611222 4.58689082472e-13
4.04809619238 4.46890207496e-13
4.06813627255 4.35209631621e-13
4.08817635271 4.24419786371e-13
4.10821643287 4.14785479795e-13
4.12825651303 4.05246401048e-13
4.14829659319 3.9576602586e-13
4.16833667335 3.86040447367e-13
4.18837675351 3.76409528556e-13
4.20841683367 3.66871880748e-13
4.22845691383 3.58086817284e-13
4.24849699399 3.4958937062e-13
4.26853707415 3.4117305281e-13
4.28857715431 3.32634681076e-13
4.30861723447 3.23914705474e-13
4.32865731463 3.15276747493e-13
4.34869739479 3.0681416693e-13
4.36873747495 2.99240828912e-13
4.38877755511 2.91737749549e-13
4.40881763527 2.84303946302e-13
4.42885771543 2.77453516249e-13
4.44889779559 2.70815363786e-13
4.46893787575 2.64237673628e-13
4.48897795591 2.57664740064e-13
4.50901803607 2.51082773524e-13
4.52905811623 2.44559919846e-13
4.54909819639 2.38127441776e-13
4.56913827655 2.31999425806e-13
4.58917835671 2.25925706742e-13
4.60921843687 2.1990555941e-13
4.62925851703 2.1400435531e-13
4.64929859719 2.08172814199e-13
4.66933867735 2.02392022325e-13
4.68937875752 1.96963345945e-13
4.70941883768 1.91942341379e-13
4.72945891784 1.8696448145e-13
4.749498998 1.81979264557e-13
4.76953907816 1.76687402398e-13
4.78957915832 1.71440400144e-13
4.80961923848 1.66237684791e-13
4.82965931864 1.61559036339e-13
4.8496993988 1.57043052144e-13
4.86973947896 1.52564717737e-13
4.88977955912 1.48220828203e-13
4.90981963928 1.44024338771e-13
4.92985971944 1.39862399735e-13
4.9498997996 1.35789425037e-13
4.96993987976 1.32099598416e-13
4.98997995992 1.28439785262e-13
5.01002004008 1.24876714724e-13
5.03006012024 1.21404401945e-13
5.0501002004 1.17959988432e-13
5.07014028056 1.14722892512e-13
5.09018036072 1.11515290843e-13
5.11022044088 1.08333152967e-13
5.13026052104 1.05176174081e-13
5.1503006012 1.02044054279e-13
5.17034068136 9.91575029108e-14
5.19038076152 9.63077076126e-14
5.21042084168 9.34800915927e-14
5.23046092184 9.06743945669e-14
5.250501002 8.78903603516e-14
5.27054108216 8.53796868961e-14
5.29058116232 8.29164514488e-14
5.31062124248 8.04720202544e-14
5.33066132265 7.80461768148e-14
5.35070140281 7.56387079796e-14
5.37074148297 7.3318468817e-14
5.39078156313 7.10270021161e-14
5.41082164329 6.87526945156e-14
5.43086172345 6.64953522749e-14
5.45090180361 6.42547845914e-14
5.47094188377 6.22500822945e-14
5.49098196393 6.03087132355e-14
5.51102204409 5.83816153481e-14
5.53106212425 5.64686304026e-14
5.55110220441 5.45696025273e-14
5.57114228457 5.27642425237e-14
5.59118236473 5.09946978221e-14
5.61122244489 4.92379231685e-14
5.63126252505 4.74937795855e-14
5.65130260521 4.57621301284e-14
5.67134268537 4.4188124133e-14
5.69138276553 4.26768816475e-14
5.71142284569 4.11763521825e-14
5.73146292585 3.96864211803e-14
5.75150300601 3.82069757303e-14
5.77154308617 3.6790506058e-14
5.79158316633 3.54067268275e-14
5.81162324649 3.40325837001e-14
5.83166332665 3.26679754713e-14
5.85170340681 3.13128023661e-14
5.87174348697 3.00312487204e-14
5.89178356713 2.87920060302e-14
5.91182364729 2.75612438914e-14
5.93186372745 2.6338874777e-14
5.95190380762 2.51248123749e-14
5.97194388778 2.4037654497e-14
5.99198396794 2.30315219402e-14
6.0120240481 2.20321604703e-14
6.03206412826 2.10395013215e-14
6.05210420842 2.00534766688e-14
6.07214428858 1.91232413723e-14
6.09218436874 1.82353305218e-14
6.1122244489 1.73532957031e-14
6.13226452906 1.64770782302e-14
6.15230460922 1.56066202064e-14
6.17234468938 1.47704267056e-14
6.19238476954 1.3964401811e-14
6.2124248497 1.31636231325e-14
6.23246492986 1.23680391444e-14
6.25250501002 1.15775990027e-14
6.27254509018 1.08523965208e-14
6.29258517034 1.01930251284e-14
6.3126252505 9.53787759748e-15
6.33266533066 8.88691307473e-15
6.35270541082 8.24009123989e-15
6.37274549098 7.63882855597e-15
6.39278557114 7.09095559215e-15
6.4128256513 6.54653748782e-15
6.43286573146 6.00554133164e-15
6.45290581162 5.46793463571e-15
6.47294589178 4.99515506782e-15
6.49298597194 4.61199942142e-15
6.5130260521 4.23122488065e-15
6.53306613226 3.85280904418e-15
6.55310621242 3.4767297965e-15
6.57314629259 3.14577913851e-15
6.59318637275 2.88839000978e-15
6.61322645291 2.63257841882e-15
6.63326653307 2.37832968126e-15
6.65330661323 2.12562929913e-15
6.67334669339 1.88296430111e-15
6.69338677355 1.65872092614e-15
6.71342685371 1.43583120986e-15
6.73346693387 1.21428273839e-15
6.75350701403 9.94063253248e-16
6.77354709419 7.98159232276e-16
6.79358717435 6.58776397086e-16
6.81362725451 5.20224734306e-16
6.83366733467 3.8249667113e-16
6.85370741483 2.45584729915e-16
6.87374749499 1.37684813468e-16
6.89378757515 1.13662704091e-16
6.91382765531 8.9787208664e-17
6.93386773547 6.60568631082e-17
6.95390781563 4.24702254021e-17
6.97394789579 2.34165029644e-17
6.99398797595 2.07396972462e-17
7.01402805611 1.80840851922e-17
7.03406813627 1.544932555e-17
7.05410821643 1.28350853058e-17
7.07414829659 1.05151376118e-17
7.09418837675 9.5318518433e-18
7.11422845691 8.55913761108e-18
7.13426853707 7.59676879811e-18
7.15430861723 6.64452555742e-18
7.17434869739 5.80175116744e-18
7.19438877756 5.6248416686e-18
7.21442885772 5.45322039618e-18
7.23446893788 5.28672595102e-18
7.25450901804 5.12520192223e-18
7.2745490982 4.96875809316e-18
7.29458917836 4.81959074919e-18
7.31462925852 4.67493722281e-18
7.33466933868 4.5346596731e-18
7.35470941884 4.39862451312e-18
7.374749499 4.26670227698e-18
7.39478957916 4.13876749123e-18
7.41482965932 4.01469855015e-18
7.43486973948 3.89437759513e-18
7.45490981964 3.77769039784e-18
7.4749498998 3.664526247e-18
7.49498997996 3.55477783888e-18
7.51503006012 3.44834117112e-18
7.53507014028 3.34511544e-18
7.55511022044 3.24500294088e-18
7.5751503006 3.14790897187e-18
7.59519038076 3.05374174039e-18
7.61523046092 2.96241227286e-18
7.63527054108 2.87383432708e-18
7.65531062124 2.78792430744e-18
7.6753507014 2.70460118278e-18
7.69539078156 2.62378640685e-18
7.71543086172 2.54540384123e-18
7.73547094188 2.46937968073e-18
7.75551102204 2.39564238106e-18
7.7755511022 2.32412258885e-18
7.79559118236 2.2547530738e-18
7.81563126253 2.18746866297e-18
7.83567134269 2.12220617717e-18
7.85571142285 2.05890436928e-18
7.87575150301 1.99750386456e-18
7.89579158317 1.93794710279e-18
7.91583166333 1.88017828224e-18
7.93587174349 1.82414330535e-18
7.95591182365 1.76978972617e-18
7.97595190381 1.71706669943e-18
7.99599198397 1.66592493112e-18
8.01603206413 1.61631663072e-18
8.03607214429 1.56819546488e-18
8.05611222445 1.52151651249e-18
8.07615230461 1.47623622126e-18
8.09619238477 1.43231236554e-18
8.11623246493 1.38970400551e-18
8.13627254509 1.34837144767e-18
8.15631262525 1.30827620648e-18
8.17635270541 1.26938096728e-18
8.19639278557 1.23164955026e-18
8.21643286573 1.19504687567e-18
8.23647294589 1.15953892999e-18
8.25651302605 1.12509273327e-18
8.27655310621 1.09167630736e-18
8.29659318637 1.05925864524e-18
8.31663326653 1.02780968122e-18
8.33667334669 9.97300262075e-19
8.35671342685 9.67702119148e-19
8.37675350701 9.38987841205e-19
8.39679358717 9.11130848213e-19
8.41683366733 8.84105365893e-19
8.43687374749 8.57886401071e-19
8.45691382766 8.32449717789e-19
8.47695390782 8.07771814155e-19
8.49699398798 7.83829899905e-19
8.51703406814 7.60601874666e-19
8.5370741483 7.38066306876e-19
8.55711422846 7.1620241337e-19
8.57715430862 6.94990039588e-19
8.59719438878 6.74409640388e-19
8.61723446894 6.54442261466e-19
8.6372745491 6.3506952133e-19
8.65731462926 6.16273593845e-19
8.67735470942 5.98037191303e-19
8.69739478958 5.80343548023e-19
8.71743486974 5.63176404452e-19
8.7374749499 5.46519991754e-19
8.75751503006 5.30359016877e-19
8.77755511022 5.1467864807e-19
8.79759519038 4.99464500857e-19
8.81763527054 4.84702624434e-19
8.8376753507 4.70379488483e-19
8.85771543086 4.56481970396e-19
8.87775551102 4.42997342887e-19
8.89779559118 4.29913261984e-19
8.91783567134 4.17217755391e-19
8.9378757515 4.04899211206e-19
8.95791583166 3.92946366985e-19
8.97795591182 3.81348299137e-19
8.99799599198 3.70094412652e-19
9.01803607214 3.59174431134e-19
9.0380761523 3.48578387147e-19
9.05811623246 3.3829661285e-19
9.07815631263 3.28319730924e-19
9.09819639279 3.18638645768e-19
9.11823647295 3.09244534976e-19
9.13827655311 3.00128841065e-19
9.15831663327 2.91283263455e-19
9.17835671343 2.82699750702e-19
9.19839679359 2.74370492964e-19
9.21843687375 2.66287914688e-19
9.23847695391 2.58444667539e-19
9.25851703407 2.50833623524e-19
9.27855711423 2.43447868342e-19
9.29859719439 2.36280694928e-19
9.31863727455 2.29325597192e-19
9.33867735471 2.22576263957e-19
9.35871743487 2.16026573075e-19
9.37875751503 2.09670585723e-19
9.39879759519 2.03502540874e-19
9.41883767535 1.97516849935e-19
9.43887775551 1.9170809155e-19
9.45891783567 1.86071006557e-19
9.47895791583 1.80600493103e-19
9.49899799599 1.75291601903e-19
9.51903807615 1.70139531648e-19
9.53907815631 1.65139624547e-19
9.55911823647 1.60287362007e-19
9.57915831663 1.55578360445e-19
9.59919839679 1.51008367225e-19
9.61923847695 1.46573256721e-19
9.63927855711 1.42269026494e-19
9.65931863727 1.38091793592e-19
9.67935871743 1.34037790957e-19
9.6993987976 1.30103363942e-19
9.71943887776 1.26284966933e-19
9.73947895792 1.22579160077e-19
9.75951903808 1.18982606102e-19
9.77955911824 1.15492067244e-19
9.7995991984 1.1210440225e-19
9.81963927856 1.08816563493e-19
9.83967935872 1.05625594154e-19
9.85971943888 1.02528625506e-19
9.87975951904 9.9522874266e-20
9.8997995992 0.0
9.91983967936 0.0
9.93987975952 0.0
9.95991983968 0.0
9.97995991984 0.0
10.0 0.0
