0.0 0.0
0.0200400801603 0.0
0.0400801603206 0.0
0.060120240481 0.0
0.0801603206413 0.0
0.100200400802 0.0
0.120240480962 0.0
0.140280561122 0.0
0.160320641283 0.0
0.180360721443 0.0
0.200400801603 0.0
0.220440881764 0.0
0.240480961924 0.0
0.260521042084 1.0131742439e-10
0.280561122244 5.18192294626e-11
0.300601202405 4.4359036345e-11
0.320641282565 4.22640914121e-11
0.340681362725 4.238758743e-11
0.360721442886 4.2135159871e-11
0.380761523046 4.21006250991e-11
0.400801603206 4.2231826236e-11
0.420841683367 4.24841419208e-11
0.440881763527 4.28055816194e-11
0.460921843687 4.31495180375e-11
0.480961923848 4.34736088536e-11
0.501002004008 4.37146151784e-11
0.521042084168 4.39626909301e-11
0.541082164329 4.42077672215e-11
0.561122244489 4.4435477571e-11
0.581162324649 4.46600008909e-11
0.60120240481 4.48797413854e-11
0.62124248497 4.5065226183e-11
0.64128256513 4.52276140325e-11
0.661322645291 4.53886884472e-11
0.681362725451 4.54864378282e-11
0.701402805611 4.54012144831e-11
0.721442885772 4.532780014e-11
0.741482965932 4.5261890189e-11
0.761523046092 4.51428179248e-11
0.781563126253 4.50296101638e-11
0.801603206413 4.49286509806e-11
0.821643286573 4.46590713317e-11
0.841683366733 4.4284730607e-11
0.861723446894 4.39316833679e-11
0.881763527054 4.35026603903e-11
0.901803607214 4.28320963074e-11
0.921843687375 4.21951537587e-11
0.941883767535 4.15883243223e-11
0.961923847695 4.08678208141e-11
0.981963927856 4.01695843817e-11
1.00200400802 3.95043121015e-11
1.02204408818 3.89329195708e-11
1.04208416834 3.84278771425e-11
1.0621242485 3.79429549565e-11
1.08216432866 3.74596767898e-11
1.10220440882 3.69545396924e-11
1.12224448898 3.64691755975e-11
1.14228456914 3.60061297622e-11
1.1623246493 3.54058264575e-11
1.18236472946 3.48175040233e-11
1.20240480962 3.42501993601e-11
1.22244488978 3.36912924691e-11
1.24248496994 3.31443850273e-11
1.2625250501 3.26158077914e-11
1.28256513026 3.21119763138e-11
1.30260521042 3.16439929758e-11
1.32264529058 3.11910600041e-11
1.34268537074 3.0752379679e-11
1.3627254509 3.0378644011e-11
1.38276553106 3.00190934947e-11
1.40280561122 2.9669781365e-11
1.42284569138 2.92924845119e-11
1.44288577154 2.89031640991e-11
1.4629258517 2.85248981996e-11
1.48296593186 2.81622555463e-11
1.50300601202 2.78224154483e-11
1.52304609218 2.74919323032e-11
1.54308617234 2.71722615271e-11
1.56312625251 2.67996140038e-11
1.58316633267 2.64342027664e-11
1.60320641283 2.60782966009e-11
1.62324649299 2.57326834988e-11
1.64328657315 2.53964899727e-11
1.66332665331 2.50684705472e-11
1.68336673347 2.4762209102e-11
1.70340681363 2.44961162033e-11
1.72344689379 2.42364320452e-11
1.74348697395 2.39827829343e-11
1.76352705411 2.35932507709e-11
1.78356713427 2.32083371575e-11
1.80360721443 2.2832230361e-11
1.82364729459 2.25100686372e-11
1.84368737475 2.22204088066e-11
1.86372745491 2.19371514071e-11
1.88376753507 2.16991924798e-11
1.90380761523 2.15525440996e-11
1.92384769539 2.14090508784e-11
1.94388777555 2.12686112455e-11
1.96392785571 2.09819720982e-11
1.98396793587 2.06982469955e-11
2.00400801603 2.04178350058e-11
2.02404809619 2.01543220306e-11
2.04408817635 1.98966527613e-11
2.06412825651 1.96441151614e-11
2.08416833667 1.93975922456e-11
2.10420841683 1.91580590777e-11
2.12424849699 1.89231556901e-11
2.14428857715 1.86927482391e-11
2.16432865731 1.84568857345e-11
2.18436873747 1.82253543689e-11
2.20440881764 1.79981266842e-11
2.2244488978 1.77460178128e-11
2.24448897796 1.74836952164e-11
2.26452905812 1.72261075522e-11
2.28456913828 1.69686985452e-11
2.30460921844 1.67069616921e-11
2.3246492986 1.64498208851e-11
2.34468937876 1.61971891582e-11
2.36472945892 1.59992548382e-11
2.38476953908 1.58047103441e-11
2.40480961924 1.56134688351e-11
2.4248496994 1.54201254093e-11
2.44488977956 1.5227418264e-11
2.46492985972 1.5037899405e-11
2.48496993988 1.48269167848e-11
2.50501002004 1.45722361799e-11
2.5250501002 1.43216584109e-11
2.54509018036 1.40761700419e-11
2.56513026052 1.39313938773e-11
2.58517034068 1.37889005554e-11
2.60521042084 1.36486362229e-11
2.625250501 1.34588686418e-11
2.64529058116 1.32480068636e-11
2.66533066132 1.30403592037e-11
2.68537074148 1.28374702372e-11
2.70541082164 1.2640593009e-11
2.7254509018 1.24466489544e-11
2.74549098196 1.22561702675e-11
2.76553106212 1.2095697546e-11
2.78557114228 1.19375642055e-11
2.80561122244 1.17817192233e-11
2.82565130261 1.15671735476e-11
2.84569138277 1.13286832102e-11
2.86573146293 1.10935644609e-11
2.88577154309 1.08928535055e-11
2.90581162325 1.07494889264e-11
2.92585170341 1.06081115117e-11
2.94589178357 1.04674012524e-11
2.96593186373 1.0289781612e-11
2.98597194389 1.01145710437e-11
3.00601202405 9.94172066502e-12
3.02605210421 9.76848581419e-12
3.04609218437 9.59641452307e-12
3.06613226453 9.42661452913e-12
3.08617234469 9.26260092014e-12
3.10621242485 9.10669727764e-12
3.12625250501 8.95281141496e-12
3.14629258517 8.80149645109e-12
3.16633266533 8.66553395917e-12
3.18637274549 8.53129771822e-12
3.20641282565 8.39875493473e-12
3.22645290581 8.24175511542e-12
3.24649298597 8.07621698146e-12
3.26653306613 7.91272678501e-12
3.28657314629 7.7452309527e-12
3.30661322645 7.57011814744e-12
3.32665330661 7.39713147964e-12
3.34669338677 7.22830392371e-12
3.36673346693 7.09878330466e-12
3.38677354709 6.97080762528e-12
3.40681362725 6.84434931254e-12
3.42685370741 6.71287318623e-12
3.44689378758 6.58045165081e-12
3.46693386774 6.44957227362e-12
3.4869739479 6.32237587548e-12
3.50701402806 6.19997850602e-12
3.52705410822 6.07898195376e-12
3.54709418838 5.95844929005e-12
3.56713426854 5.82570467656e-12
3.5871743487 5.69445313769e-12
3.60721442886 5.56466954719e-12
3.62725450902 5.44245764006e-12
3.64729458918 5.32381975843e-12
3.66733466934 5.20648678969e-12
3.6873747495 5.09427469848e-12
3.70741482966 4.98893954533e-12
3.72745490982 4.88474415944e-12
3.74749498998 4.78197793637e-12
3.76753507014 4.684199309e-12
3.7875751503 4.58746170269e-12
3.80761523046 4.49174853238e-12
3.82765531062 4.38429532387e-12
3.84769539078 4.27358419512e-12
3.86773547094 4.16402674406e-12
3.8877755511 4.06178597612e-12
3.90781563126 3.96933093292e-12
3.92785571142 3.87782454853e-12
3.94789579158 3.7878926067e-12
3.96793587174 3.70588072332e-12
3.9879759519 3.62469757787e-12
4.00801603206 3.54433063814e-12
4.02805611222 3.45716866687e-12
4.04809619238 3.36840003174e-12
4.06813627255 3.28051038236e-12
4.08817635271 3.19933156414e-12
4.10821643287 3.12686386545e-12
4.12825651303 3.05510329291e-12
4.14829659319 2.9837744709e-12
4.16833667335 2.9105831198e-12
4.18837675351 2.83809554513e-12
4.20841683367 2.76630161972e-12
4.22845691383 2.70018028883e-12
4.24849699399 2.63622120144e-12
4.26853707415 2.5728654884e-12
4.28857715431 2.50857903155e-12
4.30861723447 2.44291224941e-12
4.32865731463 2.37785621237e-12
4.34869739479 2.31411630872e-12
4.36873747495 2.25708457067e-12
4.38877755511 2.20057597258e-12
4.40881763527 2.1445833325e-12
4.42885771543 2.09299010413e-12
4.44889779559 2.04299369797e-12
4.46893787575 1.99344762024e-12
4.48897795591 1.9439312652e-12
4.50901803607 1.89434062344e-12
4.52905811623 1.84519065184e-12
4.54909819639 1.79671771589e-12
4.56913827655 1.75053941677e-12
4.58917835671 1.70476604727e-12
4.60921843687 1.65939229273e-12
4.62925851703 1.6149122253e-12
4.64929859719 1.57095369098e-12
4.66933867735 1.52737393891e-12
4.68937875752 1.48645024538e-12
4.70941883768 1.44860270689e-12
4.72945891784 1.41107713847e-12
4.749498998 1.37349204544e-12
4.76953907816 1.33358588065e-12
4.78957915832 1.29401487279e-12
4.80961923848 1.25477480854e-12
4.82965931864 1.21949161113e-12
4.8496993988 1.18543436263e-12
4.86973947896 1.15165842041e-12
4.88977955912 1.11889543195e-12
4.90981963928 1.08724345183e-12
4.92985971944 1.05584970118e-12
4.9498997996 1.02512553767e-12
4.96993987976 9.9729461073e-13
4.98997995992 9.69687995595e-13
5.01002004008 9.42810149425e-13
5.03006012024 9.16615936987e-13
5.0501002004 8.90630313196e-13
5.07014028056 8.66209581879e-13
5.09018036072 8.42009681112e-13
5.11022044088 8.18000207443e-13
5.13026052104 7.94178917484e-13
5.1503006012 7.70543603025e-13
5.17034068136 7.48762831039e-13
5.19038076152 7.2725814621e-13
5.21042084168 7.05919405468e-13
5.23046092184 6.84744691609e-13
5.250501002 6.63732116916e-13
5.27054108216 6.44784668979e-13
5.29058116232 6.26194391874e-13
5.31062124248 6.07744849141e-13
5.33066132265 5.89434445568e-13
5.35070140281 5.71261610016e-13
5.37074148297 5.53746996708e-13
5.39078156313 5.36448665011e-13
5.41082164329 5.19278843849e-13
5.43086172345 5.02236103746e-13
5.45090180361 4.85319036393e-13
5.47094188377 4.70184353888e-13
5.49098196393 4.55527523046e-13
5.51102204409 4.40977591265e-13
5.53106212425 4.26533391079e-13
5.55110220441 4.12193771999e-13
5.57114228457 3.98561546982e-13
5.59118236473 3.85199271822e-13
5.61122244489 3.71932702424e-13
5.63126252505 3.58760812336e-13
5.65130260521 3.45682589766e-13
5.67134268537 3.33795775459e-13
5.69138276553 3.2238287989e-13
5.71142284569 3.11050288125e-13
5.73146292585 2.99797154012e-13
5.75150300601 2.88622643271e-13
5.77154308617 2.77923767566e-13
5.79158316633 2.67471504497e-13
5.81162324649 2.57091510035e-13
5.83166332665 2.46783035901e-13
5.85170340681 2.3654534413e-13
5.87174348697 2.26863918131e-13
5.89178356713 2.17501982105e-13
5.91182364729 2.08203673021e-13
5.93186372745 1.98968343284e-13
5.95190380762 1.89795354078e-13
5.97194388778 1.81581802961e-13
5.99198396794 1.73980695811e-13
6.0120240481 1.6643038583e-13
6.03206412826 1.58930364582e-13
6.05210420842 1.51480130409e-13
6.07214428858 1.44451526725e-13
6.09218436874 1.37742719902e-13
6.1122244489 1.3107800875e-13
6.13226452906 1.24456959162e-13
6.15230460922 1.17879142723e-13
6.17234468938 1.1156020707e-13
6.19238476954 1.05469182374e-13
6.2124248497 9.94175435178e-14
6.23246492986 9.34049090437e-14
6.25250501002 8.74309024173e-14
6.27254509018 8.19501589063e-14
6.29258517034 7.69671891367e-14
6.3126252505 7.20159279449e-14
6.33266533066 6.70960730798e-14
6.35270541082 6.22073261295e-14
6.37274549098 5.76630364132e-14
6.39278557114 5.35224630153e-14
6.4128256513 4.94078251332e-14
6.43286573146 4.53188793927e-14
6.45290581162 4.12553854634e-14
6.47294589178 3.76821865758e-14
6.49298597194 3.47869148301e-14
6.5130260521 3.19095008703e-14
6.53306613226 2.90497796336e-14
6.55310621242 2.62075880914e-14
6.57314629259 2.37067093044e-14
6.59318637275 2.17622908122e-14
6.61322645291 1.98296854849e-14
6.63326653307 1.79087857176e-14
6.65330661323 1.59994852142e-14
6.67334669339 1.41660057322e-14
6.69338677355 1.24718083888e-14
6.71342685371 1.07877498274e-14
6.73346693387 9.11373907276e-15
6.75350701403 7.44968623942e-15
6.77354709419 5.96953194085e-15
6.79358717435 4.91698437078e-15
6.81362725451 3.87064501684e-15
6.83366733467 2.8304589293e-15
6.85370741483 1.79637180883e-15
6.87374749499 9.81751414865e-16
6.89378757515 8.01791071419e-16
6.91382765531 6.22882217638e-16
6.93386773547 4.45015532531e-16
6.95390781563 2.68181807897e-16
6.97394789579 1.25598161049e-16
6.99398797595 1.06897402794e-16
7.01402805611 8.83094815092e-17
7.03406813627 6.98332719014e-17
7.05410821643 5.14676658303e-17
7.07414829659 3.52858914342e-17
7.09418837675 2.91778121084e-17
7.11422845691 2.31091945916e-17
7.13426853707 1.70795692695e-17
7.15430861723 1.10884755204e-17
7.17434869739 5.88891448737e-18
7.19438877756 5.69289335333e-18
7.21442885772 5.50225933636e-18
7.23446893788 5.31685046258e-18
7.25450901804 5.13650974428e-18
7.2745490982 4.96306309046e-18
7.29458917836 4.81409708129e-18
7.31462925852 4.6696376511e-18
7.33466933868 4.52954722404e-18
7.35470941884 4.39369246835e-18
7.374749499 4.26194416382e-18
7.39478957916 4.13417707347e-18
7.41482965932 4.01026981926e-18
7.43486973948 3.89010476179e-18
7.45490981964 3.77356788375e-18
7.4749498998 3.66054867709e-18
7.49498997996 3.55094003371e-18
7.51503006012 3.44463813966e-18
7.53507014028 3.3415423726e-18
7.55511022044 3.24155520259e-18
7.5751503006 3.14458209594e-18
7.59519038076 3.05053142209e-18
7.61523046092 2.95931436344e-18
7.63527054108 2.87084482804e-18
7.65531062124 2.78503936499e-18
7.6753507014 2.70181708248e-18
7.69539078156 2.62109956849e-18
7.71543086172 2.54281081389e-18
7.73547094188 2.46687713803e-18
7.75551102204 2.39322711657e-18
7.7755511022 2.32179151168e-18
7.79559118236 2.25250320437e-18
7.81563126253 2.18529712892e-18
7.83567134269 2.12011020945e-18
7.85571142285 2.05688129834e-18
7.87575150301 1.99555111672e-18
7.89579158317 1.93606219676e-18
7.91583166333 1.87835882568e-18
7.93587174349 1.8223869917e-18
7.95591182365 1.76809433148e-18
7.97595190381 1.71543007933e-18
7.99599198397 1.66434501796e-18
8.01603206413 1.61479143077e-18
8.03607214429 1.56672305562e-18
8.05611222445 1.52009504004e-18
8.07615230461 1.47486389787e-18
8.09619238477 1.43098746721e-18
8.11623246493 1.38842486967e-18
8.13627254509 1.34713647095e-18
8.15631262525 1.30708384257e-18
8.17635270541 1.26822972485e-18
8.19639278557 1.23053799099e-18
8.21643286573 1.19397361233e-18
8.23647294589 1.15850262461e-18
8.25651302605 1.12409209531e-18
8.27655310621 1.09071009206e-18
8.29659318637 1.05832565194e-18
8.31663326653 1.02690875175e-18
8.33667334669 9.96430279294e-19
8.35671342685 9.66862005394e-19
8.37675350701 9.38176556917e-19
8.39679358717 9.10347390548e-19
8.41683366733 8.83348767415e-19
8.43687374749 8.57155728477e-19
8.45691382766 8.31744070686e-19
8.47695390782 8.07090323879e-19
8.49699398798 7.8317172839e-19
8.51703406814 7.59966213342e-19
8.5370741483 7.3745237562e-19
8.55711422846 7.15609459487e-19
8.57715430862 6.94417336831e-19
8.59719438878 6.73856488017e-19
8.61723446894 6.53907983333e-19
8.6372745491 6.34553465008e-19
8.65731462926 6.15775129779e-19
8.67735470942 5.97555711998e-19
8.69739478958 5.79878467257e-19
8.71743486974 5.62727156522e-19
8.7374749499 5.46086030746e-19
8.75751503006 5.29939815961e-19
8.77755511022 5.14273698826e-19
8.79759519038 4.99073312621e-19
8.81763527054 4.84324723666e-19
8.8376753507 4.70014418165e-19
8.85771543086 4.56129289442e-19
8.87775551102 4.42656625583e-19
8.89779559118 4.29584097443e-19
8.91783567134 4.16899747029e-19
8.9378757515 4.04591976237e-19
8.95791583166 3.92649535932e-19
8.97795591182 3.81061515366e-19
8.99799599198 3.69817331916e-19
9.01803607214 3.58906721139e-19
9.0380761523 3.48319727129e-19
9.05811623246 3.3804669317e-19
9.07815631263 3.28078252676e-19
9.09819639279 3.18405320403e-19
9.11823647295 3.09019083937e-19
9.13827655311 2.99910995434e-19
9.15831663327 2.91072763621e-19
9.17835671343 2.82496346029e-19
9.19839679359 2.74173941475e-19
9.21843687375 2.66097982767e-19
9.23847695391 2.58261129635e-19
9.25851703407 2.50656261869e-19
9.27855711423 2.43276472679e-19
9.29859719439 2.36115062248e-19
9.31863727455 2.29165531481e-19
9.33867735471 2.22421575952e-19
9.35871743487 2.15877080028e-19
9.37875751503 2.09526111173e-19
9.39879759519 2.03362914429e-19
9.41883767535 1.97381907059e-19
9.43887775551 1.91577673362e-19
9.45891783567 1.85944959629e-19
9.47895791583 1.80478669276e-19
9.49899799599 1.751738581e-19
9.51903807615 1.70025729698e-19
9.53907815631 1.65029631015e-19
9.55911823647 1.60181048029e-19
9.57915831663 1.55475601571e-19
9.59919839679 1.50909043265e-19
9.61923847695 1.46477251594e-19
9.63927855711 1.42176228092e-19
9.65931863727 1.38002093637e-19
9.67935871743 1.3395108487e-19
9.6993987976 1.30019550716e-19
9.71943887776 1.2620394901e-19
9.73947895792 1.22500843226e-19
9.75951903808 1.18906899306e-19
9.77955911824 1.15418882588e-19
9.7995991984 1.12033654816e-19
9.81963927856 1.08748171254e-19
9.83967935872 1.05559477877e-19
9.85971943888 1.02464708651e-19
9.87975951904 9.94610828991e-20
9.8997995992 0.0
9.91983967936 0.0
9.93987975952 0.0
9.95991983968 0.0
9.97995991984 0.0
10.0 0.0
