0.0 0.0
0.0200400801603 0.0
0.0400801603206 0.0
0.060120240481 0.0
0.0801603206413 0.0
0.100200400802 0.0
0.120240480962 0.0
0.140280561122 0.0
0.160320641283 0.0
0.180360721443 3.14640462683e-11
0.200400801603 1.80092096672e-11
0.220440881764 6.30960785892e-10
0.240480961924 5.72073757092e-10
0.260521042084 1.75889341914e-11
0.280561122244 1.88850100966e-11
0.300601202405 1.99628217082e-11
0.320641282565 2.12399020708e-11
0.340681362725 2.28225717831e-11
0.360721442886 2.379183092e-11
0.380761523046 2.46125891536e-11
0.400801603206 2.53498378062e-11
0.420841683367 2.60344582278e-11
0.440881763527 2.66710729614e-11
0.460921843687 2.72537865103e-11
0.480961923848 2.7771158013e-11
0.501002004008 2.81931242765e-11
0.521042084168 2.85849029292e-11
0.541082164329 2.89450046027e-11
0.561122244489 2.9270258709e-11
0.581162324649 2.95738366382e-11
0.60120240481 2.98572916584e-11
0.62124248497 3.01036050976e-11
0.64128256513 3.0322335861e-11
0.661322645291 3.05298310894e-11
0.681362725451 3.06861267644e-11
0.701402805611 3.07106849962e-11
0.721442885772 3.07353907952e-11
0.741482965932 3.07575854047e-11
0.761523046092 3.07376055269e-11
0.781563126253 3.07161798497e-11
0.801603206413 3.06988752615e-11
0.821643286573 3.05624703748e-11
0.841683366733 3.03501761163e-11
0.861723446894 3.01483137574e-11
0.881763527054 2.9890321681e-11
0.901803607214 2.94631515429e-11
0.921843687375 2.90557519447e-11
0.941883767535 2.86658131818e-11
0.961923847695 2.8194889747e-11
0.981963927856 2.77367629276e-11
1.00200400802 2.72995907966e-11
1.02204408818 2.69254924516e-11
1.04208416834 2.65954201325e-11
1.0621242485 2.62773293419e-11
1.08216432866 2.59580952654e-11
1.10220440882 2.56224158032e-11
1.12224448898 2.5299213442e-11
1.14228456914 2.49914529369e-11
1.1623246493 2.45874937886e-11
1.18236472946 2.41907779833e-11
1.20240480962 2.38076550837e-11
1.22244488978 2.34294546806e-11
1.24248496994 2.30587591129e-11
1.2625250501 2.2699983641e-11
1.28256513026 2.23575806949e-11
1.30260521042 2.20394752136e-11
1.32264529058 2.17312612855e-11
1.34268537074 2.14324108057e-11
1.3627254509 2.11782895626e-11
1.38276553106 2.09336113725e-11
1.40280561122 2.06954790272e-11
1.42284569138 2.04373622662e-11
1.44288577154 2.01705061788e-11
1.4629258517 1.99109787171e-11
1.48296593186 1.9661939569e-11
1.50300601202 1.94285205191e-11
1.52304609218 1.92013659029e-11
1.54308617234 1.89820524714e-11
1.56312625251 1.87255262969e-11
1.58316633267 1.84738067504e-11
1.60320641283 1.82284981393e-11
1.62324649299 1.79901651383e-11
1.64328657315 1.77582105781e-11
1.66332665331 1.75317129072e-11
1.68336673347 1.73201015008e-11
1.70340681363 1.71364084241e-11
1.72344689379 1.69570527907e-11
1.74348697395 1.67817403913e-11
1.76352705411 1.65112770634e-11
1.78356713427 1.62438983394e-11
1.80360721443 1.59825461128e-11
1.82364729459 1.57588061742e-11
1.84368737475 1.55576928219e-11
1.86372745491 1.53609562817e-11
1.88376753507 1.51958238558e-11
1.90380761523 1.50945153114e-11
1.92384769539 1.49953472017e-11
1.94388777555 1.48982521538e-11
1.96392785571 1.46987359409e-11
1.98396793587 1.45011812669e-11
2.00400801603 1.43051361469e-11
2.02404809619 1.41224190753e-11
2.04408817635 1.39429392762e-11
2.06412825651 1.37669961685e-11
2.08416833667 1.35952115931e-11
2.10420841683 1.34282719118e-11
2.12424849699 1.32645268911e-11
2.14428857715 1.31038854398e-11
2.16432865731 1.29393769937e-11
2.18436873747 1.27778605425e-11
2.20440881764 1.26193191465e-11
2.2244488978 1.24432994777e-11
2.24448897796 1.22600805017e-11
2.26452905812 1.20801411292e-11
2.28456913828 1.19002893611e-11
2.30460921844 1.17173671948e-11
2.3246492986 1.15376321078e-11
2.34468937876 1.13610249669e-11
2.36472945892 1.12227396537e-11
2.38476953908 1.10868047953e-11
2.40480961924 1.09531608049e-11
2.4248496994 1.08180183767e-11
2.44488977956 1.06832985504e-11
2.46492985972 1.05507921404e-11
2.48496993988 1.04032087016e-11
2.50501002004 1.02249503932e-11
2.5250501002 1.00495454679e-11
2.54509018036 9.87768723983e-12
2.56513026052 9.77646164393e-12
2.58517034068 9.67682207048e-12
2.60521042084 9.57873142866e-12
2.625250501 9.44589267451e-12
2.64529058116 9.29823587973e-12
2.66533066132 9.15281699379e-12
2.68537074148 9.01072069754e-12
2.70541082164 8.87282722221e-12
2.7254509018 8.73697704267e-12
2.74549098196 8.60354434132e-12
2.76553106212 8.49115691703e-12
2.78557114228 8.38039936068e-12
2.80561122244 8.2712363802e-12
2.82565130261 8.12085985439e-12
2.84569138277 7.95366232804e-12
2.86573146293 7.78881727485e-12
2.88577154309 7.64811195361e-12
2.90581162325 7.54765178868e-12
2.92585170341 7.44857764118e-12
2.94589178357 7.34996318592e-12
2.96593186373 7.22542777658e-12
2.98597194389 7.10257406734e-12
3.00601202405 6.9813681437e-12
3.02605210421 6.85988332011e-12
3.04609218437 6.73920674522e-12
3.06613226453 6.62011651993e-12
3.08617234469 6.50508118967e-12
3.10621242485 6.3957328729e-12
3.12625250501 6.28779421594e-12
3.14629258517 6.18165392336e-12
3.16633266533 6.08628805028e-12
3.18637274549 5.99212840719e-12
3.20641282565 5.89915219956e-12
3.22645290581 5.78899443965e-12
3.24649298597 5.67283392643e-12
3.26653306613 5.55810536455e-12
3.28657314629 5.44055736823e-12
3.30661322645 5.31765349248e-12
3.32665330661 5.19623677e-12
3.34669338677 5.07773536018e-12
3.36673346693 4.9868371353e-12
3.38677354709 4.89701960001e-12
3.40681362725 4.80826355483e-12
3.42685370741 4.71597864058e-12
3.44689378758 4.62302540161e-12
3.46693386774 4.53115131181e-12
3.4869739479 4.44186038858e-12
3.50701402806 4.35593686569e-12
3.52705410822 4.27099377926e-12
3.54709418838 4.18637306314e-12
3.56713426854 4.09316980636e-12
3.5871743487 4.00101185165e-12
3.60721442886 3.90988167909e-12
3.62725450902 3.82406760724e-12
3.64729458918 3.74076135354e-12
3.66733466934 3.6583688841e-12
3.6873747495 3.57957134232e-12
3.70741482966 3.50560274957e-12
3.72745490982 3.43243241264e-12
3.74749498998 3.36026375386e-12
3.76753507014 3.29159711058e-12
3.7875751503 3.22365967994e-12
3.80761523046 3.15643988532e-12
3.82765531062 3.08096880078e-12
3.84769539078 3.00320621043e-12
3.86773547094 2.9262519778e-12
3.8877755511 2.85443680682e-12
3.90781563126 2.78949590761e-12
3.92785571142 2.72521978717e-12
3.94789579158 2.66204824955e-12
3.96793587174 2.60444053185e-12
3.9879759519 2.54741362786e-12
4.00801603206 2.49095878182e-12
4.02805611222 2.42972732316e-12
4.04809619238 2.36736523251e-12
4.06813627255 2.30561930684e-12
4.08817635271 2.24858800418e-12
4.10821643287 2.1976772516e-12
4.12825651303 2.14726223692e-12
4.14829659319 2.0971494686e-12
4.16833667335 2.04572657416e-12
4.18837675351 1.99479713545e-12
4.20841683367 1.94435407157e-12
4.22845691383 1.89789669239e-12
4.24849699399 1.85295798583e-12
4.26853707415 1.80844239708e-12
4.28857715431 1.7632717239e-12
4.30861723447 1.71712998012e-12
4.32865731463 1.67141657485e-12
4.34869739479 1.62662732158e-12
4.36873747495 1.58655210807e-12
4.38877755511 1.54684382609e-12
4.40881763527 1.50749745066e-12
4.42885771543 1.47124260221e-12
4.44889779559 1.43610947421e-12
4.46893787575 1.40129224618e-12
4.48897795591 1.36649529426e-12
4.50901803607 1.33164552088e-12
4.52905811623 1.2971049023e-12
4.54909819639 1.26303960045e-12
4.56913827655 1.23058667921e-12
4.58917835671 1.1984178636e-12
4.60921843687 1.16652943303e-12
4.62925851703 1.13526870309e-12
4.64929859719 1.10437409388e-12
4.66933867735 1.07374527526e-12
4.68937875752 1.04498307407e-12
4.70941883768 1.0183828472e-12
4.72945891784 9.92008563e-13
4.749498998 9.65592054552e-13
4.76953907816 9.37543525589e-13
4.78957915832 9.09730212157e-13
4.80961923848 8.82149163279e-13
4.82965931864 8.57349358724e-13
4.8496993988 8.33411052494e-13
4.86973947896 8.09670188235e-13
4.88977955912 7.8664112162e-13
4.90981963928 7.64392803431e-13
4.92985971944 7.42325742848e-13
4.9498997996 7.20729136631e-13
4.96993987976 7.01166258536e-13
4.98997995992 6.8176084107e-13
5.01002004008 6.62867536103e-13
5.03006012024 6.44454624591e-13
5.0501002004 6.26188145833e-13
5.07014028056 6.09021636651e-13
5.09018036072 5.92010188493e-13
5.11022044088 5.75132431628e-13
5.13026052104 5.58386793641e-13
5.1503006012 5.41771726733e-13
5.17034068136 5.26460331742e-13
5.19038076152 5.11342883338e-13
5.21042084168 4.96341949132e-13
5.23046092184 4.81456185089e-13
5.250501002 4.66684267805e-13
5.27054108216 4.5336414308e-13
5.29058116232 4.4029500847e-13
5.31062124248 4.27324696891e-13
5.33066132265 4.14452089823e-13
5.35070140281 4.01676085596e-13
5.37074148297 3.8936275488e-13
5.39078156313 3.7720137943e-13
5.41082164329 3.65130251073e-13
5.43086172345 3.53148367359e-13
5.45090180361 3.41254740657e-13
5.47094188377 3.30614221472e-13
5.49098196393 3.20309595813e-13
5.51102204409 3.10080047057e-13
5.53106212425 2.99924756343e-13
5.55110220441 2.89842916699e-13
5.57114228457 2.80258382192e-13
5.59118236473 2.70863581395e-13
5.61122244489 2.61536001371e-13
5.63126252505 2.52274922071e-13
5.65130260521 2.43079633716e-13
5.67134268537 2.34722001727e-13
5.69138276553 2.26697540509e-13
5.71142284569 2.18729486687e-13
5.73146292585 2.10817246592e-13
5.75150300601 2.02960234876e-13
5.77154308617 1.95437612521e-13
5.79158316633 1.88088345693e-13
5.81162324649 1.80789845547e-13
5.83166332665 1.73541587023e-13
5.85170340681 1.66343052291e-13
5.87174348697 1.59535617698e-13
5.89178356713 1.52952794795e-13
5.91182364729 1.46414671051e-13
5.93186372745 1.39920791998e-13
5.95190380762 1.33470709324e-13
5.97194388778 1.27695243436e-13
5.99198396794 1.22350402179e-13
6.0120240481 1.17041249755e-13
6.03206412826 1.11767429288e-13
6.05210420842 1.06528588657e-13
6.07214428858 1.0158620516e-13
6.09218436874 9.68686733519e-14
6.1122244489 9.21821240192e-14
6.13226452906 8.75262524215e-14
6.15230460922 8.29007578128e-14
6.17234468938 7.8457284472e-14
6.19238476954 7.41740562273e-14
6.2124248497 6.99185027702e-14
6.23246492986 6.56903562964e-14
6.25250501002 6.14893524547e-14
6.27254509018 5.7635196868e-14
6.29258517034 5.41310647676e-14
6.3126252505 5.0649214619e-14
6.33266533066 4.71894341883e-14
6.35270541082 4.37515139359e-14
6.37274549098 4.05558085595e-14
6.39278557114 3.76439927095e-14
6.4128256513 3.47504033002e-14
6.43286573146 3.18748694122e-14
6.45290581162 2.90172222633e-14
6.47294589178 2.65043550258e-14
6.49298597194 2.44682199774e-14
6.5130260521 2.24446361708e-14
6.53306613226 2.04334876435e-14
6.55310621242 1.84346598632e-14
6.57314629259 1.66758508196e-14
6.59318637275 1.53083636039e-14
6.61322645291 1.39491804782e-14
6.63326653307 1.25982258108e-14
6.65330661323 1.12554248909e-14
6.67334669339 9.96594178069e-15
6.69338677355 8.77440607021e-15
6.71342685371 7.5899978106e-15
6.73346693387 6.41265305148e-15
6.75350701403 5.24230860933e-15
6.77354709419 4.20128993159e-15
6.79358717435 3.46098847244e-15
6.81362725451 2.72505235252e-15
6.83366733467 1.99344291572e-15
6.85370741483 1.2661219645e-15
6.87374749499 6.93144182097e-16
6.89378757515 5.6650338018e-16
6.91382765531 4.40603963773e-16
6.93386773547 3.15439313743e-16
6.95390781563 1.91002892392e-16
6.97394789579 9.06554330749e-17
6.99398797595 7.74337504656e-17
7.01402805611 6.42934938854e-17
7.03406813627 5.1233807879e-17
7.05410821643 3.82538510547e-17
7.07414829659 2.68116299881e-17
7.09418837675 2.24559162029e-17
7.11422845691 1.81297588658e-17
7.13426853707 1.3832772305e-17
7.15430861723 9.56457889273e-18
7.17434869739 5.85470517017e-18
7.19438877756 5.66537450588e-18
7.21442885772 5.4813914327e-18
7.23446893788 5.30259438216e-18
7.25450901804 5.12882676482e-18
7.2745490982 4.9613279837e-18
7.29458917836 4.81242329491e-18
7.31462925852 4.66802298132e-18
7.33466933868 4.52798954775e-18
7.35470941884 4.39218974009e-18
7.374749499 4.26049441289e-18
7.39478957916 4.13277840114e-18
7.41482965932 4.00892039608e-18
7.43486973948 3.88880282503e-18
7.45490981964 3.77231173491e-18
7.4749498998 3.65933667951e-18
7.49498997996 3.54977061027e-18
7.51503006012 3.44350977058e-18
7.53507014028 3.34045359333e-18
7.55511022044 3.24050460175e-18
7.5751503006 3.14356831332e-18
7.59519038076 3.04955314681e-18
7.61523046092 2.95837033211e-18
7.63527054108 2.869933823e-18
7.65531062124 2.78416021262e-18
7.6753507014 2.70096865159e-18
7.69539078156 2.62028076875e-18
7.71543086172 2.54202059433e-18
7.73547094188 2.46611448558e-18
7.75551102204 2.39249105469e-18
7.7755511022 2.321081099e-18
7.79559118236 2.25181753341e-18
7.81563126253 2.18463532485e-18
7.83567134269 2.11947142887e-18
7.85571142285 2.05626472816e-18
7.87575150301 1.99495597305e-18
7.89579158317 1.93548772381e-18
7.91583166333 1.87780429478e-18
7.93587174349 1.82185170026e-18
7.95591182365 1.76757760208e-18
7.97595190381 1.71493125879e-18
7.99599198397 1.66386347646e-18
8.01603206413 1.61432656098e-18
8.03607214429 1.5662742719e-18
8.05611222445 1.51966177767e-18
8.07615230461 1.47444561225e-18
8.09619238477 1.43058363316e-18
8.11623246493 1.38803498071e-18
8.13627254509 1.34676003863e-18
8.15631262525 1.30672039582e-18
8.17635270541 1.26787880935e-18
8.19639278557 1.23019916856e-18
8.21643286573 1.19364646034e-18
8.23647294589 1.15818673543e-18
8.25651302605 1.12378707577e-18
8.27655310621 1.09041556293e-18
8.29659318637 1.0580412474e-18
8.31663326653 1.02663411896e-18
8.33667334669 9.96165077877e-19
8.35671342685 9.6660590701e-19
8.37675350701 9.3792924483e-19
8.39679358717 9.10108559207e-19
8.41683366733 8.8311812205e-19
8.43687374749 8.56932984718e-19
8.45691382766 8.31528954186e-19
8.47695390782 8.06882569957e-19
8.49699398798 7.82971081682e-19
8.51703406814 7.59772427473e-19
8.5370741483 7.37265212878e-19
8.55711422846 7.15428690516e-19
8.57715430862 6.94242740331e-19
8.59719438878 6.73687850458e-19
8.61723446894 6.53745098678e-19
8.6372745491 6.34396134445e-19
8.65731462926 6.15623161463e-19
8.67735470942 5.97408920805e-19
8.69739478958 5.79736674545e-19
8.71743486974 5.62590189899e-19
8.7374749499 5.45953723849e-19
8.75751503006 5.2981200824e-19
8.77755511022 5.14150235342e-19
8.79759519038 4.98954043842e-19
8.81763527054 4.8420950528e-19
8.8376753507 4.69903110891e-19
8.85771543086 4.56021758855e-19
8.87775551102 4.42552741941e-19
8.89779559118 4.29483735521e-19
8.91783567134 4.16802785961e-19
8.9378757515 4.0449829936e-19
8.95791583166 3.92559030639e-19
8.97795591182 3.80974072962e-19
8.99799599198 3.69732847482e-19
9.01803607214 3.58825093397e-19
9.0380761523 3.48240858315e-19
9.05811623246 3.37970488909e-19
9.07815631263 3.28004621864e-19
9.09819639279 3.18334175091e-19
9.11823647295 3.08950339223e-19
9.13827655311 2.99844569352e-19
9.15831663327 2.9100857704e-19
9.17835671343 2.82434322553e-19
9.19839679359 2.74114007348e-19
9.21843687375 2.66040066782e-19
9.23847695391 2.58205163039e-19
9.25851703407 2.50602178285e-19
9.27855711423 2.43224208016e-19
9.29859719439 2.36064554623e-19
9.31863727455 2.29116721146e-19
9.33867735471 2.22374405215e-19
9.35871743487 2.15831493181e-19
9.37875751503 2.09482054426e-19
9.39879759519 2.03320335841e-19
9.41883767535 1.97340756474e-19
9.43887775551 1.91537902345e-19
9.45891783567 1.85906521412e-19
9.47895791583 1.80441518692e-19
9.49899799599 1.75137951532e-19
9.51903807615 1.69991025026e-19
9.53907815631 1.64996087561e-19
9.55911823647 1.6014862651e-19
9.57915831663 1.55444264046e-19
9.59919839679 1.50878753093e-19
9.61923847695 1.46447973388e-19
9.63927855711 1.42147927673e-19
9.65931863727 1.37974737996e-19
9.67935871743 1.33924642126e-19
9.6993987976 1.29993990074e-19
9.71943887776 1.26179240726e-19
9.73947895792 1.22476958572e-19
9.75951903808 1.18883810535e-19
9.77955911824 1.15396562896e-19
9.7995991984 1.12012078313e-19
9.81963927856 1.08727312931e-19
9.83967935872 1.05539313577e-19
9.85971943888 1.0244521504e-19
9.87975951904 9.94422374338e-20
9.8997995992 0.0
9.91983967936 0.0
9.93987975952 0.0
9.95991983968 0.0
9.97995991984 0.0
10.0 0.0
