0.0 0.0
0.0200400801603 0.0
0.0400801603206 0.0
0.060120240481 0.0
0.0801603206413 0.0
0.100200400802 0.0
0.120240480962 0.0
0.140280561122 0.0
0.160320641283 0.0
0.180360721443 0.0
0.200400801603 0.0
0.220440881764 0.0
0.240480961924 0.0
0.260521042084 0.0
0.280561122244 0.0
0.300601202405 0.0
0.320641282565 0.0
0.340681362725 0.0
0.360721442886 0.0
0.380761523046 0.0
0.400801603206 0.0
0.420841683367 0.0
0.440881763527 4.48108249408e-11
0.460921843687 1.38996009485e-11
0.480961923848 1.05856278838e-11
0.501002004008 9.12661495062e-12
0.521042084168 8.29077365574e-12
0.541082164329 7.73889879368e-12
0.561122244489 7.34744714641e-12
0.581162324649 7.05741370736e-12
0.60120240481 6.83279087126e-12
0.62124248497 6.6501683796e-12
0.64128256513 6.49993866358e-12
0.661322645291 6.37729653041e-12
0.681362725451 6.26935687776e-12
0.701402805611 6.15419396366e-12
0.721442885772 6.05446801673e-12
0.741482965932 5.96432141115e-12
0.761523046092 5.87687063937e-12
0.781563126253 5.79831389433e-12
0.801603206413 5.7302312047e-12
0.821643286573 5.64863621895e-12
0.841683366733 5.55943428615e-12
0.861723446894 5.4767889217e-12
0.881763527054 5.38740723008e-12
0.901803607214 5.27288062615e-12
0.921843687375 5.1658683259e-12
0.941883767535 5.06455640334e-12
0.961923847695 4.9525452974e-12
0.981963927856 4.84571265311e-12
1.00200400802 4.7467017295e-12
1.02204408818 4.66165709205e-12
1.04208416834 4.58596009656e-12
1.0621242485 4.51299514395e-12
1.08216432866 4.43887444162e-12
1.10220440882 4.3635642329e-12
1.12224448898 4.29175689459e-12
1.14228456914 4.22711636702e-12
1.1623246493 4.14782130527e-12
1.18236472946 4.07075084675e-12
1.20240480962 3.9968145638e-12
1.22244488978 3.92451989015e-12
1.24248496994 3.85424545839e-12
1.2625250501 3.78648515146e-12
1.28256513026 3.7216726699e-12
1.30260521042 3.66144327894e-12
1.32264529058 3.603392136e-12
1.34268537074 3.54732426527e-12
1.3627254509 3.49898811088e-12
1.38276553106 3.45261498146e-12
1.40280561122 3.40715795164e-12
1.42284569138 3.35854908111e-12
1.44288577154 3.30891756857e-12
1.4629258517 3.26071059176e-12
1.48296593186 3.21425436379e-12
1.50300601202 3.17063555449e-12
1.52304609218 3.12832681498e-12
1.54308617234 3.08916230619e-12
1.56312625251 3.04431323058e-12
1.58316633267 3.00045348547e-12
1.60320641283 2.95783580099e-12
1.62324649299 2.91653132539e-12
1.64328657315 2.87642548104e-12
1.66332665331 2.83716782291e-12
1.68336673347 2.80002410224e-12
1.70340681363 2.76748729036e-12
1.72344689379 2.73578915146e-12
1.74348697395 2.70475106452e-12
1.76352705411 2.6587323383e-12
1.78356713427 2.61335201511e-12
1.80360721443 2.56908012223e-12
1.82364729459 2.53091238687e-12
1.84368737475 2.49645006967e-12
1.86372745491 2.46279150212e-12
1.88376753507 2.4342404587e-12
1.90380761523 2.41588202096e-12
1.92384769539 2.39794300023e-12
1.94388777555 2.38040887078e-12
1.96392785571 2.34676808612e-12
1.98396793587 2.31352244323e-12
2.00400801603 2.27845461764e-12
2.02404809619 2.25012359182e-12
2.04408817635 2.22007676671e-12
2.06412825651 2.19067107994e-12
2.08416833667 2.16200026582e-12
2.10420841683 2.13416829653e-12
2.12424849699 2.10691127086e-12
2.14428857715 2.08021128832e-12
2.16432865731 2.05296813678e-12
2.18436873747 2.02625865022e-12
2.20440881764 2.00007711294e-12
2.2244488978 1.9712053643e-12
2.24448897796 1.94125897737e-12
2.26452905812 1.91188296899e-12
2.28456913828 1.88257335372e-12
2.30460921844 1.85283218116e-12
2.3246492986 1.82364009852e-12
2.34468937876 1.79498551147e-12
2.36472945892 1.77238768048e-12
2.38476953908 1.75019827974e-12
2.40480961924 1.72840616606e-12
2.4248496994 1.70641558051e-12
2.44488977956 1.684526401e-12
2.46492985972 1.66301787388e-12
2.48496993988 1.63917976108e-12
2.50501002004 1.610569377e-12
2.5250501002 1.58243891618e-12
2.54509018036 1.55489543071e-12
2.56513026052 1.53843828531e-12
2.58517034068 1.52225416566e-12
2.60521042084 1.50633622817e-12
2.625250501 1.48500527554e-12
2.64529058116 1.46138074314e-12
2.66533066132 1.43813024384e-12
2.68537074148 1.41542233701e-12
2.70541082164 1.39339354679e-12
2.7254509018 1.37170523988e-12
2.74549098196 1.35041500127e-12
2.76553106212 1.33243249129e-12
2.78557114228 1.31472235788e-12
2.80561122244 1.29727836435e-12
2.82565130261 1.27341427699e-12
2.84569138277 1.24694133661e-12
2.86573146293 1.22085362373e-12
2.88577154309 1.19855152042e-12
2.90581162325 1.18254669714e-12
2.92585170341 1.16677157517e-12
2.94589178357 1.15108107987e-12
2.96593186373 1.13135878875e-12
2.98597194389 1.1119119286e-12
3.00601202405 1.09273468753e-12
3.02605210421 1.07352607245e-12
3.04609218437 1.05445524589e-12
3.06613226453 1.0356431153e-12
3.08617234469 1.01747410204e-12
3.10621242485 1.0002020781e-12
3.12625250501 9.83159693651e-13
3.14629258517 9.66407148221e-13
3.16633266533 9.51342879802e-13
3.18637274549 9.36475126468e-13
3.20641282565 9.21800013214e-13
3.22645290581 9.04456118571e-13
3.24649298597 8.86185384071e-13
3.26653306613 8.68145868608e-13
3.28657314629 8.49675124123e-13
3.30661322645 8.30378032114e-13
3.32665330661 8.11320169156e-13
3.34669338677 7.92723613598e-13
3.36673346693 7.78431663747e-13
3.38677354709 7.64314077765e-13
3.40681362725 7.50367641879e-13
3.42685370741 7.35877653052e-13
3.44689378758 7.21289284148e-13
3.46693386774 7.06874344133e-13
3.4869739479 6.92866675294e-13
3.50701402806 6.79388055531e-13
3.52705410822 6.66066835514e-13
3.54709418838 6.52800461535e-13
3.56713426854 6.38203504508e-13
3.5871743487 6.23773762752e-13
3.60721442886 6.09508345248e-13
3.62725450902 5.96074055898e-13
3.64729458918 5.83033858006e-13
3.66733466934 5.70139670511e-13
3.6873747495 5.57808268935e-13
3.70741482966 5.46231312569e-13
3.72745490982 5.34781870104e-13
3.74749498998 5.23491448673e-13
3.76753507014 5.12748625799e-13
3.7875751503 5.02122183768e-13
3.80761523046 4.91610218876e-13
3.82765531062 4.79818591507e-13
3.84769539078 4.67673725106e-13
3.86773547094 4.55657357949e-13
3.8877755511 4.44442394467e-13
3.90781563126 4.34298266283e-13
3.92785571142 4.24259861056e-13
3.94789579158 4.14395432e-13
3.96793587174 4.05397713478e-13
3.9879759519 3.96492346248e-13
4.00801603206 3.87677899322e-13
4.02805611222 3.78123419497e-13
4.04809619238 3.68395319913e-13
4.06813627255 3.5876490147e-13
4.08817635271 3.49868674713e-13
4.10821643287 3.41924842704e-13
4.12825651303 3.34059655542e-13
4.14829659319 3.26243010005e-13
4.16833667335 3.18224469939e-13
4.18837675351 3.10284090789e-13
4.20841683367 3.02420722974e-13
4.22845691383 2.95177657695e-13
4.24849699399 2.8817173916e-13
4.26853707415 2.81232809444e-13
4.28857715431 2.74193435442e-13
4.30861723447 2.67004542752e-13
4.32865731463 2.59883359365e-13
4.34869739479 2.5290681205e-13
4.36873747495 2.46663138802e-13
4.38877755511 2.4047747108e-13
4.40881763527 2.34348995624e-13
4.42885771543 2.28701335622e-13
4.44889779559 2.23228695801e-13
4.46893787575 2.17805973805e-13
4.48897795591 2.12387264043e-13
4.50901803607 2.06961200859e-13
4.52905811623 2.01583934762e-13
4.54909819639 1.96281223866e-13
4.56913827655 1.91229475373e-13
4.58917835671 1.86222546762e-13
4.60921843687 1.81259837946e-13
4.62925851703 1.76395213226e-13
4.64929859719 1.71588062675e-13
4.66933867735 1.66822798871e-13
4.68937875752 1.62347747423e-13
4.70941883768 1.5820868402e-13
4.72945891784 1.54105233424e-13
4.749498998 1.4999578016e-13
4.76953907816 1.45633708053e-13
4.78957915832 1.41308657179e-13
4.80961923848 1.37020153583e-13
4.82965931864 1.33163534277e-13
4.8496993988 1.29441000793e-13
4.86973947896 1.25749539487e-13
4.88977955912 1.2216890771e-13
4.90981963928 1.18709778775e-13
4.92985971944 1.1527916328e-13
4.9498997996 1.11921896641e-13
4.96993987976 1.08880383006e-13
4.98997995992 1.058636397e-13
5.01002004008 1.02926649791e-13
5.03006012024 1.00064480441e-13
5.0501002004 9.72253355258e-14
5.07014028056 9.45570528228e-14
5.09018036072 9.19131063197e-14
5.11022044088 8.92901739153e-14
5.13026052104 8.66880034473e-14
5.1503006012 8.41063468203e-14
5.17034068136 8.17270645367e-14
5.19038076152 7.93780968521e-14
5.21042084168 7.70474318061e-14
5.23046092184 7.47348540801e-14
5.250501002 7.24401517617e-14
5.27054108216 7.03707187748e-14
5.29058116232 6.83403975757e-14
5.31062124248 6.63255936946e-14
5.33066132265 6.43261280296e-14
5.35070140281 6.23418242597e-14
5.37074148297 6.04294168589e-14
5.39078156313 5.85407375592e-14
5.41082164329 5.66662165622e-14
5.43086172345 5.48056936261e-14
5.45090180361 5.29590109492e-14
5.47094188377 5.13066935426e-14
5.49098196393 4.9706578213e-14
5.51102204409 4.8118238444e-14
5.53106212425 4.65415433521e-14
5.55110220441 4.49763640127e-14
5.57114228457 4.34883794939e-14
5.59118236473 4.20299202769e-14
5.61122244489 4.05819972403e-14
5.63126252505 3.91444954415e-14
5.65130260521 3.77173016265e-14
5.67134268537 3.64200141007e-14
5.69138276553 3.51744540442e-14
5.71142284569 3.39377330105e-14
5.73146292585 3.27097562467e-14
5.75150300601 3.14904303687e-14
5.77154308617 3.03230052696e-14
5.79158316633 2.9182526426e-14
5.81162324649 2.80499974877e-14
5.83166332665 2.69253347593e-14
5.85170340681 2.58084557327e-14
5.87174348697 2.4752245752e-14
5.89178356713 2.37309073531e-14
5.91182364729 2.27165651904e-14
5.93186372745 2.17091468855e-14
5.95190380762 2.0708581069e-14
5.97194388778 1.9812587625e-14
5.99198396794 1.89833634354e-14
6.0120240481 1.81597255492e-14
6.03206412826 1.73416170887e-14
6.05210420842 1.65289819581e-14
6.07214428858 1.5762321591e-14
6.09218436874 1.50305411812e-14
6.1122244489 1.43036084874e-14
6.13226452906 1.35814749704e-14
6.15230460922 1.28640927473e-14
6.17234468938 1.21749486221e-14
6.19238476954 1.15106675293e-14
6.2124248497 1.08507142998e-14
6.23246492986 1.01950463218e-14
6.25250501002 9.5436215504e-15
6.27254509018 8.94595447605e-15
6.29258517034 8.40253384172e-15
6.3126252505 7.86259786166e-15
6.33266533066 7.32611274279e-15
6.35270541082 6.79304513527e-15
6.37274549098 6.2975201611e-15
6.39278557114 5.84598967458e-15
6.4128256513 5.39730953061e-15
6.43286573146 4.95145250054e-15
6.45290581162 4.50839170805e-15
6.47294589178 4.11874872137e-15
6.49298597194 3.80295472207e-15
6.5130260521 3.4891257123e-15
6.53306613226 3.17724314172e-15
6.55310621242 2.86728869827e-15
6.57314629259 2.59452075974e-15
6.59318637275 2.38236650354e-15
6.61322645291 2.17151462098e-15
6.63326653307 1.96195293528e-15
6.65330661323 1.75366942563e-15
6.67334669339 1.55365689074e-15
6.69338677355 1.36882507449e-15
6.71342685371 1.1851107852e-15
6.73346693387 1.00250372844e-15
6.75350701403 8.20993739892e-16
6.77354709419 6.59520385107e-16
6.79358717435 5.44619362139e-16
6.81362725451 4.30405004835e-16
6.83366733467 3.16871018215e-16
6.85370741483 2.04011187414e-16
6.87374749499 1.15057330333e-16
6.89378757515 9.52157339241e-17
6.91382765531 7.54964360965e-17
6.93386773547 5.58981846298e-17
6.95390781563 3.64197469006e-17
6.97394789579 2.06775381106e-17
6.99398797595 1.84302953756e-17
7.01402805611 1.62017842032e-17
7.03406813627 1.39916844685e-17
7.05410821643 1.1799684044e-17
7.07414829659 9.85131952734e-18
7.09418837675 9.00540674632e-18
7.11422845691 8.16928957305e-18
7.13426853707 7.34274844485e-18
7.15430861723 6.52556999574e-18
7.17434869739 5.7995759484e-18
7.19438877756 5.62317303581e-18
7.21442885772 5.45205589911e-18
7.23446893788 5.28606314708e-18
7.25450901804 5.12503837712e-18
7.2745490982 4.96904536552e-18
7.29458917836 4.81986786289e-18
7.31462925852 4.6752045432e-18
7.33466933868 4.53491755215e-18
7.35470941884 4.39887328991e-18
7.374749499 4.2669422782e-18
7.39478957916 4.13899903161e-18
7.41482965932 4.01492193294e-18
7.43486973948 3.89459311251e-18
7.45490981964 3.77789833133e-18
7.4749498998 3.66472686787e-18
7.49498997996 3.55497140852e-18
7.51503006012 3.4485279414e-18
7.53507014028 3.34529565364e-18
7.55511022044 3.24517683179e-18
7.5751503006 3.14807676544e-18
7.59519038076 3.05390365386e-18
7.61523046092 2.96256851559e-18
7.63527054108 2.87398510084e-18
7.65531062124 2.78806980669e-18
7.6753507014 2.70474159496e-18
7.69539078156 2.62392191261e-18
7.71543086172 2.54553461471e-18
7.73547094188 2.46950588977e-18
7.75551102204 2.39576418745e-18
7.7755511022 2.32424014855e-18
7.79559118236 2.25486653715e-18
7.81563126253 2.1875781749e-18
7.83567134269 2.12231187739e-18
7.85571142285 2.05900639248e-18
7.87575150301 1.9976023406e-18
7.89579158317 1.93804215687e-18
7.91583166333 1.88027003504e-18
7.93587174349 1.82423187325e-18
7.95591182365 1.76987522138e-18
7.97595190381 1.71714923013e-18
7.99599198397 1.66600460163e-18
8.01603206413 1.61639354163e-18
8.03607214429 1.56826971317e-18
8.05611222445 1.5215881917e-18
8.07615230461 1.47630542157e-18
8.09619238477 1.43237917391e-18
8.11623246493 1.38976850584e-18
8.13627254509 1.34843372083e-18
8.15631262525 1.30833633049e-18
8.17635270541 1.26943901736e-18
8.19639278557 1.23170559897e-18
8.21643286573 1.19510099299e-18
8.23647294589 1.15959118341e-18
8.25651302605 1.12514318789e-18
8.27655310621 1.09172502598e-18
8.29659318637 1.05930568842e-18
8.31663326653 1.02785510737e-18
8.33667334669 9.97344127563e-19
8.35671342685 9.67744478327e-19
8.37675350701 9.39028746513e-19
8.39679358717 9.11170350233e-19
8.41683366733 8.84143513423e-19
8.43687374749 8.57923241187e-19
8.45691382766 8.32485295907e-19
8.47695390782 8.07806174089e-19
8.49699398798 7.83863083928e-19
8.51703406814 7.60633923558e-19
8.5370741483 7.38097259986e-19
8.55711422846 7.16232308662e-19
8.57715430862 6.95018913691e-19
8.59719438878 6.74437528645e-19
8.61723446894 6.5446919798e-19
8.6372745491 6.35095539006e-19
8.65731462926 6.16298724434e-19
8.67735470942 5.98061465444e-19
8.69739478958 5.80366995282e-19
8.71743486974 5.6319905336e-19
8.7374749499 5.46541869843e-19
8.75751503006 5.30380150716e-19
8.77755511022 5.14699063301e-19
8.79759519038 4.99484222225e-19
8.81763527054 4.84721675821e-19
8.8376753507 4.70397892936e-19
8.85771543086 4.5649975016e-19
8.87775551102 4.43014519431e-19
8.89779559118 4.29929856029e-19
8.91783567134 4.17233786937e-19
8.9378757515 4.04914699557e-19
8.95791583166 3.92961330773e-19
8.97795591182 3.81362756346e-19
8.99799599198 3.70108380643e-19
9.01803607214 3.59187926663e-19
9.0380761523 3.4859142639e-19
9.05811623246 3.38309211421e-19
9.07815631263 3.28331903895e-19
9.09819639279 3.1865040769e-19
9.11823647295 3.09255899897e-19
9.13827655311 3.00139822543e-19
9.15831663327 2.91293874582e-19
9.17835671343 2.82710004118e-19
9.19839679359 2.74380400868e-19
9.21843687375 2.66297488862e-19
9.23847695391 2.58453919355e-19
9.25851703407 2.50842563963e-19
9.27855711423 2.43456508006e-19
9.29859719439 2.36289044053e-19
9.31863727455 2.29333665662e-19
9.33867735471 2.22584061315e-19
9.35871743487 2.16034108535e-19
9.37875751503 2.09677868183e-19
9.39879759519 2.03509578925e-19
9.41883767535 1.97523651874e-19
9.43887775551 1.91714665387e-19
9.45891783567 1.86077360028e-19
9.47895791583 1.80606633678e-19
9.49899799599 1.75297536797e-19
9.51903807615 1.70145267827e-19
9.53907815631 1.65145168738e-19
9.55911823647 1.60292720708e-19
9.57915831663 1.5558353993e-19
9.59919839679 1.51013373554e-19
9.61923847695 1.46578095746e-19
9.63927855711 1.42273703868e-19
9.65931863727 1.38096314774e-19
9.67935871743 1.34042161219e-19
9.6993987976 1.30107588377e-19
9.71943887776 1.26289050459e-19
9.73947895792 1.22583107445e-19
9.75951903808 1.18986421902e-19
9.77955911824 1.15495755906e-19
9.7995991984 1.12107968057e-19
9.81963927856 1.08820010579e-19
9.83967935872 1.05628926515e-19
9.85971943888 1.02531846999e-19
9.87975951904 9.95259886194e-20
9.8997995992 0.0
9.91983967936 0.0
9.93987975952 0.0
9.95991983968 0.0
9.97995991984 0.0
10.0 0.0
