0.0 0.0
0.0200400801603 0.0
0.0400801603206 0.0
0.060120240481 0.0
0.0801603206413 0.0
0.100200400802 0.0
0.120240480962 0.0
0.140280561122 0.0
0.160320641283 0.0
0.180360721443 2.31548048207e-11
0.200400801603 1.54252335472e-11
0.220440881764 5.60288347819e-10
0.240480961924 5.17589858732e-10
0.260521042084 1.61221985081e-11
0.280561122244 1.74228962988e-11
0.300601202405 1.85000433457e-11
0.320641282565 1.97473338057e-11
0.340681362725 2.12698609788e-11
0.360721442886 2.22153251277e-11
0.380761523046 2.30165613701e-11
0.400801603206 2.37350925251e-11
0.420841683367 2.44006832914e-11
0.440881763527 2.5018411159e-11
0.460921843687 2.55832337845e-11
0.480961923848 2.60847649445e-11
0.501002004008 2.64950414368e-11
0.521042084168 2.68754948665e-11
0.541082164329 2.72246736834e-11
0.561122244489 2.75400170485e-11
0.581162324649 2.78340679967e-11
0.60120240481 2.81083202924e-11
0.62124248497 2.83468840663e-11
0.64128256513 2.85588867893e-11
0.661322645291 2.87598199564e-11
0.681362725451 2.89121773282e-11
0.701402805611 2.89400158406e-11
0.721442885772 2.89675719107e-11
0.741482965932 2.89922509267e-11
0.761523046092 2.89768529963e-11
0.781563126253 2.89597964904e-11
0.801603206413 2.89464701158e-11
0.821643286573 2.88207034052e-11
0.841683366733 2.86231481963e-11
0.861723446894 2.84351654164e-11
0.881763527054 2.8193962039e-11
0.901803607214 2.77930314045e-11
0.921843687375 2.74105503681e-11
0.941883767535 2.70443102347e-11
0.961923847695 2.66015262603e-11
0.981963927856 2.61706632107e-11
1.00200400802 2.57595275615e-11
1.02204408818 2.54078302873e-11
1.04208416834 2.5097557181e-11
1.0621242485 2.47984310298e-11
1.08216432866 2.44979852965e-11
1.10220440882 2.41819482182e-11
1.12224448898 2.38776147501e-11
1.14228456914 2.35879915692e-11
1.1623246493 2.32075366193e-11
1.18236472946 2.28338507907e-11
1.20240480962 2.24729291228e-11
1.22244488978 2.21165955555e-11
1.24248496994 2.17672932311e-11
1.2625250501 2.14291834949e-11
1.28256513026 2.11064586146e-11
1.30260521042 2.08066278799e-11
1.32264529058 2.0516098153e-11
1.34268537074 2.02343700206e-11
1.3627254509 1.99948324148e-11
1.38276553106 1.9764182116e-11
1.40280561122 1.95396523562e-11
1.42284569138 1.92962161222e-11
1.44288577154 1.9044509595e-11
1.4629258517 1.87996943119e-11
1.48296593186 1.85647447883e-11
1.50300601202 1.83445253078e-11
1.52304609218 1.81302052546e-11
1.54308617234 1.79233754868e-11
1.56312625251 1.76814017925e-11
1.58316633267 1.74439506755e-11
1.60320641283 1.72125384699e-11
1.62324649299 1.69876989854e-11
1.64328657315 1.67688689876e-11
1.66332665331 1.65551671152e-11
1.68336673347 1.6355482604e-11
1.70340681363 1.61821483452e-11
1.72344689379 1.60129011643e-11
1.74348697395 1.58474559788e-11
1.76352705411 1.55921625232e-11
1.78356713427 1.53397731204e-11
1.80360721443 1.50930667704e-11
1.82364729459 1.48818677561e-11
1.84368737475 1.46920269387e-11
1.86372745491 1.4506313052e-11
1.88376753507 1.43504357371e-11
1.90380761523 1.42548195756e-11
1.92384769539 1.41612209575e-11
1.94388777555 1.40695764806e-11
1.96392785571 1.38812151686e-11
1.98396793587 1.36947017058e-11
2.00400801603 1.35094721306e-11
2.02404809619 1.33371164299e-11
2.04408817635 1.31676665752e-11
2.06412825651 1.30015539123e-11
2.08416833667 1.28393658117e-11
2.10420841683 1.26817505771e-11
2.12424849699 1.25271500209e-11
2.14428857715 1.23754782522e-11
2.16432865731 1.22201528668e-11
2.18436873747 1.20676510722e-11
2.20440881764 1.19179569816e-11
2.2244488978 1.17517556782e-11
2.24448897796 1.1578753931e-11
2.26452905812 1.14088475196e-11
2.28456913828 1.12390221541e-11
2.30460921844 1.10662955907e-11
2.3246492986 1.08965772064e-11
2.34468937876 1.07298112492e-11
2.36472945892 1.05992340434e-11
2.38476953908 1.04708754526e-11
2.40480961924 1.03446792642e-11
2.4248496994 1.0217066966e-11
2.44488977956 1.00898527833e-11
2.46492985972 9.96472798307e-12
2.48496993988 9.82536357634e-12
2.50501002004 9.65702884283e-12
2.5250501002 9.49138770611e-12
2.54509018036 9.32909499745e-12
2.56513026052 9.23350735757e-12
2.58517034068 9.13941698338e-12
2.60521042084 9.04678887453e-12
2.625250501 8.92134348125e-12
2.64529058116 8.78190290083e-12
2.66533066132 8.6445750694e-12
2.68537074148 8.51038442677e-12
2.70541082164 8.38016233422e-12
2.7254509018 8.25186931987e-12
2.74549098196 8.12585880673e-12
2.76553106212 8.01972359075e-12
2.78557114228 7.91512718128e-12
2.80561122244 7.81203627029e-12
2.82565130261 7.67002105793e-12
2.84569138277 7.51211869937e-12
2.86573146293 7.35643743473e-12
2.88577154309 7.22355425783e-12
2.90581162325 7.12868012552e-12
2.92585170341 7.03511465085e-12
2.94589178357 6.94198297723e-12
2.96593186373 6.8243697204e-12
2.98597194389 6.7083443207e-12
3.00601202405 6.59387476668e-12
3.02605210421 6.47914139391e-12
3.04609218437 6.36517098352e-12
3.06613226453 6.25269843889e-12
3.08617234469 6.14405523947e-12
3.10621242485 6.04078290076e-12
3.12625250501 5.93884161968e-12
3.14629258517 5.83859853097e-12
3.16633266533 5.74853130748e-12
3.18637274549 5.65960307725e-12
3.20641282565 5.57179232194e-12
3.22645290581 5.46775369899e-12
3.24649298597 5.35804529861e-12
3.26653306613 5.24968904778e-12
3.28657314629 5.13866959401e-12
3.30661322645 5.02259129669e-12
3.32665330661 4.90791729209e-12
3.34669338677 4.79599647179e-12
3.36673346693 4.71014628283e-12
3.38677354709 4.6253165931e-12
3.40681362725 4.54148927661e-12
3.42685370741 4.45432877838e-12
3.44689378758 4.36653685649e-12
3.46693386774 4.27976399327e-12
3.4869739479 4.1954307355e-12
3.50701402806 4.11427780276e-12
3.52705410822 4.03405072467e-12
3.54709418838 3.9541279638e-12
3.56713426854 3.86609882401e-12
3.5871743487 3.7790568002e-12
3.60721442886 3.69298535121e-12
3.62725450902 3.61193481957e-12
3.64729458918 3.5332527862e-12
3.66733466934 3.45543368583e-12
3.6873747495 3.38100988389e-12
3.70741482966 3.31114693716e-12
3.72745490982 3.24203783347e-12
3.74749498998 3.17387471146e-12
3.76753507014 3.10901917303e-12
3.7875751503 3.04485228287e-12
3.80761523046 2.98136311018e-12
3.82765531062 2.91008038018e-12
3.84769539078 2.83663317842e-12
3.86773547094 2.7639493713e-12
3.8877755511 2.6961193855e-12
3.90781563126 2.63478217244e-12
3.92785571142 2.57407276958e-12
3.94789579158 2.51440658321e-12
3.96793587174 2.45999545649e-12
3.9879759519 2.40613285003e-12
4.00801603206 2.35281049607e-12
4.02805611222 2.29497645702e-12
4.04809619238 2.23607443638e-12
4.06813627255 2.1777543243e-12
4.08817635271 2.12388721829e-12
4.10821643287 2.07580106359e-12
4.12825651303 2.02818309165e-12
4.14829659319 1.98085054619e-12
4.16833667335 1.93228049812e-12
4.18837675351 1.88417647945e-12
4.20841683367 1.83653180368e-12
4.22845691383 1.79265167434e-12
4.24849699399 1.75020593221e-12
4.26853707415 1.70815979531e-12
4.28857715431 1.66549486881e-12
4.30861723447 1.62191269278e-12
4.32865731463 1.57873505374e-12
4.34869739479 1.53643026537e-12
4.36873747495 1.49857800793e-12
4.38877755511 1.46107229587e-12
4.40881763527 1.4239083839e-12
4.42885771543 1.38966449726e-12
4.44889779559 1.35648008761e-12
4.46893787575 1.32359402984e-12
4.48897795591 1.29072709686e-12
4.50901803607 1.25781024549e-12
4.52905811623 1.22518537639e-12
4.54909819639 1.19300943674e-12
4.56913827655 1.16235642948e-12
4.58917835671 1.13197174821e-12
4.60921843687 1.10185187929e-12
4.62925851703 1.07232487721e-12
4.64929859719 1.04314366996e-12
4.66933867735 1.0142134922e-12
4.68937875752 9.87046393796e-13
4.70941883768 9.61921354969e-13
4.72945891784 9.37009712456e-13
4.749498998 9.12058171182e-13
4.76953907816 8.85565097669e-13
4.78957915832 8.5929417837e-13
4.80961923848 8.33242626395e-13
4.82965931864 8.09818070756e-13
4.8496993988 7.87207226057e-13
4.86973947896 7.64782861166e-13
4.88977955912 7.43030809653e-13
4.90981963928 7.22016199802e-13
4.92985971944 7.01172784718e-13
4.9498997996 6.80773725059e-13
4.96993987976 6.62295610045e-13
4.98997995992 6.43966214935e-13
5.01002004008 6.26120526277e-13
5.03006012024 6.08728584471e-13
5.0501002004 5.91474947332e-13
5.07014028056 5.75260279144e-13
5.09018036072 5.59192066561e-13
5.11022044088 5.43250124945e-13
5.13026052104 5.27432969226e-13
5.1503006012 5.11739137573e-13
5.17034068136 4.97276685822e-13
5.19038076152 4.82997420819e-13
5.21042084168 4.68828203732e-13
5.23046092184 4.54767765163e-13
5.250501002 4.40814855205e-13
5.27054108216 4.28233236781e-13
5.29058116232 4.15888687537e-13
5.31062124248 4.03637477496e-13
5.33066132265 3.91478550236e-13
5.35070140281 3.79410865254e-13
5.37074148297 3.67780196961e-13
5.39078156313 3.56293054841e-13
5.41082164329 3.44891152148e-13
5.43086172345 3.33573542084e-13
5.45090180361 3.22339291848e-13
5.47094188377 3.12288670136e-13
5.49098196393 3.0255531618e-13
5.51102204409 2.92892873734e-13
5.53106212425 2.83300569381e-13
5.55110220441 2.73777640938e-13
5.57114228457 2.64724443745e-13
5.59118236473 2.55850458681e-13
5.61122244489 2.47039965091e-13
5.63126252505 2.38292282883e-13
5.65130260521 2.29606741665e-13
5.67134268537 2.21712415217e-13
5.69138276553 2.14132786807e-13
5.71142284569 2.06606436733e-13
5.73146292585 1.9913280426e-13
5.75150300601 1.91711336518e-13
5.77154308617 1.84605718394e-13
5.79158316633 1.77663843646e-13
5.81162324649 1.70769919558e-13
5.83166332665 1.63923450197e-13
5.85170340681 1.57123946461e-13
5.87174348697 1.50693859941e-13
5.89178356713 1.4447593199e-13
5.91182364729 1.38300223895e-13
5.93186372745 1.32166306396e-13
5.95190380762 1.26073756052e-13
5.97194388778 1.20618423441e-13
5.99198396794 1.15569842638e-13
6.0120240481 1.10554971403e-13
6.03206412826 1.05573472652e-13
6.05210420842 1.00625013787e-13
6.07214428858 9.59565772874e-14
6.09218436874 9.15005272767e-14
6.1122244489 8.70737415997e-14
6.13226452906 8.26759324115e-14
6.15230460922 7.83068156406e-14
6.17234468938 7.41096294323e-14
6.19238476954 7.00638048347e-14
6.2124248497 6.60441203734e-14
6.23246492986 6.20503230906e-14
6.25250501002 5.8082163291e-14
6.27254509018 5.44416246068e-14
6.29258517034 5.11317064563e-14
6.3126252505 4.78428348103e-14
6.33266533066 4.45748091967e-14
6.35270541082 4.13274316889e-14
6.37274549098 3.83088424505e-14
6.39278557114 3.55584061886e-14
6.4128256513 3.2825185896e-14
6.43286573146 3.01090201226e-14
6.45290581162 2.74097494375e-14
6.47294589178 2.50361472263e-14
6.49298597194 2.31128518149e-14
6.5130260521 2.12014120154e-14
6.53306613226 1.93017182838e-14
6.55310621242 1.74136624272e-14
6.57314629259 1.57523212672e-14
6.59318637275 1.44606113958e-14
6.61322645291 1.31767455685e-14
6.63326653307 1.19006523341e-14
6.65330661323 1.06322611111e-14
6.67334669339 9.41423257369e-15
6.69338677355 8.28872257915e-15
6.71342685371 7.16994519873e-15
6.73346693387 6.05784001605e-15
6.75350701403 4.95234733955e-15
6.77354709419 3.96901238845e-15
6.79358717435 3.26972685943e-15
6.81362725451 2.57456501274e-15
6.83366733467 1.88349032336e-15
6.85370741483 1.19646669984e-15
6.87374749499 6.55231746647e-16
6.89378757515 5.35595062937e-16
6.91382765531 4.16659097753e-16
6.93386773547 2.9841758539e-16
6.95390781563 1.80864337494e-16
6.97394789579 8.60652790512e-17
6.99398797595 7.35633434597e-17
7.01402805611 6.11387146049e-17
7.03406813627 4.8790572326e-17
7.05410821643 3.65181101237e-17
7.07414829659 2.56985125417e-17
7.09418837675 2.15729983797e-17
7.11422845691 1.74757416715e-17
7.13426853707 1.34063677223e-17
7.15430861723 9.36450975772e-18
7.17434869739 5.85033568003e-18
7.19438877756 5.66187952884e-18
7.21442885772 5.47876594314e-18
7.23446893788 5.30083340168e-18
7.25450901804 5.12792536157e-18
7.2745490982 4.96120416737e-18
7.29458917836 4.81230385401e-18
7.31462925852 4.66790775861e-18
7.33466933868 4.52787839175e-18
7.35470941884 4.39208250487e-18
7.374749499 4.26039095784e-18
7.39478957916 4.13267859079e-18
7.41482965932 4.0088240999e-18
7.43486973948 3.88870991726e-18
7.45490981964 3.77222209437e-18
7.4749498998 3.65925018941e-18
7.49498997996 3.5496871581e-18
7.51503006012 3.4434292479e-18
7.53507014028 3.34037589564e-18
7.55511022044 3.24042962834e-18
7.5751503006 3.14349596715e-18
7.59519038076 3.04948333435e-18
7.61523046092 2.95830296321e-18
7.63527054108 2.86986881078e-18
7.65531062124 2.78409747333e-18
7.6753507014 2.70090810453e-18
7.69539078156 2.62022233612e-18
7.71543086172 2.54196420115e-18
7.73547094188 2.46606005956e-18
7.75551102204 2.39243852614e-18
7.7755511022 2.32103040077e-18
7.79559118236 2.25176860073e-18
7.81563126253 2.1845880953e-18
7.83567134269 2.11942584227e-18
7.85571142285 2.05622072651e-18
7.87575150301 1.9949135004e-18
7.89579158317 1.93544672623e-18
7.91583166333 1.87776472028e-18
7.93587174349 1.82181349871e-18
7.95591182365 1.76754072514e-18
7.97595190381 1.71489565985e-18
7.99599198397 1.66382911057e-18
8.01603206413 1.61429338482e-18
8.03607214429 1.56624224368e-18
8.05611222445 1.51963085708e-18
8.07615230461 1.47441576044e-18
8.09619238477 1.43055481264e-18
8.11623246493 1.38800715536e-18
8.13627254509 1.34673317358e-18
8.15631262525 1.30669445747e-18
8.17635270541 1.26785376526e-18
8.19639278557 1.23017498748e-18
8.21643286573 1.19362311211e-18
8.23647294589 1.15816419095e-18
8.25651302605 1.123765307e-18
8.27655310621 1.09039454279e-18
8.29659318637 1.0580209498e-18
8.31663326653 1.02661451872e-18
8.33667334669 9.96146150701e-19
8.35671342685 9.66587629473e-19
8.37675350701 9.37911594327e-19
8.39679358717 9.10091513935e-19
8.41683366733 8.83101660974e-19
8.43687374749 8.56917087545e-19
8.45691382766 8.31513601338e-19
8.47695390782 8.06867742546e-19
8.49699398798 7.82956761487e-19
8.51703406814 7.5975859691e-19
8.5370741483 7.37251854984e-19
8.55711422846 7.15415788924e-19
8.57715430862 6.94230279248e-19
8.59719438878 6.73675814646e-19
8.61723446894 6.53733473435e-19
8.6372745491 6.34384905582e-19
8.65731462926 6.1561231529e-19
8.67735470942 5.97398444111e-19
8.69739478958 5.79726554581e-19
8.71743486974 5.62580414363e-19
8.7374749499 5.45944280868e-19
8.75751503006 5.29802886357e-19
8.77755511022 5.141414235e-19
8.79759519038 4.9894553137e-19
8.81763527054 4.84201281879e-19
8.8376753507 4.69895166621e-19
8.85771543086 4.56014084123e-19
8.87775551102 4.42545327488e-19
8.89779559118 4.29476572411e-19
8.91783567134 4.16795865567e-19
8.9378757515 4.04491613357e-19
8.95791583166 3.92552570991e-19
8.97795591182 3.80967831912e-19
8.99799599198 3.69726817543e-19
9.01803607214 3.5881926734e-19
9.0380761523 3.48235229163e-19
9.05811623246 3.37965049927e-19
9.07815631263 3.27999366549e-19
9.09819639279 3.18329097169e-19
9.11823647295 3.08945432633e-19
9.13827655311 2.99839828245e-19
9.15831663327 2.91003995768e-19
9.17835671343 2.82429895664e-19
9.19839679359 2.74109729579e-19
9.21843687375 2.6603593305e-19
9.23847695391 2.58201168439e-19
9.25851703407 2.50598318077e-19
9.27855711423 2.43220477628e-19
9.29859719439 2.36060949639e-19
9.31863727455 2.29113237301e-19
9.33867735471 2.22371038391e-19
9.35871743487 2.15828239403e-19
9.37875751503 2.09478909855e-19
9.39879759519 2.0331729677e-19
9.41883767535 1.97337819323e-19
9.43887775551 1.91535063658e-19
9.45891783567 1.8590377785e-19
9.47895791583 1.80438867032e-19
9.49899799599 1.75135388663e-19
9.51903807615 1.6998854794e-19
9.53907815631 1.64993693355e-19
9.55911823647 1.60146312379e-19
9.57915831663 1.55442027284e-19
9.59919839679 1.50876591084e-19
9.61923847695 1.46445883607e-19
9.63927855711 1.42145907681e-19
9.65931863727 1.37972785437e-19
9.67935871743 1.33922754723e-19
9.6993987976 1.29992165631e-19
9.71943887776 1.2617747712e-19
9.73947895792 1.22475253752e-19
9.75951903808 1.18882162521e-19
9.77955911824 1.15394969774e-19
9.7995991984 1.12010538236e-19
9.81963927856 1.08725824114e-19
9.83967935872 1.05537874296e-19
9.85971943888 1.02443823629e-19
9.87975951904 9.94408922849e-20
9.8997995992 0.0
9.91983967936 0.0
9.93987975952 0.0
9.95991983968 0.0
9.97995991984 0.0
10.0 0.0
