0.0 0.0
0.0200400801603 0.0
0.0400801603206 0.0
0.060120240481 5.83082092081e-11
0.0801603206413 4.79293322212e-11
0.100200400802 4.61183315946e-11
0.120240480962 4.61201625204e-11
0.140280561122 3.99172124091e-11
0.160320641283 3.19030524728e-11
0.180360721443 2.7777738319e-11
0.200400801603 2.5011119315e-11
0.220440881764 1.27562557184e-10
0.240480961924 1.26163551086e-10
0.260521042084 2.09024174872e-11
0.280561122244 1.99837177087e-11
0.300601202405 1.91472855608e-11
0.320641282565 1.84418329352e-11
0.340681362725 1.78654215912e-11
0.360721442886 1.72608920313e-11
0.380761523046 1.67045261314e-11
0.400801603206 1.61727593652e-11
0.420841683367 1.56967449976e-11
0.440881763527 1.52689082272e-11
0.460921843687 1.48601599566e-11
0.480961923848 1.44797220718e-11
0.501002004008 1.41170946843e-11
0.521042084168 1.37899197658e-11
0.541082164329 1.34870572037e-11
0.561122244489 1.32033968592e-11
0.581162324649 1.2941406534e-11
0.60120240481 1.27038524594e-11
0.62124248497 1.24761675666e-11
0.64128256513 1.22596215314e-11
0.661322645291 1.20668177276e-11
0.681362725451 1.18782189616e-11
0.701402805611 1.16693482614e-11
0.721442885772 1.14720489487e-11
0.741482965932 1.12833906591e-11
0.761523046092 1.10939639131e-11
0.781563126253 1.09159217377e-11
0.801603206413 1.07555958782e-11
0.821643286573 1.0573449719e-11
0.841683366733 1.03788396008e-11
0.861723446894 1.02001682195e-11
0.881763527054 1.00123718138e-11
0.901803607214 9.78669067582e-12
0.921843687375 9.5726088503e-12
0.941883767535 9.36847091242e-12
0.961923847695 9.14776028679e-12
0.981963927856 8.93560684139e-12
1.00200400802 8.73694909714e-12
1.02204408818 8.55846041905e-12
1.04208416834 8.39429746963e-12
1.0621242485 8.24177890368e-12
1.08216432866 8.08982449956e-12
1.10220440882 7.93609562961e-12
1.12224448898 7.78520162134e-12
1.14228456914 7.64226309686e-12
1.1623246493 7.47691468275e-12
1.18236472946 7.31820961542e-12
1.20240480962 7.17263837381e-12
1.22244488978 7.02976960845e-12
1.24248496994 6.89021142345e-12
1.2625250501 6.75524868186e-12
1.28256513026 6.62557273476e-12
1.30260521042 6.50335968153e-12
1.32264529058 6.38601443219e-12
1.34268537074 6.27292016619e-12
1.3627254509 6.17234405309e-12
1.38276553106 6.07595899263e-12
1.40280561122 5.98371181249e-12
1.42284569138 5.88688973788e-12
1.44288577154 5.78864578326e-12
1.4629258517 5.69476378723e-12
1.48296593186 5.60426095986e-12
1.50300601202 5.51845288246e-12
1.52304609218 5.43580245332e-12
1.54308617234 5.35746682066e-12
1.56312625251 5.27011896885e-12
1.58316633267 5.18516509899e-12
1.60320641283 5.10387554626e-12
1.62324649299 5.02481149882e-12
1.64328657315 4.9478251939e-12
1.66332665331 4.87349550441e-12
1.68336673347 4.80309700657e-12
1.70340681363 4.74025304254e-12
1.72344689379 4.67969947284e-12
1.74348697395 4.62088808625e-12
1.76352705411 4.53782310537e-12
1.78356713427 4.45594418877e-12
1.80360721443 4.3761049833e-12
1.82364729459 4.30623423223e-12
1.84368737475 4.24250810177e-12
1.86372745491 4.18157804951e-12
1.88376753507 4.12910833698e-12
1.90380761523 4.09331090782e-12
1.92384769539 4.05867516834e-12
1.94388777555 4.02497649976e-12
1.96392785571 3.96500338061e-12
1.98396793587 3.90585525804e-12
2.00400801603 3.84573027184e-12
2.02404809619 3.79308661359e-12
2.04408817635 3.73948275317e-12
2.06412825651 3.687670758e-12
2.08416833667 3.63711099356e-12
2.10420841683 3.58792622134e-12
2.12424849699 3.54017140162e-12
2.14428857715 3.49352713266e-12
2.16432865731 3.44598439266e-12
2.18436873747 3.39929002329e-12
2.20440881764 3.35351143662e-12
2.2244488978 3.30330815097e-12
2.24448897796 3.25140909776e-12
2.26452905812 3.20128577889e-12
2.28456913828 3.15127575684e-12
2.30460921844 3.10019295016e-12
2.3246492986 3.05033843827e-12
2.34468937876 3.00146577775e-12
2.36472945892 2.96266225373e-12
2.38476953908 2.92462233029e-12
2.40480961924 2.88732229558e-12
2.4248496994 2.84977476604e-12
2.44488977956 2.81246882844e-12
2.46492985972 2.77586039252e-12
2.48496993988 2.73547277702e-12
2.50501002004 2.68726664749e-12
2.5250501002 2.63990384687e-12
2.54509018036 2.59355810358e-12
2.56513026052 2.56557014201e-12
2.58517034068 2.53808322138e-12
2.60521042084 2.51108301044e-12
2.625250501 2.47517908965e-12
2.64529058116 2.43552019561e-12
2.66533066132 2.39651267029e-12
2.68537074148 2.35843326806e-12
2.70541082164 2.32150610275e-12
2.7254509018 2.28516935161e-12
2.74549098196 2.24951660459e-12
2.76553106212 2.21936268467e-12
2.78557114228 2.18968344895e-12
2.80561122244 2.16046705276e-12
2.82565130261 2.12063836184e-12
2.84569138277 2.07650357539e-12
2.86573146293 2.03301963175e-12
2.88577154309 1.99582016964e-12
2.90581162325 1.96906966782e-12
2.92585170341 1.94271455756e-12
2.94589178357 1.91651334614e-12
2.96593186373 1.88363969402e-12
2.98597194389 1.85123233314e-12
3.00601202405 1.81928091936e-12
3.02605210421 1.7872855089e-12
3.04609218437 1.75552592532e-12
3.06613226453 1.72420213093e-12
3.08617234469 1.69395153474e-12
3.10621242485 1.66519524873e-12
3.12625250501 1.63682548791e-12
3.14629258517 1.60894174141e-12
3.16633266533 1.58386548717e-12
3.18637274549 1.55912011835e-12
3.20641282565 1.5346988072e-12
3.22645290581 1.50584860588e-12
3.24649298597 1.47546108807e-12
3.26653306613 1.44545921821e-12
3.28657314629 1.41474212526e-12
3.30661322645 1.38265269045e-12
3.32665330661 1.35096098348e-12
3.34669338677 1.32003595086e-12
3.36673346693 1.29626583368e-12
3.38677354709 1.27278665182e-12
3.40681362725 1.24959288638e-12
3.42685370741 1.22549605459e-12
3.44689378758 1.20123591658e-12
3.46693386774 1.17726423348e-12
3.4869739479 1.15396980625e-12
3.50701402806 1.13155519221e-12
3.52705410822 1.10940223828e-12
3.54709418838 1.0873402444e-12
3.56713426854 1.06306409501e-12
3.5871743487 1.03906523974e-12
3.60721442886 1.01533881798e-12
3.62725450902 9.92994449631e-13
3.64729458918 9.71305012054e-13
3.66733466934 9.49857650749e-13
3.6873747495 9.29346071866e-13
3.70741482966 9.10089454811e-13
3.72745490982 8.91044284063e-13
3.74749498998 8.72262983212e-13
3.76753507014 8.54392535721e-13
3.7875751503 8.36715019131e-13
3.80761523046 8.19227237834e-13
3.82765531062 7.99607367687e-13
3.84769539078 7.79397886396e-13
3.86773547094 7.59401026822e-13
3.8877755511 7.40737676315e-13
3.90781563126 7.23856894087e-13
3.92785571142 7.07151155777e-13
3.94789579158 6.90734172428e-13
3.96793587174 6.75760174915e-13
3.9879759519 6.60939109378e-13
4.00801603206 6.46268587877e-13
4.02805611222 6.30363851947e-13
4.04809619238 6.14168622971e-13
4.06813627255 5.98134997761e-13
4.08817635271 5.83323896371e-13
4.10821643287 5.70099222574e-13
4.12825651303 5.57004732746e-13
4.14829659319 5.43990248039e-13
4.16833667335 5.30638257866e-13
4.18837675351 5.1741560712e-13
4.20841683367 5.04320388548e-13
4.22845691383 4.92258488532e-13
4.24849699399 4.80591155395e-13
4.26853707415 4.69034692035e-13
4.28857715431 4.57309889121e-13
4.30861723447 4.45334872783e-13
4.32865731463 4.33471893913e-13
4.34869739479 4.21849269063e-13
4.36873747495 4.11448183216e-13
4.38877755511 4.01143101042e-13
4.40881763527 3.90932675418e-13
4.42885771543 3.81523596652e-13
4.44889779559 3.72405824276e-13
4.46893787575 3.63370681928e-13
4.48897795591 3.54341589016e-13
4.50901803607 3.45299581302e-13
4.52905811623 3.36338345515e-13
4.54909819639 3.27500871551e-13
4.56913827655 3.1908154136e-13
4.58917835671 3.10736406771e-13
4.60921843687 3.02464475605e-13
4.62925851703 2.94355650121e-13
4.64929859719 2.86342174887e-13
4.66933867735 2.78398046753e-13
4.68937875752 2.70937747304e-13
4.70941883768 2.64037738026e-13
4.72945891784 2.57196698864e-13
4.749498998 2.50345170793e-13
4.76953907816 2.43071475213e-13
4.78957915832 2.35859085502e-13
4.80961923848 2.28707219525e-13
4.82965931864 2.22275895717e-13
4.8496993988 2.16068003595e-13
4.86973947896 2.09911576628e-13
4.88977955912 2.03939789369e-13
4.90981963928 1.98170483729e-13
4.92985971944 1.92448411573e-13
4.9498997996 1.86848446663e-13
4.96993987976 1.81775386106e-13
4.98997995992 1.76743363737e-13
5.01002004008 1.71844205584e-13
5.03006012024 1.67069687979e-13
5.0501002004 1.62333320978e-13
5.07014028056 1.57882017391e-13
5.09018036072 1.53471080894e-13
5.11022044088 1.49094968377e-13
5.13026052104 1.44753263739e-13
5.1503006012 1.4044555765e-13
5.17034068136 1.36475628189e-13
5.19038076152 1.32556095516e-13
5.21042084168 1.28666900324e-13
5.23046092184 1.24807687403e-13
5.250501002 1.20978107206e-13
5.27054108216 1.17524634191e-13
5.29058116232 1.14136299098e-13
5.31062124248 1.10773690098e-13
5.33066132265 1.07436511756e-13
5.35070140281 1.04124473256e-13
5.37074148297 1.0093237046e-13
5.39078156313 9.77797324832e-14
5.41082164329 9.46505740033e-14
5.43086172345 9.15446307851e-14
5.45090180361 8.84616426347e-14
5.47094188377 8.57032711477e-14
5.49098196393 8.30319800105e-14
5.51102204409 8.03802208248e-14
5.53106212425 7.77477777629e-14
5.55110220441 7.51344382394e-14
5.57114228457 7.2649967682e-14
5.59118236473 7.02147093429e-14
5.61122244489 6.77969319937e-14
5.63126252505 6.53964461196e-14
5.65130260521 6.30130649959e-14
5.67134268537 6.08466850058e-14
5.69138276553 5.87666522299e-14
5.71142284569 5.67012875913e-14
5.73146292585 5.46504348622e-14
5.75150300601 5.26139400754e-14
5.77154308617 5.06640996333e-14
5.79158316633 4.87592064069e-14
5.81162324649 4.68675096446e-14
5.83166332665 4.49888713553e-14
5.85170340681 4.31231555056e-14
5.87174348697 4.1358773011e-14
5.89178356713 3.96526040005e-14
5.91182364729 3.79580515051e-14
5.93186372745 3.62749961879e-14
5.95190380762 3.46033203744e-14
5.97194388778 3.3106400287e-14
5.99198396794 3.17210434327e-14
6.0120240481 3.034496327e-14
6.03206412826 2.89780660192e-14
6.05210420842 2.76202591874e-14
6.07214428858 2.63392630089e-14
6.09218436874 2.51165312373e-14
6.1122244489 2.39018515589e-14
6.13226452906 2.26951439394e-14
6.15230460922 2.1496329424e-14
6.17234468938 2.03446826575e-14
6.19238476954 1.92345629189e-14
6.2124248497 1.81316338102e-14
6.23246492986 1.70358250636e-14
6.25250501002 1.59470673422e-14
6.27254509018 1.49481640571e-14
6.29258517034 1.40399373366e-14
6.3126252505 1.31375010214e-14
6.33266533066 1.22407993886e-14
6.35270541082 1.1349777443e-14
6.37274549098 1.05215072992e-14
6.39278557114 9.76678257826e-15
6.4128256513 9.01679489594e-15
6.43286573146 8.27149935678e-15
6.45290581162 7.53085164356e-15
6.47294589178 6.87951876372e-15
6.49298597194 6.35167727874e-15
6.5130260521 5.82710080998e-15
6.53306613226 5.30575879198e-15
6.55310621242 4.7876210501e-15
6.57314629259 4.3316630127e-15
6.59318637275 3.97707353658e-15
6.61322645291 3.62464715117e-15
6.63326653307 3.27436381853e-15
6.65330661323 2.92620375608e-15
6.67334669339 2.59186457288e-15
6.69338677355 2.28290554293e-15
6.71342685371 1.97580288478e-15
6.73346693387 1.67053966186e-15
6.75350701403 1.36709915018e-15
6.77354709419 1.09716501596e-15
6.79358717435 9.05129963553e-16
6.81362725451 7.14234493075e-16
6.83366733467 5.24468276181e-16
6.85370741483 3.35821114939e-16
6.87374749499 1.87159317468e-16
6.89378757515 1.54114058883e-16
6.91382765531 1.21268748367e-16
6.93386773547 8.86213988251e-17
6.95390781563 5.61700540578e-17
6.97394789579 2.99653190156e-17
6.99398797595 2.63346946086e-17
7.01402805611 2.27318960308e-17
7.03406813627 1.915647266e-17
7.05410821643 1.56079856496e-17
7.07414829659 1.24638752805e-17
7.09418837675 1.11611845758e-17
7.11422845691 9.87182408727e-18
7.13426853707 8.59550249304e-18
7.15430861723 7.33193729012e-18
7.17434869739 6.21810943759e-18
7.19438877756 6.02113047366e-18
7.21442885772 5.83032185668e-18
7.23446893788 5.64548153895e-18
7.25450901804 5.46641434974e-18
7.2745490982 5.29329209726e-18
7.29458917836 5.12916328576e-18
7.31462925852 4.97023930202e-18
7.33466933868 4.8163503062e-18
7.35470941884 4.66733219922e-18
7.374749499 4.52302642041e-18
7.39478957916 4.38327975277e-18
7.41482965932 4.24794413535e-18
7.43486973948 4.11687648249e-18
7.45490981964 3.98993850977e-18
7.4749498998 3.86699656628e-18
7.49498997996 3.74792147299e-18
7.51503006012 3.63258836713e-18
7.53507014028 3.5208765521e-18
7.55511022044 3.41266935293e-18
7.5751503006 3.30785397697e-18
7.59519038076 3.20632137957e-18
7.61523046092 3.10796613468e-18
7.63527054108 3.01268631008e-18
7.65531062124 2.92038334713e-18
7.6753507014 2.83096194484e-18
7.69539078156 2.74432994805e-18
7.71543086172 2.6603982397e-18
7.73547094188 2.57908063688e-18
7.75551102204 2.50029379066e-18
7.7755511022 2.42395708938e-18
7.79559118236 2.34999256554e-18
7.81563126253 2.27832480582e-18
7.83567134269 2.20888086442e-18
7.85571142285 2.14159017944e-18
7.87575150301 2.07638449214e-18
7.89579158317 2.01319776915e-18
7.91583166333 1.95196612736e-18
7.93587174349 1.89262776146e-18
7.95591182365 1.835122874e-18
7.97595190381 1.77939360798e-18
7.99599198397 1.72538398168e-18
8.01603206413 1.67303982586e-18
8.03607214429 1.62230872313e-18
8.05611222445 1.57313994937e-18
8.07615230461 1.52548441725e-18
8.09619238477 1.47929462172e-18
8.11623246493 1.4345245873e-18
8.13627254509 1.39112981729e-18
8.15631262525 1.34906724469e-18
8.17635270541 1.30829518478e-18
8.19639278557 1.2687732894e-18
8.21643286573 1.23046250275e-18
8.23647294589 1.19332501873e-18
8.25651302605 1.15732423972e-18
8.27655310621 1.12242473679e-18
8.29659318637 1.08859221126e-18
8.31663326653 1.05579345758e-18
8.33667334669 1.02399632745e-18
8.35671342685 9.93169695186e-19
8.37675350701 9.63283424236e-19
8.39679358717 9.34308334864e-19
8.41683366733 9.06216172898e-19
8.43687374749 8.78979579543e-19
8.45691382766 8.52572062222e-19
8.47695390782 8.26967966382e-19
8.49699398798 8.02142448267e-19
8.51703406814 7.78071448594e-19
8.5370741483 7.54731667113e-19
8.55711422846 7.32100538028e-19
8.57715430862 7.1015620623e-19
8.59719438878 6.88877504328e-19
8.61723446894 6.68243930452e-19
8.6372745491 6.48235626785e-19
8.65731462926 6.28833358821e-19
8.67735470942 6.10018495301e-19
8.69739478958 5.91772988827e-19
8.71743486974 5.74079357106e-19
8.7374749499 5.56920664827e-19
8.75751503006 5.40280506128e-19
8.77755511022 5.24142987646e-19
8.79759519038 5.08492712127e-19
8.81763527054 4.93314762576e-19
8.8376753507 4.78594686922e-19
8.85771543086 4.64318483196e-19
8.87775551102 4.50472585191e-19
8.89779559118 4.37043848589e-19
8.91783567134 4.24019537552e-19
8.9378757515 4.11387311738e-19
8.95791583166 3.99135213753e-19
8.97795591182 3.87251657006e-19
8.99799599198 3.75725413963e-19
9.01803607214 3.64545604777e-19
9.0380761523 3.53701686298e-19
9.05811623246 3.43183441431e-19
9.07815631263 3.32980968844e-19
9.09819639279 3.23084673006e-19
9.11823647295 3.13485254553e-19
9.13827655311 3.04173700959e-19
9.15831663327 2.95141277511e-19
9.17835671343 2.86379518578e-19
9.19839679359 2.77880219158e-19
9.21843687375 2.69635426696e-19
9.23847695391 2.61637433171e-19
9.25851703407 2.53878767429e-19
9.27855711423 2.46352187771e-19
9.29859719439 2.39050674771e-19
9.31863727455 2.31967424329e-19
9.33867735471 2.25095840944e-19
9.35871743487 2.18429531202e-19
9.37875751503 2.11962297475e-19
9.39879759519 2.05688131815e-19
9.41883767535 1.9960121005e-19
9.43887775551 1.93695886063e-19
9.45891783567 1.87966686253e-19
9.47895791583 1.82408304176e-19
9.49899799599 1.77015595354e-19
9.51903807615 1.71783572243e-19
9.53907815631 1.66707399373e-19
9.55911823647 1.61782388632e-19
9.57915831663 1.57003994701e-19
9.59919839679 1.52367810635e-19
9.61923847695 1.47869563584e-19
9.63927855711 1.43505110649e-19
9.65931863727 1.39270434865e-19
9.67935871743 1.35161641316e-19
9.6993987976 1.31174953367e-19
9.71943887776 1.27306709022e-19
9.73947895792 1.23553357386e-19
9.75951903808 1.19911455248e-19
9.77955911824 1.16377663765e-19
9.7995991984 1.12948745254e-19
9.81963927856 1.09621560081e-19
9.83967935872 1.06393063649e-19
9.85971943888 1.03260303482e-19
9.87975951904 1.00220416396e-19
9.8997995992 0.0
9.91983967936 0.0
9.93987975952 0.0
9.95991983968 0.0
9.97995991984 0.0
10.0 0.0
