0.0 0.0
0.0200400801603 0.0
0.0400801603206 0.0
0.060120240481 0.0
0.0801603206413 0.0
0.100200400802 0.0
0.120240480962 0.0
0.140280561122 0.0
0.160320641283 0.0
0.180360721443 0.0
0.200400801603 0.0
0.220440881764 0.0
0.240480961924 0.0
0.260521042084 0.0
0.280561122244 7.23125770355e-11
0.300601202405 5.1800614303e-11
0.320641282565 4.67766657112e-11
0.340681362725 4.57136265164e-11
0.360721442886 4.47550989902e-11
0.380761523046 4.42745428347e-11
0.400801603206 4.41019225667e-11
0.420841683367 4.41358343814e-11
0.440881763527 4.42931759416e-11
0.460921843687 4.45091143021e-11
0.480961923848 4.47299565438e-11
0.501002004008 4.48843663553e-11
0.521042084168 4.50607070531e-11
0.541082164329 4.52454354215e-11
0.561122244489 4.54214664729e-11
0.581162324649 4.56015719676e-11
0.60120240481 4.57828037899e-11
0.62124248497 4.59340853798e-11
0.64128256513 4.60660312432e-11
0.661322645291 4.62001963897e-11
0.681362725451 4.6272949309e-11
0.701402805611 4.6162316346e-11
0.721442885772 4.60661556821e-11
0.741482965932 4.59797739531e-11
0.761523046092 4.58412569826e-11
0.781563126253 4.5710352104e-11
0.801603206413 4.55933145609e-11
0.821643286573 4.53064739173e-11
0.841683366733 4.49146088205e-11
0.861723446894 4.4545490151e-11
0.881763527054 4.41003807587e-11
0.901803607214 4.34113980296e-11
0.921843687375 4.27574307173e-11
0.941883767535 4.2134820821e-11
0.961923847695 4.13978063498e-11
0.981963927856 4.06840580374e-11
1.00200400802 4.00043164193e-11
1.02204408818 3.94201962588e-11
1.04208416834 3.89037492363e-11
1.0621242485 3.84081198996e-11
1.08216432866 3.79145790299e-11
1.10220440882 3.73992796313e-11
1.12224448898 3.69043290473e-11
1.14228456914 3.64322356094e-11
1.1623246493 3.58215496022e-11
1.18236472946 3.52232692143e-11
1.20240480962 3.46465123407e-11
1.22244488978 3.40784892987e-11
1.24248496994 3.35228236096e-11
1.2625250501 3.29859015665e-11
1.28256513026 3.24741958264e-11
1.30260521042 3.19989117634e-11
1.32264529058 3.15390010688e-11
1.34268537074 3.10936449767e-11
1.3627254509 3.07140841528e-11
1.38276553106 3.0348981304e-11
1.40280561122 2.99943427294e-11
1.42284569138 2.96115174729e-11
1.44288577154 2.92166344686e-11
1.4629258517 2.88330186585e-11
1.48296593186 2.84652828543e-11
1.50300601202 2.81206735081e-11
1.52304609218 2.7785593925e-11
1.54308617234 2.74614927386e-11
1.56312625251 2.7083915042e-11
1.58316633267 2.67137142055e-11
1.60320641283 2.63531786514e-11
1.62324649299 2.60031005833e-11
1.64328657315 2.56625934807e-11
1.66332665331 2.53303972998e-11
1.68336673347 2.5020236889e-11
1.70340681363 2.47507056845e-11
1.72344689379 2.44876879769e-11
1.74348697395 2.42308051376e-11
1.76352705411 2.38366689818e-11
1.78356713427 2.34472377182e-11
1.80360721443 2.30667403788e-11
1.82364729459 2.27407762415e-11
1.84368737475 2.24476774485e-11
1.86372745491 2.21610742872e-11
1.88376753507 2.19202579541e-11
1.90380761523 2.17717052045e-11
1.92384769539 2.16263584487e-11
1.94388777555 2.14841140882e-11
1.96392785571 2.11942064781e-11
1.98396793587 2.09072636051e-11
2.00400801603 2.06237106737e-11
2.02404809619 2.03571970123e-11
2.04408817635 2.0096628626e-11
2.06412825651 1.98412602803e-11
2.08416833667 1.95919829254e-11
2.10420841683 1.93497804803e-11
2.12424849699 1.91122684619e-11
2.14428857715 1.88793109259e-11
2.16432865731 1.8640856876e-11
2.18436873747 1.84067897197e-11
2.20440881764 1.81770810719e-11
2.2244488978 1.79222553371e-11
2.24448897796 1.76571260413e-11
2.26452905812 1.73967899989e-11
2.28456913828 1.71366452116e-11
2.30460921844 1.68721401707e-11
2.3246492986 1.66122867276e-11
2.34468937876 1.63569965424e-11
2.36472945892 1.61569525361e-11
2.38476953908 1.59603395713e-11
2.40480961924 1.57670695764e-11
2.4248496994 1.55716841307e-11
2.44488977956 1.53769481453e-11
2.46492985972 1.51854384242e-11
2.48496993988 1.49722607794e-11
2.50501002004 1.47149633852e-11
2.5250501002 1.44618160267e-11
2.54509018036 1.42138145842e-11
2.56513026052 1.40675164473e-11
2.58517034068 1.39235281174e-11
2.60521042084 1.37817950118e-11
2.625250501 1.35900800511e-11
2.64529058116 1.33770701298e-11
2.66533066132 1.31673106313e-11
2.68537074148 1.29623609396e-11
2.70541082164 1.2763486041e-11
2.7254509018 1.25675771819e-11
2.74549098196 1.23751715337e-11
2.76553106212 1.22130671706e-11
2.78557114228 1.20533284031e-11
2.80561122244 1.18959035644e-11
2.82565130261 1.16792124286e-11
2.84569138277 1.14383485448e-11
2.86573146293 1.1200892855e-11
2.88577154309 1.09981816378e-11
2.90581162325 1.08533745995e-11
2.92585170341 1.07105765646e-11
2.94589178357 1.05684546675e-11
2.96593186373 1.03890695448e-11
2.98597194389 1.02121194879e-11
3.00601202405 1.00375550291e-11
3.02605210421 9.8626049414e-12
3.04609218437 9.68883210404e-12
3.06613226453 9.51735483597e-12
3.08617234469 9.35172196166e-12
3.10621242485 9.1942792781e-12
3.12625250501 9.03887584633e-12
3.14629258517 8.88607002009e-12
3.16633266533 8.74876609898e-12
3.18637274549 8.61320675099e-12
3.20641282565 8.47935880041e-12
3.22645290581 8.32082073041e-12
3.24649298597 8.15366420495e-12
3.26653306613 7.98857703833e-12
3.28657314629 7.81944756085e-12
3.30661322645 7.6426298298e-12
3.32665330661 7.46796031497e-12
3.34669338677 7.29749138956e-12
3.36673346693 7.16670721128e-12
3.38677354709 7.03748403438e-12
3.40681362725 6.90979397432e-12
3.42685370741 6.77703931775e-12
3.44689378758 6.64333141285e-12
3.46693386774 6.51118157546e-12
3.4869739479 6.3827510328e-12
3.50701402806 6.25916643065e-12
3.52705410822 6.13699704772e-12
3.54709418838 6.01529697646e-12
3.56713426854 5.88126941538e-12
3.5871743487 5.74875018381e-12
3.60721442886 5.61771387903e-12
3.62725450902 5.49432238313e-12
3.64729458918 5.37453985865e-12
3.66733466934 5.25607552594e-12
3.6873747495 5.14278166433e-12
3.70741482966 5.03643099703e-12
3.72745490982 4.93123166928e-12
3.74749498998 4.82747580564e-12
3.76753507014 4.72875566911e-12
3.7875751503 4.63108709365e-12
3.80761523046 4.53445331458e-12
3.82765531062 4.42596847895e-12
3.84769539078 4.31419539526e-12
3.86773547094 4.20358759207e-12
3.8877755511 4.10036660593e-12
3.90781563126 4.00702486941e-12
3.92785571142 3.91464132049e-12
3.94789579158 3.82384766684e-12
3.96793587174 3.74104973784e-12
3.9879759519 3.65908885562e-12
4.00801603206 3.57795235442e-12
4.02805611222 3.4899567808e-12
4.04809619238 3.40033974118e-12
4.06813627255 3.31161045494e-12
4.08817635271 3.229656042e-12
4.10821643287 3.15649570427e-12
4.12825651303 3.08404954007e-12
4.14829659319 3.01203955354e-12
4.16833667335 2.93814972154e-12
4.18837675351 2.86497065922e-12
4.20841683367 2.79249213306e-12
4.22845691383 2.72574021887e-12
4.24849699399 2.66117130052e-12
4.26853707415 2.59721173819e-12
4.28857715431 2.53231288783e-12
4.30861723447 2.46602091352e-12
4.32865731463 2.4003457221e-12
4.34869739479 2.3359993655e-12
4.36873747495 2.27842485561e-12
4.38877755511 2.22137865074e-12
4.40881763527 2.16485349435e-12
4.42885771543 2.11276954078e-12
4.44889779559 2.06229769069e-12
4.46893787575 2.01228060612e-12
4.48897795591 1.96229370208e-12
4.50901803607 1.9122319831e-12
4.52905811623 1.86261526684e-12
4.54909819639 1.81368214588e-12
4.56913827655 1.76706548942e-12
4.58917835671 1.72085773729e-12
4.60921843687 1.6750535202e-12
4.62925851703 1.63015156921e-12
4.64929859719 1.58577621213e-12
4.66933867735 1.54178334656e-12
4.68937875752 1.50047173002e-12
4.70941883768 1.46226540965e-12
4.72945891784 1.42438420915e-12
4.749498998 1.38644303277e-12
4.76953907816 1.34615900576e-12
4.78957915832 1.30621340744e-12
4.80961923848 1.26660198158e-12
4.82965931864 1.23098482726e-12
4.8496993988 1.19660527195e-12
4.86973947896 1.16250976486e-12
4.88977955912 1.12943684521e-12
4.90981963928 1.09748548655e-12
4.92985971944 1.06579487109e-12
4.9498997996 1.03478022913e-12
4.96993987976 1.0066861504e-12
4.98997995992 9.78818564902e-13
5.01002004008 9.51686678181e-13
5.03006012024 9.25244926659e-13
5.0501002004 8.99013789736e-13
5.07014028056 8.74362337263e-13
5.09018036072 8.49933850549e-13
5.11022044088 8.25697638398e-13
5.13026052104 8.01651434831e-13
5.1503006012 7.77793009423e-13
5.17034068136 7.55806627018e-13
5.19038076152 7.34098976346e-13
5.21042084168 7.12558876682e-13
5.23046092184 6.91184391583e-13
5.250501002 6.699736144e-13
5.27054108216 6.50847427926e-13
5.29058116232 6.32081809435e-13
5.31062124248 6.1345828585e-13
5.33066132265 5.94975245999e-13
5.35070140281 5.76631103034e-13
5.37074148297 5.58951404464e-13
5.39078156313 5.41490053552e-13
5.41082164329 5.24158453254e-13
5.43086172345 5.06955159834e-13
5.45090180361 4.89878750947e-13
5.47094188377 4.7460150452e-13
5.49098196393 4.59806626244e-13
5.51102204409 4.45119677065e-13
5.53106212425 4.30539477904e-13
5.55110220441 4.16064866834e-13
5.57114228457 4.02304317993e-13
5.59118236473 3.88816276959e-13
5.61122244489 3.75424862402e-13
5.63126252505 3.62129037688e-13
5.65130260521 3.48927780994e-13
5.67134268537 3.36929138902e-13
5.69138276553 3.25408883292e-13
5.71142284569 3.13969702984e-13
5.73146292585 3.02610743454e-13
5.75150300601 2.91331162172e-13
5.77154308617 2.80531696456e-13
5.79158316633 2.6998117343e-13
5.81162324649 2.59503612308e-13
5.83166332665 2.49098257426e-13
5.85170340681 2.38764363538e-13
5.87174348697 2.28991968534e-13
5.89178356713 2.19542074066e-13
5.91182364729 2.10156416114e-13
5.93186372745 2.00834340707e-13
5.95190380762 1.91575202741e-13
5.97194388778 1.83284513339e-13
5.99198396794 1.75612022248e-13
6.0120240481 1.67990814431e-13
6.03206412826 1.60420376455e-13
6.05210420842 1.52900201736e-13
6.07214428858 1.45805619893e-13
6.09218436874 1.39033841709e-13
6.1122244489 1.32306580661e-13
6.13226452906 1.25623398385e-13
6.15230460922 1.18983862267e-13
6.17234468938 1.12605641089e-13
6.19238476954 1.06457474225e-13
6.2124248497 1.00349069199e-13
6.23246492986 9.42800408204e-14
6.25250501002 8.82500088731e-14
6.27254509018 8.27178686877e-14
6.29258517034 7.7688172305e-14
6.3126252505 7.2690486879e-14
6.33266533066 6.77245072077e-14
6.35270541082 6.27899319664e-14
6.37274549098 5.82030458458e-14
6.39278557114 5.40236624717e-14
6.4128256513 4.98704616752e-14
6.43286573146 4.57431977104e-14
6.45290581162 4.16416279059e-14
6.47294589178 3.80349489792e-14
6.49298597194 3.51125495056e-14
6.5130260521 3.22081777557e-14
6.53306613226 2.93216670613e-14
6.55310621242 2.64528528096e-14
6.57314629259 2.392854971e-14
6.59318637275 2.19659192248e-14
6.61322645291 2.00152142001e-14
6.63326653307 1.80763259876e-14
6.65330661323 1.61491472602e-14
6.67334669339 1.42985009326e-14
6.69338677355 1.25884420498e-14
6.71342685371 1.08886182341e-14
6.73346693387 9.19893762943e-15
6.75350701403 7.51930948025e-15
6.77354709419 6.02530229776e-15
6.79358717435 4.96290482211e-15
6.81362725451 3.90677444383e-15
6.83366733467 2.85685568281e-15
6.85370741483 1.8130937157e-15
6.87374749499 9.90852786177e-16
6.89378757515 8.09210788605e-16
6.91382765531 6.28630183604e-16
6.93386773547 4.49101562309e-16
6.95390781563 2.70615629688e-16
6.97394789579 1.26700253853e-16
6.99398797595 1.07826703428e-16
7.01402805611 8.90669930378e-17
7.03406813627 7.04199886053e-17
7.05410821643 5.1884573308e-17
7.07414829659 3.55533684805e-17
7.09418837675 2.93900304541e-17
7.11422845691 2.3266470639e-17
7.13426853707 1.71822166808e-17
7.15430861723 1.11368052499e-17
7.17434869739 5.89028077173e-18
7.19438877756 5.69403853004e-18
7.21442885772 5.50318503304e-18
7.23446893788 5.3175582803e-18
7.25450901804 5.13700125824e-18
7.2745490982 4.96335834535e-18
7.29458917836 4.81438190062e-18
7.31462925852 4.66991240995e-18
7.33466933868 4.52981228377e-18
7.35470941884 4.39394817709e-18
7.374749499 4.26219085697e-18
7.39478957916 4.13441507419e-18
7.41482965932 4.01049943891e-18
7.43486973948 3.89032630038e-18
7.45490981964 3.77378163037e-18
7.4749498998 3.66075491027e-18
7.49498997996 3.55113902187e-18
7.51503006012 3.44483014144e-18
7.53507014028 3.34172763727e-18
7.55511022044 3.24173397035e-18
7.5751503006 3.14475459828e-18
7.59519038076 3.0506978821e-18
7.61523046092 2.95947499614e-18
7.63527054108 2.87099984067e-18
7.65531062124 2.78518895726e-18
7.6753507014 2.70196144692e-18
7.69539078156 2.62123889065e-18
7.71543086172 2.54294527264e-18
7.73547094188 2.46700690576e-18
7.75551102204 2.39335235948e-18
7.7755511022 2.32191238998e-18
7.79559118236 2.25261987248e-18
7.81563126253 2.18540973574e-18
7.83567134269 2.12021889849e-18
7.85571142285 2.05698620798e-18
7.87575150301 1.99565238037e-18
7.89579158317 1.93615994302e-18
7.91583166333 1.87845317857e-18
7.93587174349 1.82247807077e-18
7.95591182365 1.76818225202e-18
7.97595190381 1.71551495249e-18
7.99599198397 1.66442695093e-18
8.01603206413 1.61487052689e-18
8.03607214429 1.56679941455e-18
8.05611222445 1.52016875788e-18
8.07615230461 1.47493506731e-18
8.09619238477 1.4310561776e-18
8.11623246493 1.38849120721e-18
8.13627254509 1.34720051876e-18
8.15631262525 1.30714568081e-18
8.17635270541 1.26828943083e-18
8.19639278557 1.23059563928e-18
8.21643286573 1.19402927485e-18
8.23647294589 1.15855637071e-18
8.25651302605 1.12414399191e-18
8.27655310621 1.09076020369e-18
8.29659318637 1.05837404084e-18
8.31663326653 1.02695547797e-18
8.33667334669 9.96475400749e-19
8.35671342685 9.66905577959e-19
8.37675350701 9.38218634488e-19
8.39679358717 9.1038802512e-19
8.41683366733 8.83388009145e-19
8.43687374749 8.57193625754e-19
8.45691382766 8.31780670194e-19
8.47695390782 8.07125670657e-19
8.49699398798 7.83205865889e-19
8.51703406814 7.59999183487e-19
8.5370741483 7.37484218859e-19
8.55711422846 7.15640214847e-19
8.57715430862 6.94447041968e-19
8.59719438878 6.73885179265e-19
8.61723446894 6.53935695751e-19
8.6372745491 6.34580232426e-19
8.65731462926 6.15800984839e-19
8.67735470942 5.975806862e-19
8.69739478958 5.79902590999e-19
8.71743486974 5.62750459137e-19
8.7374749499 5.46108540542e-19
8.75751503006 5.29961560255e-19
8.77755511022 5.14294703982e-19
8.79759519038 4.99093604082e-19
8.81763527054 4.84344325988e-19
8.8376753507 4.70033355045e-19
8.85771543086 4.56147583755e-19
8.87775551102 4.42674299403e-19
8.89779559118 4.29601172078e-19
8.91783567134 4.16916243044e-19
8.9378757515 4.04607913482e-19
8.95791583166 3.92664933568e-19
8.97795591182 3.81076391887e-19
8.99799599198 3.69831705174e-19
9.01803607214 3.58920608365e-19
9.0380761523 3.48333144959e-19
9.05811623246 3.38059657661e-19
9.07815631263 3.28090779328e-19
9.09819639279 3.18417424181e-19
9.11823647295 3.09030779287e-19
9.13827655311 2.99922296303e-19
9.15831663327 2.91083683472e-19
9.17835671343 2.8250689786e-19
9.19839679359 2.74184137835e-19
9.21843687375 2.66107835773e-19
9.23847695391 2.58270650983e-19
9.25851703407 2.50665462854e-19
9.27855711423 2.43285364205e-19
9.29859719439 2.36123654843e-19
9.31863727455 2.29173835312e-19
9.33867735471 2.22429600835e-19
9.35871743487 2.1588483544e-19
9.37875751503 2.09533606266e-19
9.39879759519 2.03370158041e-19
9.41883767535 1.97388907725e-19
9.43887775551 1.9158443932e-19
9.45891783567 1.85951498838e-19
9.47895791583 1.80484989419e-19
9.49899799599 1.75179966599e-19
9.51903807615 1.70031633719e-19
9.53907815631 1.65035337479e-19
9.55911823647 1.6018656362e-19
9.57915831663 1.55480932743e-19
9.59919839679 1.50914196252e-19
9.61923847695 1.46482232418e-19
9.63927855711 1.42181042567e-19
9.65931863727 1.38006747379e-19
9.67935871743 1.33955583305e-19
9.6993987976 1.30023899081e-19
9.71943887776 1.26208152366e-19
9.73947895792 1.2250490646e-19
9.75951903808 1.18910827141e-19
9.77955911824 1.15422679583e-19
9.7995991984 1.12037325376e-19
9.81963927856 1.08751719633e-19
9.83967935872 1.05562908185e-19
9.85971943888 1.02468024859e-19
9.87975951904 9.9464288841e-20
9.8997995992 0.0
9.91983967936 0.0
9.93987975952 0.0
9.95991983968 0.0
9.97995991984 0.0
10.0 0.0
