0.0 0.0
0.0200400801603 0.0
0.0400801603206 0.0
0.060120240481 7.06725423039e-11
0.0801603206413 5.15163263763e-11
0.100200400802 4.83730942701e-11
0.120240480962 4.81199326284e-11
0.140280561122 4.12132022528e-11
0.160320641283 3.25731584117e-11
0.180360721443 2.82342241833e-11
0.200400801603 2.53730918722e-11
0.220440881764 1.36439776536e-10
0.240480961924 1.34912819825e-10
0.260521042084 2.12460282475e-11
0.280561122244 2.03449095876e-11
0.300601202405 1.95245870621e-11
0.320641282565 1.8840104981e-11
0.340681362725 1.82912575116e-11
0.360721442886 1.77043453728e-11
0.380761523046 1.71634098434e-11
0.400801603206 1.66458554753e-11
0.420841683367 1.61833329551e-11
0.440881763527 1.57682410001e-11
0.460921843687 1.53712969916e-11
0.480961923848 1.50014959476e-11
0.501002004008 1.46477376948e-11
0.521042084168 1.43288681937e-11
0.541082164329 1.40337867545e-11
0.561122244489 1.37572273684e-11
0.581162324649 1.35018949322e-11
0.60120240481 1.32706146027e-11
0.62124248497 1.30484763618e-11
0.64128256513 1.28369102948e-11
0.661322645291 1.26488260125e-11
0.681362725451 1.24638928715e-11
0.701402805611 1.2256125496e-11
0.721442885772 1.20598935127e-11
0.741482965932 1.18722659921e-11
0.761523046092 1.16830271895e-11
0.781563126253 1.1505112087e-11
0.801603206413 1.13449265157e-11
0.821643286573 1.1160570491e-11
0.841683366733 1.09622580311e-11
0.861723446894 1.07800722059e-11
0.881763527054 1.05876814125e-11
0.901803607214 1.03541081703e-11
0.921843687375 1.01324895518e-11
0.941883767535 9.9211461414e-12
0.961923847695 9.6916391954e-12
0.981963927856 9.47091430326e-12
1.00200400802 9.26403762061e-12
1.02204408818 9.07851323616e-12
1.04208416834 8.90815301456e-12
1.0621242485 8.74967795415e-12
1.08216432866 8.59178471059e-12
1.10220440882 8.43178307702e-12
1.12224448898 8.27484414074e-12
1.14228456914 8.12607740885e-12
1.1623246493 7.95301825643e-12
1.18236472946 7.78673415953e-12
1.20240480962 7.63384155842e-12
1.22244488978 7.48373922628e-12
1.24248496994 7.33708549659e-12
1.2625250501 7.19525521499e-12
1.28256513026 7.05903184506e-12
1.30260521042 6.93073747163e-12
1.32264529058 6.80749745172e-12
1.34268537074 6.68868641147e-12
1.3627254509 6.58325896092e-12
1.38276553106 6.48220168046e-12
1.40280561122 6.38541738791e-12
1.42284569138 6.28367133991e-12
1.44288577154 6.18032848695e-12
1.4629258517 6.08148874759e-12
1.48296593186 5.98623439165e-12
1.50300601202 5.8959749247e-12
1.52304609218 5.80899133136e-12
1.54308617234 5.72643624386e-12
1.56312625251 5.6341398239e-12
1.58316633267 5.54432851709e-12
1.60320641283 5.45830394229e-12
1.62324649299 5.37463838723e-12
1.64328657315 5.29317273096e-12
1.66332665331 5.21447237062e-12
1.68336673347 5.14000083611e-12
1.70340681363 5.07362619495e-12
1.72344689379 5.00962463784e-12
1.74348697395 4.94744503143e-12
1.76352705411 4.85915373997e-12
1.78356713427 4.77210665072e-12
1.80360721443 4.68721466458e-12
1.82364729459 4.61302301954e-12
1.84368737475 4.54541584413e-12
1.86372745491 4.48068870812e-12
1.88376753507 4.42503720818e-12
1.90380761523 4.38730228268e-12
1.92384769539 4.35076967129e-12
1.94388777555 4.31521347402e-12
1.96392785571 4.25138244128e-12
1.98396793587 4.18841345609e-12
2.00400801603 4.12454415946e-12
2.02404809619 4.06831258397e-12
2.04408817635 4.01123473035e-12
2.06412825651 3.95601648354e-12
2.08416833667 3.90213036893e-12
2.10420841683 3.84971261042e-12
2.12424849699 3.79878603539e-12
2.14428857715 3.74902949927e-12
2.16432865731 3.69829789316e-12
2.18436873747 3.64847204525e-12
2.20440881764 3.59961908892e-12
2.2244488978 3.54599911252e-12
2.24448897796 3.49054181878e-12
2.26452905812 3.43692345006e-12
2.28456913828 3.38341921507e-12
2.30460921844 3.3287813604e-12
2.3246492986 3.27543326243e-12
2.34468937876 3.22312734689e-12
2.36472945892 3.18163845437e-12
2.38476953908 3.14095841074e-12
2.40480961924 3.10106236871e-12
2.4248496994 3.06088894086e-12
2.44488977956 3.02096476639e-12
2.46492985972 2.98178076617e-12
2.48496993988 2.93852245577e-12
2.50501002004 2.88684573501e-12
2.5250501002 2.83606754291e-12
2.54509018036 2.78637517884e-12
2.56513026052 2.75642026532e-12
2.58517034068 2.72699695533e-12
2.60521042084 2.6980902101e-12
2.625250501 2.65960032784e-12
2.64529058116 2.61706548842e-12
2.66533066132 2.5752253431e-12
2.68537074148 2.53437786066e-12
2.70541082164 2.4947643747e-12
2.7254509018 2.45578087558e-12
2.74549098196 2.41752828078e-12
2.76553106212 2.38518549241e-12
2.78557114228 2.3533489362e-12
2.80561122244 2.3220060898e-12
2.82565130261 2.27924513807e-12
2.84569138277 2.23184901419e-12
2.86573146293 2.18514941183e-12
2.88577154309 2.14520583871e-12
2.90581162325 2.11649760908e-12
2.92585170341 2.08821162957e-12
2.94589178357 2.06008830951e-12
2.96593186373 2.02478564617e-12
2.98597194389 1.98998192249e-12
3.00601202405 1.95566614008e-12
3.02605210421 1.92130070038e-12
3.04609218437 1.8871866855e-12
3.06613226453 1.85353927571e-12
3.08617234469 1.82104414492e-12
3.10621242485 1.79015432073e-12
3.12625250501 1.75967840824e-12
3.14629258517 1.72972350209e-12
3.16633266533 1.70278656773e-12
3.18637274549 1.67620395144e-12
3.20641282565 1.64996838535e-12
3.22645290581 1.61896788069e-12
3.24649298597 1.58631255873e-12
3.26653306613 1.55407074047e-12
3.28657314629 1.52105844028e-12
3.30661322645 1.48656895067e-12
3.32665330661 1.45250613459e-12
3.34669338677 1.41926686657e-12
3.36673346693 1.39372209132e-12
3.38677354709 1.3684892745e-12
3.40681362725 1.34356252565e-12
3.42685370741 1.31766361227e-12
3.44689378758 1.29158822716e-12
3.46693386774 1.26582230233e-12
3.4869739479 1.24078405042e-12
3.50701402806 1.21669136719e-12
3.52705410822 1.19287943046e-12
3.54709418838 1.16916467557e-12
3.56713426854 1.14306786455e-12
3.5871743487 1.11726870781e-12
3.60721442886 1.09176200497e-12
3.62725450902 1.06774123372e-12
3.64729458918 1.0444243616e-12
3.66733466934 1.02136736661e-12
3.6873747495 9.99316386352e-13
3.70741482966 9.7861473487e-13
3.72745490982 9.5814008017e-13
3.74749498998 9.37948825857e-13
3.76753507014 9.18736852363e-13
3.7875751503 8.99732016833e-13
3.80761523046 8.80930899086e-13
3.82765531062 8.59836282867e-13
3.84769539078 8.38107192738e-13
3.86773547094 8.1660648298e-13
3.8877755511 7.96539734374e-13
3.90781563126 7.78389943582e-13
3.92785571142 7.60428154956e-13
3.94789579158 7.42776681989e-13
3.96793587174 7.26676964626e-13
3.9879759519 7.10741500815e-13
4.00801603206 6.94967732623e-13
4.02805611222 6.77866299097e-13
4.04809619238 6.60452225652e-13
4.06813627255 6.43211772098e-13
4.08817635271 6.27286014332e-13
4.10821643287 6.13066354821e-13
4.12825651303 5.98986545498e-13
4.14829659319 5.84992624241e-13
4.16833667335 5.70635547026e-13
4.18837675351 5.564174332e-13
4.20841683367 5.42336237901e-13
4.22845691383 5.29366287879e-13
4.24849699399 5.16820583231e-13
4.26853707415 5.0439400086e-13
4.28857715431 4.91786244378e-13
4.30861723447 4.78909260154e-13
4.32865731463 4.66152669706e-13
4.34869739479 4.53654487674e-13
4.36873747495 4.42470024955e-13
4.38877755511 4.31388724013e-13
4.40881763527 4.20409140035e-13
4.42885771543 4.10291352326e-13
4.44889779559 4.00486794218e-13
4.46893787575 3.90771028956e-13
4.48897795591 3.81061694294e-13
4.50901803607 3.71338396672e-13
4.52905811623 3.6170190322e-13
4.54909819639 3.52198454319e-13
4.56913827655 3.43144672793e-13
4.58917835671 3.34170630723e-13
4.60921843687 3.25275263566e-13
4.62925851703 3.16555267371e-13
4.64929859719 3.07937770722e-13
4.66933867735 2.99394808414e-13
4.68937875752 2.91372174464e-13
4.70941883768 2.83952108231e-13
4.72945891784 2.76595421465e-13
4.749498998 2.69227410066e-13
4.76953907816 2.61405298924e-13
4.78957915832 2.53649084998e-13
4.80961923848 2.45957928725e-13
4.82965931864 2.39041707929e-13
4.8496993988 2.32365761742e-13
4.86973947896 2.25745134714e-13
4.88977955912 2.1932306275e-13
4.90981963928 2.13118736823e-13
4.92985971944 2.06965182655e-13
4.9498997996 2.00942931147e-13
4.96993987976 1.95487358645e-13
4.98997995992 1.90075898012e-13
5.01002004008 1.84807312805e-13
5.03006012024 1.79672759147e-13
5.0501002004 1.74579214696e-13
5.07014028056 1.69792244711e-13
5.09018036072 1.65048669646e-13
5.11022044088 1.60342528536e-13
5.13026052104 1.55673374675e-13
5.1503006012 1.51040768608e-13
5.17034068136 1.46771436084e-13
5.19038076152 1.42556289722e-13
5.21042084168 1.38373755666e-13
5.23046092184 1.34223452544e-13
5.250501002 1.30105005045e-13
5.27054108216 1.26391060225e-13
5.29058116232 1.22747159365e-13
5.31062124248 1.19130914107e-13
5.33066132265 1.15542007243e-13
5.35070140281 1.11980126511e-13
5.37074148297 1.08547228925e-13
5.39078156313 1.05156765483e-13
5.41082164329 1.01791543831e-13
5.43086172345 9.84512802142e-14
5.45090180361 9.51356952067e-14
5.47094188377 9.21692374871e-14
5.49098196393 8.92964282505e-14
5.51102204409 8.64446170501e-14
5.53106212425 8.36135721143e-14
5.55110220441 8.08030651448e-14
5.57114228457 7.81311532359e-14
5.59118236473 7.55121629193e-14
5.61122244489 7.29119663923e-14
5.63126252505 7.03303601177e-14
5.65130260521 6.77671435474e-14
5.67134268537 6.54373128133e-14
5.69138276553 6.32003450812e-14
5.71142284569 6.09791471307e-14
5.73146292585 5.87735511729e-14
5.75150300601 5.65833918407e-14
5.77154308617 5.44864267539e-14
5.79158316633 5.24377985868e-14
5.81162324649 5.04033584587e-14
5.83166332665 4.83829581513e-14
5.85170340681 4.63764515447e-14
5.87174348697 4.44789279344e-14
5.89178356713 4.26440105117e-14
5.91182364729 4.08215827283e-14
5.93186372745 3.90115163942e-14
5.95190380762 3.72136851012e-14
5.97194388778 3.56038059453e-14
5.99198396794 3.41139132684e-14
6.0120240481 3.26339943843e-14
6.03206412826 3.11639485622e-14
6.05210420842 2.97036764508e-14
6.07214428858 2.8326013679e-14
6.09218436874 2.70110132114e-14
6.1122244489 2.57046700413e-14
6.13226452906 2.44068981984e-14
6.15230460922 2.31176128695e-14
6.17234468938 2.1879055415e-14
6.19238476954 2.06851591333e-14
6.2124248497 1.94989941159e-14
6.23246492986 1.83204848779e-14
6.25250501002 1.7149556932e-14
6.27254509018 1.60752683162e-14
6.29258517034 1.50985033266e-14
6.3126252505 1.41279640151e-14
6.33266533066 1.3163590525e-14
6.35270541082 1.22053237794e-14
6.37274549098 1.13145468824e-14
6.39278557114 1.05028688056e-14
6.4128256513 9.69628381215e-15
6.43286573146 8.89474367782e-15
6.45290581162 8.09820079806e-15
6.47294589178 7.39771750847e-15
6.49298597194 6.83005191923e-15
6.5130260521 6.2658964751e-15
6.53306613226 5.70521835404e-15
6.55310621242 5.14798515245e-15
6.57314629259 4.65762700713e-15
6.59318637275 4.27629291028e-15
6.61322645291 3.8972840296e-15
6.63326653307 3.52057885722e-15
6.65330661323 3.14615615838e-15
6.67334669339 2.78659714946e-15
6.69338677355 2.4543342595e-15
6.71342685371 2.12406689936e-15
6.73346693387 1.79577688958e-15
6.75350701403 1.46944627805e-15
6.77354709419 1.17915195154e-15
6.79358717435 9.72639790027e-16
6.81362725451 7.67352387975e-16
6.83366733467 5.63278667444e-16
6.85370741483 3.60407689672e-16
6.87374749499 2.00541502657e-16
6.89378757515 1.65023995469e-16
6.91382765531 1.29720771235e-16
6.93386773547 9.46297185282e-17
6.95390781563 5.97487582523e-17
6.97394789579 3.15855421308e-17
6.99398797595 2.77008647268e-17
7.01402805611 2.38454652307e-17
7.03406813627 2.00188806035e-17
7.05410821643 1.62206597231e-17
7.07414829659 1.28567723053e-17
7.09418837675 1.14728252451e-17
7.11422845691 1.01026663192e-17
7.13426853707 8.74600034408e-18
7.15430861723 7.40254099834e-18
7.17434869739 6.21963275251e-18
7.19438877756 6.02234573423e-18
7.21442885772 5.83123081345e-18
7.23446893788 5.64608592652e-18
7.25450901804 5.46671588703e-18
7.2745490982 5.29331970566e-18
7.29458917836 5.12918989132e-18
7.31462925852 4.97026494214e-18
7.33466933868 4.81637501686e-18
7.35470941884 4.66735601501e-18
7.374749499 4.52304937459e-18
7.39478957916 4.38330187733e-18
7.41482965932 4.24796546105e-18
7.43486973948 4.11689703893e-18
7.45490981964 3.98995832542e-18
7.4749498998 3.8670156685e-18
7.49498997996 3.74793988813e-18
7.51503006012 3.63260612052e-18
7.53507014028 3.52089366811e-18
7.55511022044 3.41268585502e-18
7.5751503006 3.3078698877e-18
7.59519038076 3.20633672065e-18
7.61523046092 3.10798092699e-18
7.63527054108 3.01270057374e-18
7.65531062124 2.92039710148e-18
7.6753507014 2.8309752085e-18
7.69539078156 2.74434273893e-18
7.71543086172 2.66041057506e-18
7.73547094188 2.57909253332e-18
7.75551102204 2.50030526415e-18
7.7755511022 2.42396815531e-18
7.79559118236 2.35000323871e-18
7.81563126253 2.27833510049e-18
7.83567134269 2.20889079432e-18
7.85571142285 2.14159975778e-18
7.87575150301 2.07639373164e-18
7.89579158317 2.01320668207e-18
7.91583166333 1.95197472549e-18
7.93587174349 1.89263605616e-18
7.95591182365 1.83513087621e-18
7.97595190381 1.77940132823e-18
7.99599198397 1.72539143012e-18
8.01603206413 1.67304701227e-18
8.03607214429 1.62231565691e-18
8.05611222445 1.57314663959e-18
8.07615230461 1.52549087265e-18
8.09619238477 1.4793008507e-18
8.11623246493 1.43453059797e-18
8.13627254509 1.39113561746e-18
8.15631262525 1.34907284188e-18
8.17635270541 1.30830058623e-18
8.19639278557 1.26877850209e-18
8.21643286573 1.23046753342e-18
8.23647294589 1.19332987385e-18
8.25651302605 1.15732892553e-18
8.27655310621 1.12242925932e-18
8.29659318637 1.08859657631e-18
8.31663326653 1.05579767073e-18
8.33667334669 1.0240003941e-18
8.35671342685 9.93173620511e-19
8.37675350701 9.63287213245e-19
8.39679358717 9.34311992381e-19
8.41683366733 9.06219703569e-19
8.43687374749 8.78982987849e-19
8.45691382766 8.52575352481e-19
8.47695390782 8.26971142757e-19
8.49699398798 8.02145514771e-19
8.51703406814 7.78074409095e-19
8.5370741483 7.54734525342e-19
8.55711422846 7.3210329758e-19
8.57715430862 7.10158870571e-19
8.59719438878 6.88880076802e-19
8.61723446894 6.6824641428e-19
8.6372745491 6.48238025075e-19
8.65731462926 6.28835674569e-19
8.67735470942 6.10020731397e-19
8.69739478958 5.91775148057e-19
8.71743486974 5.74081442157e-19
8.7374749499 5.56922678289e-19
8.75751503006 5.402824505e-19
8.77755511022 5.24144865338e-19
8.79759519038 5.08494525465e-19
8.81763527054 4.933165138e-19
8.8376753507 4.78596378194e-19
8.85771543086 4.64320116602e-19
8.87775551102 4.50474162742e-19
8.89779559118 4.37045372227e-19
8.91783567134 4.24021009147e-19
8.9378757515 4.11388733096e-19
8.95791583166 3.99136586617e-19
8.97795591182 3.87252983056e-19
8.99799599198 3.75726694819e-19
9.01803607214 3.64546842003e-19
9.0380761523 3.53702881403e-19
9.05811623246 3.43184595871e-19
9.07815631263 3.32982084024e-19
9.09819639279 3.23085750281e-19
9.11823647295 3.13486295231e-19
9.13827655311 3.04174706301e-19
9.15831663327 2.95142248735e-19
9.17835671343 2.86380456859e-19
9.19839679359 2.77881125629e-19
9.21843687375 2.69636302452e-19
9.23847695391 2.61638279267e-19
9.25851703407 2.53879584884e-19
9.27855711423 2.46352977569e-19
9.29859719439 2.39051437861e-19
9.31863727455 2.31968161627e-19
9.33867735471 2.25096553333e-19
9.35871743487 2.18430219536e-19
9.37875751503 2.11962962577e-19
9.39879759519 2.0568877448e-19
9.41883767535 1.99601831046e-19
9.43887775551 1.9369648613e-19
9.45891783567 1.87967266106e-19
9.47895791583 1.82408864506e-19
9.49899799599 1.77016136826e-19
9.51903807615 1.717840955e-19
9.53907815631 1.66707905037e-19
9.55911823647 1.61782877302e-19
9.57915831663 1.57004466955e-19
9.59919839679 1.52368267032e-19
9.61923847695 1.47870004664e-19
9.63927855711 1.43505536932e-19
9.65931863727 1.39270846854e-19
9.67935871743 1.35162039496e-19
9.6993987976 1.31175338208e-19
9.71943887776 1.27307080975e-19
9.73947895792 1.23553716889e-19
9.75951903808 1.19911802722e-19
9.77955911824 1.16377999619e-19
9.7995991984 1.12949069881e-19
9.81963927856 1.0962187386e-19
9.83967935872 1.06393366948e-19
9.85971943888 1.03260596655e-19
9.87975951904 1.00220699785e-19
9.8997995992 0.0
9.91983967936 0.0
9.93987975952 0.0
9.95991983968 0.0
9.97995991984 0.0
10.0 0.0
