0.0 0.0
0.0200400801603 0.0
0.0400801603206 0.0
0.060120240481 0.0
0.0801603206413 0.0
0.100200400802 7.82927602392e-11
0.120240480962 6.79946296754e-11
0.140280561122 5.28011131221e-11
0.160320641283 3.82866929742e-11
0.180360721443 3.1993410288e-11
0.200400801603 2.82757429991e-11
0.220440881764 2.04534053724e-10
0.240480961924 2.01320274979e-10
0.260521042084 2.38645460637e-11
0.280561122244 2.30716315919e-11
0.300601202405 2.2352943059e-11
0.320641282565 2.18092770658e-11
0.340681362725 2.14520227285e-11
0.360721442886 2.09846525056e-11
0.380761523046 2.05484637059e-11
0.400801603206 2.01277575665e-11
0.420841683367 1.97576736315e-11
0.440881763527 1.94302623469e-11
0.460921843687 1.91146994575e-11
0.480961923848 1.88182465206e-11
0.501002004008 1.85253581322e-11
0.521042084168 1.82636273739e-11
0.541082164329 1.80221867941e-11
0.561122244489 1.77945928846e-11
0.581162324649 1.75852455092e-11
0.60120240481 1.73973703898e-11
0.62124248497 1.72135350932e-11
0.64128256513 1.70363187611e-11
0.661322645291 1.6880842994e-11
0.681362725451 1.67209926963e-11
0.701402805611 1.65198147358e-11
0.721442885772 1.63300292319e-11
0.741482965932 1.61486877637e-11
0.761523046092 1.59597107935e-11
0.781563126253 1.57817029948e-11
0.801603206413 1.56215998536e-11
0.821643286573 1.54203466646e-11
0.841683366733 1.51943806338e-11
0.861723446894 1.4985970817e-11
0.881763527054 1.4759584461e-11
0.901803607214 1.44681631593e-11
0.921843687375 1.41913298192e-11
0.941883767535 1.39272248871e-11
0.961923847695 1.36334736435e-11
0.981963927856 1.33501792633e-11
1.00200400802 1.30833286775e-11
1.02204408818 1.28464400307e-11
1.04208416834 1.2630821866e-11
1.0621242485 1.24288621904e-11
1.08216432866 1.22276382489e-11
1.10220440882 1.20219116836e-11
1.12224448898 1.18209203795e-11
1.14228456914 1.16296917121e-11
1.1623246493 1.1400558382e-11
1.18236472946 1.11791734274e-11
1.20240480962 1.09730639967e-11
1.22244488978 1.07703969194e-11
1.24248496994 1.05721929302e-11
1.2625250501 1.03804770804e-11
1.28256513026 1.01966983908e-11
1.30260521042 1.00242344617e-11
1.32264529058 9.85818611e-12
1.34268537074 9.6978651679e-12
1.3627254509 9.55720062078e-12
1.38276553106 9.42221088116e-12
1.40280561122 9.29247965605e-12
1.42284569138 9.15499435225e-12
1.44288577154 9.01465342362e-12
1.4629258517 8.87984372556e-12
1.48296593186 8.75011773081e-12
1.50300601202 8.6275640554e-12
1.52304609218 8.50914700528e-12
1.54308617234 8.39598621884e-12
1.56312625251 8.26781369507e-12
1.58316633267 8.14279030446e-12
1.60320641283 8.02244371982e-12
1.62324649299 7.90542617827e-12
1.64328657315 7.79149611222e-12
1.66332665331 7.68112120258e-12
1.68336673347 7.57713157419e-12
1.70340681363 7.48516527838e-12
1.72344689379 7.3961730804e-12
1.74348697395 7.30958252174e-12
1.76352705411 7.18344268428e-12
1.78356713427 7.05897047784e-12
1.80360721443 6.9374907676e-12
1.82364729459 6.83200767048e-12
1.84368737475 6.7362926851e-12
1.86372745491 6.64406713409e-12
1.88376753507 6.56536937647e-12
1.90380761523 6.51358924261e-12
1.92384769539 6.463306664e-12
1.94388777555 6.41428639624e-12
1.96392785571 6.32252547617e-12
1.98396793587 6.23189617586e-12
2.00400801603 6.14092167954e-12
2.02404809619 6.05871749354e-12
2.04408817635 5.97649222038e-12
2.06412825651 5.8966177525e-12
2.08416833667 5.81865446721e-12
2.10420841683 5.74283587262e-12
2.12424849699 5.66895236875e-12
2.14428857715 5.59667014442e-12
2.16432865731 5.52285994263e-12
2.18436873747 5.45037145865e-12
2.20440881764 5.3792697626e-12
2.2244488978 5.30092657115e-12
2.24448897796 5.21972340926e-12
2.26452905812 5.14081700023e-12
2.28456913828 5.06203161837e-12
2.30460921844 4.98167353162e-12
2.3246492986 4.90305041374e-12
2.34468937876 4.82590647014e-12
2.36472945892 4.76498800281e-12
2.38476953908 4.70520616989e-12
2.40480961924 4.64652788512e-12
2.4248496994 4.58735664674e-12
2.44488977956 4.52849060082e-12
2.46492985972 4.47067379371e-12
2.48496993988 4.40664927173e-12
2.50501002004 4.32986940205e-12
2.5250501002 4.25438772104e-12
2.54509018036 4.18048962328e-12
2.56513026052 4.13630475589e-12
2.58517034068 4.09287283193e-12
2.60521042084 4.05017368119e-12
2.625250501 3.99297942549e-12
2.64529058116 3.92964400249e-12
2.66533066132 3.86731690872e-12
2.68537074148 3.80644947443e-12
2.70541082164 3.7474075116e-12
2.7254509018 3.68928198398e-12
2.74549098196 3.63222677104e-12
2.76553106212 3.58405298217e-12
2.78557114228 3.53661378783e-12
2.80561122244 3.48989175454e-12
2.82565130261 3.42592609734e-12
2.84569138277 3.35494645157e-12
2.86573146293 3.28499388086e-12
2.88577154309 3.22520674759e-12
2.90581162325 3.18234044399e-12
2.92585170341 3.14009077472e-12
2.94589178357 3.09806730102e-12
2.96593186373 3.04520002812e-12
2.98597194389 2.99306794297e-12
3.00601202405 2.94165530838e-12
3.02605210421 2.89015229521e-12
3.04609218437 2.83901366659e-12
3.06613226453 2.78856461229e-12
3.08617234469 2.73983972175e-12
3.10621242485 2.69352273965e-12
3.12625250501 2.64781781807e-12
3.14629258517 2.60288702743e-12
3.16633266533 2.56249596809e-12
3.18637274549 2.52262876483e-12
3.20641282565 2.48327496277e-12
3.22645290581 2.43672699844e-12
3.24649298597 2.38767492529e-12
3.26653306613 2.33923786999e-12
3.28657314629 2.28963099683e-12
3.30661322645 2.23778911662e-12
3.32665330661 2.18658329619e-12
3.34669338677 2.13661229771e-12
3.36673346693 2.0982365392e-12
3.38677354709 2.06032481705e-12
3.40681362725 2.02286855119e-12
3.42685370741 1.98394070671e-12
3.44689378758 1.94474131276e-12
3.46693386774 1.90600331883e-12
3.4869739479 1.86835754889e-12
3.50701402806 1.83213277411e-12
3.52705410822 1.79632680102e-12
3.54709418838 1.7606630655e-12
3.56713426854 1.72140362149e-12
3.5871743487 1.6825890927e-12
3.60721442886 1.64421181974e-12
3.62725450902 1.60807146922e-12
3.64729458918 1.57298907055e-12
3.66733466934 1.53829529484e-12
3.6873747495 1.50511529193e-12
3.70741482966 1.47396683445e-12
3.72745490982 1.44315784157e-12
3.74749498998 1.41277348529e-12
3.76753507014 1.38386310584e-12
3.7875751503 1.35526261369e-12
3.80761523046 1.32696696357e-12
3.82765531062 1.2952110863e-12
3.84769539078 1.26249648859e-12
3.86773547094 1.23012423578e-12
3.8877755511 1.19991212432e-12
3.90781563126 1.17258846685e-12
3.92785571142 1.14554652305e-12
3.94789579158 1.11897078863e-12
3.96793587174 1.09473309969e-12
3.9879759519 1.07074153853e-12
4.00801603206 1.04699231727e-12
4.02805611222 1.02123994988e-12
4.04809619238 9.95014887885e-13
4.06813627255 9.69050339127e-13
4.08817635271 9.4506678598e-13
4.10821643287 9.23654401638e-13
4.12825651303 9.0245176733e-13
4.14829659319 8.81377572727e-13
4.16833667335 8.59754834497e-13
4.18837675351 8.38340652249e-13
4.20841683367 8.17131985597e-13
4.22845691383 7.97597877743e-13
4.24849699399 7.78702566957e-13
4.26853707415 7.59986052677e-13
4.28857715431 7.40995611881e-13
4.30861723447 7.21598521028e-13
4.32865731463 7.0238224745e-13
4.34869739479 6.83554906667e-13
4.36873747495 6.66707618811e-13
4.38877755511 6.50015251651e-13
4.40881763527 6.33475653704e-13
4.42885771543 6.18234818226e-13
4.44889779559 6.03465696079e-13
4.46893787575 5.88829928271e-13
4.48897795591 5.74203360424e-13
4.50901803607 5.59555267115e-13
4.52905811623 5.45037594548e-13
4.54909819639 5.30720078213e-13
4.56913827655 5.1708010406e-13
4.58917835671 5.03559954101e-13
4.60921843687 4.90158040366e-13
4.62925851703 4.77020165937e-13
4.64929859719 4.64036479204e-13
4.66933867735 4.51164832378e-13
4.68937875752 4.3907735327e-13
4.70941883768 4.27898044159e-13
4.72945891784 4.16813995415e-13
4.749498998 4.05712590083e-13
4.76953907816 3.93926280358e-13
4.78957915832 3.82239064067e-13
4.80961923848 3.70649686273e-13
4.82965931864 3.60228418391e-13
4.8496993988 3.50169176759e-13
4.86973947896 3.40193119049e-13
4.88977955912 3.30516206307e-13
4.90981963928 3.21167380356e-13
4.92985971944 3.11894907935e-13
4.9498997996 3.02820210504e-13
4.96993987976 2.94599695791e-13
4.98997995992 2.86445515532e-13
5.01002004008 2.78506578627e-13
5.03006012024 2.70769557976e-13
5.0501002004 2.63094213906e-13
5.07014028056 2.55880933902e-13
5.09018036072 2.48732938922e-13
5.11022044088 2.41641247555e-13
5.13026052104 2.34605191773e-13
5.1503006012 2.27624114242e-13
5.17034068136 2.21190608756e-13
5.19038076152 2.14838683215e-13
5.21042084168 2.08535816322e-13
5.23046092184 2.02281437508e-13
5.250501002 1.96074985152e-13
5.27054108216 1.90478283809e-13
5.29058116232 1.84987090727e-13
5.31062124248 1.79537502886e-13
5.33066132265 1.74129045623e-13
5.35070140281 1.68761251579e-13
5.37074148297 1.63587838877e-13
5.39078156313 1.58478325439e-13
5.41082164329 1.53406794323e-13
5.43086172345 1.48372820625e-13
5.45090180361 1.43375985849e-13
5.47094188377 1.38905444354e-13
5.49098196393 1.34576028161e-13
5.51102204409 1.30278208982e-13
5.53106212425 1.26011639751e-13
5.55110220441 1.21775978542e-13
5.57114228457 1.17749214647e-13
5.59118236473 1.13802185557e-13
5.61122244489 1.0988344095e-13
5.63126252505 1.05992675891e-13
5.65130260521 1.02129589874e-13
5.67134268537 9.86183198059e-14
5.69138276553 9.52470102617e-14
5.71142284569 9.18994345942e-14
5.73146292585 8.85753414163e-14
5.75150300601 8.5274482929e-14
5.77154308617 8.2114090231e-14
5.79158316633 7.90265363873e-14
5.81162324649 7.59603388741e-14
5.83166332665 7.29152755234e-14
5.85170340681 6.98911272793e-14
5.87174348697 6.70312544118e-14
5.89178356713 6.42657390394e-14
5.91182364729 6.15190252288e-14
5.93186372745 5.87909207761e-14
5.95190380762 5.6081236122e-14
5.97194388778 5.36548873493e-14
5.99198396794 5.14094085487e-14
6.0120240481 4.91789429283e-14
6.03206412826 4.69633394993e-14
6.05210420842 4.47624493185e-14
6.07214428858 4.26860816415e-14
6.09218436874 4.0704164586e-14
6.1122244489 3.87352798463e-14
6.13226452906 3.6779298534e-14
6.15230460922 3.4836093477e-14
6.17234468938 3.29693491446e-14
6.19238476954 3.11699198504e-14
6.2124248497 2.93821300284e-14
6.23246492986 2.76058664717e-14
6.25250501002 2.58410174554e-14
6.27254509018 2.42218487288e-14
6.29258517034 2.27496938641e-14
6.3126252505 2.12869112095e-14
6.33266533066 1.98334110189e-14
6.35270541082 1.83891047043e-14
6.37274549098 1.70465346349e-14
6.39278557114 1.58232029842e-14
6.4128256513 1.46075381982e-14
6.43286573146 1.33994679856e-14
6.45290581162 1.21989209737e-14
6.47294589178 1.11431840088e-14
6.49298597194 1.02876742004e-14
6.5130260521 9.43744651716e-15
6.53306613226 8.59245182169e-15
6.55310621242 7.75264159494e-15
6.57314629259 7.01364390609e-15
6.59318637275 6.43900309736e-15
6.61322645291 5.86785946495e-15
6.63326653307 5.30018087351e-15
6.65330661323 4.73593558895e-15
6.67334669339 4.19409138942e-15
6.69338677355 3.6933917095e-15
6.71342685371 3.19569348691e-15
6.73346693387 2.70096955623e-15
6.75350701403 2.20919308611e-15
6.77354709419 1.77173872662e-15
6.79358717435 1.46058847784e-15
6.81362725451 1.15127870495e-15
6.83366733467 8.4379291052e-16
6.85370741483 5.38114799749e-16
6.87374749499 2.97265382695e-16
6.89378757515 2.43878912731e-16
6.91382765531 1.90810346724e-16
6.93386773547 1.38056674365e-16
6.95390781563 8.56149280398e-17
6.97394789579 4.32962004227e-17
6.99398797595 3.75752761095e-17
7.01402805611 3.18941261595e-17
7.03406813627 2.6252197764e-17
7.05410821643 2.0648951053e-17
7.07414829659 1.56965603733e-17
7.09418837675 1.37253086535e-17
7.11422845691 1.17711551557e-17
7.13426853707 9.83377677741e-18
7.15430861723 7.91285959166e-18
7.17434869739 6.23065320146e-18
7.19438877756 6.03113925792e-18
7.21442885772 5.83781007973e-18
7.23446893788 5.65046348749e-18
7.25450901804 5.46890418069e-18
7.2745490982 5.29352778292e-18
7.29458917836 5.12939041031e-18
7.31462925852 4.97045818482e-18
7.33466933868 4.81656125436e-18
7.35470941884 4.66753550802e-18
7.374749499 4.52322237383e-18
7.39478957916 4.38346862391e-18
7.41482965932 4.24812618684e-18
7.43486973948 4.11705196696e-18
7.45490981964 3.9901076702e-18
7.4749498998 3.86715963638e-18
7.49498997996 3.7480786776e-18
7.51503006012 3.63273992253e-18
7.53507014028 3.52102266638e-18
7.55511022044 3.41281022629e-18
7.5751503006 3.30798980202e-18
7.59519038076 3.20645234164e-18
7.61523046092 3.10809241212e-18
7.63527054108 3.01280807451e-18
7.65531062124 2.92050076371e-18
7.6753507014 2.8310751725e-18
7.69539078156 2.74443913977e-18
7.71543086172 2.66050354272e-18
7.73547094188 2.57918219292e-18
7.75551102204 2.50039173613e-18
7.7755511022 2.4240515556e-18
7.79559118236 2.35008367891e-18
7.81563126253 2.27841268805e-18
7.83567134269 2.20896563268e-18
7.85571142285 2.14167194652e-18
7.87575150301 2.07646336666e-18
7.89579158317 2.0132738557e-18
7.91583166333 1.95203952664e-18
7.93587174349 1.89269857044e-18
7.95591182365 1.83519118607e-18
7.97595190381 1.77945951308e-18
7.99599198397 1.72544756642e-18
8.01603206413 1.67310117367e-18
8.03607214429 1.62236791436e-18
8.05611222445 1.57319706141e-18
8.07615230461 1.52553952465e-18
8.09619238477 1.47934779629e-18
8.11623246493 1.43457589822e-18
8.13627254509 1.39117933121e-18
8.15631262525 1.34911502581e-18
8.17635270541 1.30834129495e-18
8.19639278557 1.26881778823e-18
8.21643286573 1.23050544766e-18
8.23647294589 1.19336646505e-18
8.25651302605 1.15736424076e-18
8.27655310621 1.12246334393e-18
8.29659318637 1.08862947401e-18
8.31663326653 1.05582942365e-18
8.33667334669 1.02403104282e-18
8.35671342685 9.93203204166e-19
8.37675350701 9.63315769538e-19
8.39679358717 9.34339557654e-19
8.41683366733 9.06246312853e-19
8.43687374749 8.79008674909e-19
8.45691382766 8.52600149862e-19
8.47695390782 8.26995081835e-19
8.49699398798 8.0216862579e-19
8.51703406814 7.78096721211e-19
8.5370741483 7.54756066664e-19
8.55711422846 7.32124095207e-19
8.57715430862 7.10178950631e-19
8.59719438878 6.88899464485e-19
8.61723446894 6.68265133875e-19
8.6372745491 6.48256100002e-19
8.65731462926 6.28853127409e-19
8.67735470942 6.10037583926e-19
8.69739478958 5.91791421273e-19
8.71743486974 5.74097156309e-19
8.7374749499 5.56937852907e-19
8.75751503006 5.40297104415e-19
8.77755511022 5.24159016714e-19
8.79759519038 5.08508191818e-19
8.81763527054 4.93329712026e-19
8.8376753507 4.78609124589e-19
8.85771543086 4.64332426883e-19
8.87775551102 4.5048605207e-19
8.89779559118 4.37056855225e-19
8.91783567134 4.24032099923e-19
8.9378757515 4.11399445258e-19
8.95791583166 3.99146933291e-19
8.97795591182 3.87262976908e-19
8.99799599198 3.75736348065e-19
9.01803607214 3.64556166432e-19
9.0380761523 3.53711888385e-19
9.05811623246 3.43193296379e-19
9.07815631263 3.32990488642e-19
9.09819639279 3.23093869224e-19
9.11823647295 3.13494138354e-19
9.13827655311 3.04182283114e-19
9.15831663327 2.95149568413e-19
9.17835671343 2.86387528257e-19
9.19839679359 2.77887957292e-19
9.21843687375 2.69642902625e-19
9.23847695391 2.61644655908e-19
9.25851703407 2.53885745672e-19
9.27855711423 2.46358929914e-19
9.29859719439 2.39057188916e-19
9.31863727455 2.31973718295e-19
9.33867735471 2.25101922278e-19
9.35871743487 2.18435407187e-19
9.37875751503 2.11967975141e-19
9.39879759519 2.05693617949e-19
9.41883767535 1.99606511201e-19
9.43887775551 1.93701008554e-19
9.45891783567 1.87971636187e-19
9.47895791583 1.82413087445e-19
9.49899799599 1.77020217643e-19
9.51903807615 1.71788039044e-19
9.53907815631 1.66711715986e-19
9.55911823647 1.61786560173e-19
9.57915831663 1.57008026109e-19
9.59919839679 1.5237170668e-19
9.61923847695 1.4787332887e-19
9.63927855711 1.43508749621e-19
9.65931863727 1.39273951816e-19
9.67935871743 1.35165040389e-19
9.6993987976 1.31178238564e-19
9.71943887776 1.27309884206e-19
9.73947895792 1.23556426288e-19
9.75951903808 1.1991442147e-19
9.77955911824 1.16380530785e-19
9.7995991984 1.12951516432e-19
9.81963927856 1.0962423866e-19
9.83967935872 1.06395652761e-19
9.85971943888 1.03262806152e-19
9.87975951904 1.00222835546e-19
9.8997995992 0.0
9.91983967936 0.0
9.93987975952 0.0
9.95991983968 0.0
9.97995991984 0.0
10.0 0.0
