0.0 0.0
0.0200400801603 0.0
0.0400801603206 0.0
0.060120240481 0.0
0.0801603206413 7.14432174221e-11
0.100200400802 5.77333159713e-11
0.120240480962 5.55900064307e-11
0.140280561122 4.58471636672e-11
0.160320641283 3.49204795932e-11
0.180360721443 2.98080345255e-11
0.200400801603 2.66054950364e-11
0.220440881764 1.66016096912e-10
0.240480961924 1.63915131189e-10
0.260521042084 2.23873999864e-11
0.280561122244 2.15391624394e-11
0.300601202405 2.07677975848e-11
0.320641282565 2.01488611122e-11
0.340681362725 1.96875633385e-11
0.360721442886 1.91559646233e-11
0.380761523046 1.86634791066e-11
0.400801603206 1.81906267002e-11
0.420841683367 1.77706463409e-11
0.440881763527 1.73958178031e-11
0.460921843687 1.70362016097e-11
0.480961923848 1.67000385788e-11
0.501002004008 1.6374262929e-11
0.521042084168 1.60816270802e-11
0.541082164329 1.58111467286e-11
0.561122244489 1.55570403856e-11
0.581162324649 1.53227761834e-11
0.60120240481 1.51113644487e-11
0.62124248497 1.49067757904e-11
0.64128256513 1.47109571411e-11
0.661322645291 1.4537808809e-11
0.681362725451 1.4364421624e-11
0.701402805611 1.41599146388e-11
0.721442885772 1.39668526618e-11
0.741482965932 1.37822999674e-11
0.761523046092 1.3593423746e-11
0.781563126253 1.34156933084e-11
0.801603206413 1.3255752929e-11
0.821643286573 1.3064038798e-11
0.841683366733 1.28535456678e-11
0.861723446894 1.26598031705e-11
0.881763527054 1.24523687623e-11
0.901803607214 1.21930770675e-11
0.921843687375 1.19469043409e-11
0.941883767535 1.17120920303e-11
0.961923847695 1.14539719082e-11
0.981963927856 1.12053725879e-11
1.00200400802 1.09717728434e-11
1.02204408818 1.07633670551e-11
1.04208416834 1.05728488624e-11
1.0621242485 1.0395002362e-11
1.08216432866 1.02178007115e-11
1.10220440882 1.00374144737e-11
1.12224448898 9.86083396994e-12
1.14228456914 9.6931323378e-12
1.1623246493 9.49504542134e-12
1.18236472946 9.30416454592e-12
1.20240480962 9.12751380731e-12
1.22244488978 8.95394136134e-12
1.24248496994 8.78426793117e-12
1.2625250501 8.62015949438e-12
1.28256513026 8.46269752879e-12
1.30260521042 8.31467658727e-12
1.32264529058 8.17231654021e-12
1.34268537074 8.03496411824e-12
1.3627254509 7.91379966266e-12
1.38276553106 7.79758722444e-12
1.40280561122 7.68608698385e-12
1.42284569138 7.56837402718e-12
1.44288577154 7.44849947314e-12
1.4629258517 7.3335865597e-12
1.48296593186 7.2229280721e-12
1.50300601202 7.11823749526e-12
1.52304609218 7.01720675495e-12
1.54308617234 6.92097379084e-12
1.56312625251 6.81264008087e-12
1.58316633267 6.70708757226e-12
1.60320641283 6.6057190998e-12
1.62324649299 6.50714280575e-12
1.64328657315 6.4111627367e-12
1.66332665331 6.31830061318e-12
1.68336673347 6.23063158663e-12
1.70340681363 6.15281587788e-12
1.72344689379 6.07764157783e-12
1.74348697395 6.00454805157e-12
1.76352705411 5.89932862157e-12
1.78356713427 5.79554224375e-12
1.80360721443 5.69428511637e-12
1.82364729459 5.60609802756e-12
1.84368737475 5.5259197038e-12
1.86372745491 5.44889367646e-12
1.88376753507 5.3829353943e-12
1.90380761523 5.33892171849e-12
1.92384769539 5.29624217481e-12
1.94388777555 5.25466669857e-12
1.96392785571 5.17834178366e-12
1.98396793587 5.10299920715e-12
2.00400801603 5.02700443806e-12
2.02404809619 4.95915395118e-12
2.04408817635 4.89082622533e-12
2.06412825651 4.82457766214e-12
2.08416833667 4.75992012618e-12
2.10420841683 4.6970333992e-12
2.12424849699 4.63583629168e-12
2.14428857715 4.57600200385e-12
2.16432865731 4.5149449494e-12
2.18436873747 4.45497961461e-12
2.20440881764 4.39617222007e-12
2.2244488978 4.33149005309e-12
2.24448897796 4.26451263537e-12
2.26452905812 4.19957886502e-12
2.28456913828 4.13476212677e-12
2.30460921844 4.06861505559e-12
2.3246492986 4.00395684241e-12
2.34468937876 3.94053624312e-12
2.36472945892 3.8903533575e-12
2.38476953908 3.84112590379e-12
2.40480961924 3.79282535333e-12
2.4248496994 3.74415080233e-12
2.44488977956 3.69575042292e-12
2.46492985972 3.64822844267e-12
2.48496993988 3.59567709798e-12
2.50501002004 3.5327659469e-12
2.5250501002 3.47093209697e-12
2.54509018036 3.4104067626e-12
2.56513026052 3.3740841262e-12
2.58517034068 3.33839208811e-12
2.60521042084 3.30331331614e-12
2.625250501 3.2564526174e-12
2.64529058116 3.20460856007e-12
2.66533066132 3.15359950088e-12
2.68537074148 3.1037920613e-12
2.70541082164 3.05548329933e-12
2.7254509018 3.00793267084e-12
2.74549098196 2.96126480407e-12
2.76553106212 2.92183686466e-12
2.78557114228 2.88301731823e-12
2.80561122244 2.84479144663e-12
2.82565130261 2.79253970612e-12
2.84569138277 2.73458788253e-12
2.86573146293 2.67748047899e-12
2.88577154309 2.62865521853e-12
2.90581162325 2.59361028791e-12
2.92585170341 2.55907457513e-12
2.94589178357 2.52472991847e-12
2.96593186373 2.48156551242e-12
2.98597194389 2.4390057524e-12
3.00601202405 2.39703752071e-12
3.02605210421 2.35500135827e-12
3.04609218437 2.3132671429e-12
3.06613226453 2.27209930165e-12
3.08617234469 2.23233970092e-12
3.10621242485 2.19454465059e-12
3.12625250501 2.1572521765e-12
3.14629258517 2.12059398452e-12
3.16633266533 2.08763494529e-12
3.18637274549 2.0551060871e-12
3.20641282565 2.0229987166e-12
3.22645290581 1.98503893334e-12
3.24649298597 1.94504411451e-12
3.26653306613 1.90555297635e-12
3.28657314629 1.86511256188e-12
3.30661322645 1.82285568784e-12
3.32665330661 1.78111918991e-12
3.34669338677 1.74039031986e-12
3.36673346693 1.70910210708e-12
3.38677354709 1.67819390879e-12
3.40681362725 1.64765863138e-12
3.42685370741 1.6159276018e-12
3.44689378758 1.58397751702e-12
3.46693386774 1.55240488896e-12
3.4869739479 1.52172310843e-12
3.50701402806 1.49219970673e-12
3.52705410822 1.46301883517e-12
3.54709418838 1.43395529752e-12
3.56713426854 1.40196638145e-12
3.5871743487 1.37034102485e-12
3.60721442886 1.33907292719e-12
3.62725450902 1.30962693494e-12
3.64729458918 1.28104332253e-12
3.66733466934 1.25277720711e-12
3.6873747495 1.22574439699e-12
3.70741482966 1.20036630615e-12
3.72745490982 1.17526554721e-12
3.74749498998 1.15051140283e-12
3.76753507014 1.1269579858e-12
3.7875751503 1.10365769284e-12
3.80761523046 1.08060637667e-12
3.82765531062 1.0547392454e-12
3.84769539078 1.02809247427e-12
3.86773547094 1.00172509047e-12
3.8877755511 9.77116744685e-13
3.90781563126 9.54860254909e-13
3.92785571142 9.32833709825e-13
3.94789579158 9.11187260305e-13
3.96793587174 8.91444555944e-13
3.9879759519 8.71902749907e-13
4.00801603206 8.52558733897e-13
4.02805611222 8.3158465211e-13
4.04809619238 8.10226270812e-13
4.06813627255 7.89080401413e-13
4.08817635271 7.69547504001e-13
4.10821643287 7.52107965971e-13
4.12825651303 7.34839564217e-13
4.14829659319 7.17676093768e-13
4.16833667335 7.00066468472e-13
4.18837675351 6.82626955504e-13
4.20841683367 6.65355064517e-13
4.22845691383 6.49446594132e-13
4.24849699399 6.34058413354e-13
4.26853707415 6.18816064673e-13
4.28857715431 6.03351014278e-13
4.30861723447 5.87555210945e-13
4.32865731463 5.71906846882e-13
4.34869739479 5.56575319334e-13
4.36873747495 5.42855808317e-13
4.38877755511 5.29262626426e-13
4.40881763527 5.15794012606e-13
4.42885771543 5.03382810989e-13
4.44889779559 4.91355785113e-13
4.46893787575 4.79437498013e-13
4.48897795591 4.67526878139e-13
4.50901803607 4.55598906652e-13
4.52905811623 4.43777262481e-13
4.54909819639 4.32118704348e-13
4.56913827655 4.21011825377e-13
4.58917835671 4.10002628243e-13
4.60921843687 3.99089814155e-13
4.62925851703 3.88392063436e-13
4.64929859719 3.77819949507e-13
4.66933867735 3.67339157991e-13
4.68937875752 3.57496808056e-13
4.70941883768 3.48393835703e-13
4.72945891784 3.39368513252e-13
4.749498998 3.30329163815e-13
4.76953907816 3.20732385913e-13
4.78957915832 3.11216364551e-13
4.80961923848 3.01780074266e-13
4.82965931864 2.93294734417e-13
4.8496993988 2.85104173435e-13
4.86973947896 2.76981404535e-13
4.88977955912 2.69102221397e-13
4.90981963928 2.6149018036e-13
4.92985971944 2.53940362141e-13
4.9498997996 2.46551603667e-13
4.96993987976 2.39858233265e-13
4.98997995992 2.33218922169e-13
5.01002004008 2.26754883187e-13
5.03006012024 2.2045526544e-13
5.0501002004 2.14205908228e-13
5.07014028056 2.08332734531e-13
5.09018036072 2.02512754584e-13
5.11022044088 1.96738655245e-13
5.13026052104 1.91009890752e-13
5.1503006012 1.85325924135e-13
5.17034068136 1.80087737702e-13
5.19038076152 1.74916000359e-13
5.21042084168 1.69784237277e-13
5.23046092184 1.64691982402e-13
5.250501002 1.59638777039e-13
5.27054108216 1.55081960224e-13
5.29058116232 1.50611063527e-13
5.31062124248 1.46174066813e-13
5.33066132265 1.41770582403e-13
5.35070140281 1.37400228616e-13
5.37074148297 1.33188135203e-13
5.39078156313 1.29028084974e-13
5.41082164329 1.24898979716e-13
5.43086172345 1.208004725e-13
5.45090180361 1.16732221653e-13
5.47094188377 1.130924124e-13
5.49098196393 1.09567505889e-13
5.51102204409 1.06068341975e-13
5.53106212425 1.02594637282e-13
5.55110220441 9.91461126534e-14
5.57114228457 9.58676560781e-14
5.59118236473 9.2654124625e-14
5.61122244489 8.94636354322e-14
5.63126252505 8.62959395778e-14
5.65130260521 8.3150791773e-14
5.67134268537 8.02920491669e-14
5.69138276553 7.75472542262e-14
5.71142284569 7.48217941802e-14
5.73146292585 7.21154638219e-14
5.75150300601 6.94280608879e-14
5.77154308617 6.68550148294e-14
5.79158316633 6.43412746461e-14
5.81162324649 6.18449313928e-14
5.83166332665 5.93658037515e-14
5.85170340681 5.69037129558e-14
5.87174348697 5.45753586971e-14
5.89178356713 5.23238251043e-14
5.91182364729 5.00876067021e-14
5.93186372745 4.78665466478e-14
5.95190380762 4.56604902663e-14
5.97194388778 4.36850881216e-14
5.99198396794 4.185692918e-14
6.0120240481 4.00409999376e-14
6.03206412826 3.8237177168e-14
6.05210420842 3.64453393218e-14
6.07214428858 3.47548747609e-14
6.09218436874 3.31413036697e-14
6.1122244489 3.15383483832e-14
6.13226452906 2.99459037207e-14
6.15230460922 2.83638659088e-14
6.17234468938 2.68440761901e-14
6.19238476954 2.53790894397e-14
6.2124248497 2.39235834981e-14
6.23246492986 2.24774659955e-14
6.25250501002 2.10406457765e-14
6.27254509018 1.97224199724e-14
6.29258517034 1.85238740315e-14
6.3126252505 1.73329623476e-14
6.33266533066 1.6149611685e-14
6.35270541082 1.49737497572e-14
6.37274549098 1.38807094102e-14
6.39278557114 1.28847379632e-14
6.4128256513 1.1895011785e-14
6.43286573146 1.09114718784e-14
6.45290581162 9.93405999982e-15
6.47294589178 9.07453282928e-15
6.49298597194 8.37800197609e-15
6.5130260521 7.68577451957e-15
6.53306613226 6.99781033463e-15
6.55310621242 6.31406980399e-15
6.57314629259 5.71239783477e-15
6.59318637275 5.24452196491e-15
6.61322645291 4.77949595716e-15
6.63326653307 4.31729354649e-15
6.65330661323 3.85788879838e-15
6.67334669339 3.41672214745e-15
6.69338677355 3.00905141689e-15
6.71342685371 2.6038265367e-15
6.73346693387 2.20102530501e-15
6.75350701403 1.8006257951e-15
6.77354709419 1.44444898438e-15
6.79358717435 1.19109110369e-15
6.81362725451 9.39233619246e-16
6.83366733467 6.88863027182e-16
6.85370741483 4.39965991191e-16
6.87374749499 2.43844150985e-16
6.89378757515 2.00326830895e-16
6.91382765531 1.57070181717e-16
6.93386773547 1.14071689655e-16
6.95390781563 7.13288778798e-17
6.97394789579 3.6828328328e-17
6.99398797595 3.21215752722e-17
7.01402805611 2.74487990726e-17
7.03406813627 2.28094965059e-17
7.05410821643 1.82031767236e-17
7.07414829659 1.41281260561e-17
7.09418837675 1.24812463727e-17
7.11422845691 1.0849636652e-17
7.13426853707 9.23298921287e-18
7.15430861723 7.63100537683e-18
7.17434869739 6.22456422992e-18
7.19438877756 6.02628031464e-18
7.21442885772 5.83417416474e-18
7.23446893788 5.64804366487e-18
7.25450901804 5.46769357767e-18
7.2745490982 5.29341093652e-18
7.29458917836 5.12927780829e-18
7.31462925852 4.97034966885e-18
7.33466933868 4.81645667218e-18
7.35470941884 4.66743471324e-18
7.374749499 4.52312522566e-18
7.39478957916 4.38337498695e-18
7.41482965932 4.24803593088e-18
7.43486973948 4.11696496676e-18
7.45490981964 3.9900238053e-18
7.4749498998 3.8670787909e-18
7.49498997996 3.74800074008e-18
7.51503006012 3.63266478573e-18
7.53507014028 3.52095022714e-18
7.55511022044 3.41274038536e-18
7.5751503006 3.30792246391e-18
7.59519038076 3.20638741447e-18
7.61523046092 3.10802980746e-18
7.63527054108 3.01274770727e-18
7.65531062124 2.92044255202e-18
7.6753507014 2.83101903756e-18
7.69539078156 2.74438500574e-18
7.71543086172 2.6604513366e-18
7.73547094188 2.57913184446e-18
7.75551102204 2.50034317768e-18
7.7755511022 2.42400472207e-18
7.79559118236 2.35003850763e-18
7.81563126253 2.27836911868e-18
7.83567134269 2.20892360713e-18
7.85571142285 2.14163140887e-18
7.87575150301 2.07642426306e-18
7.89579158317 2.0132361343e-18
7.91583166333 1.95200313751e-18
7.93587174349 1.8926634655e-18
7.95591182365 1.83515731903e-18
7.97595190381 1.77942683935e-18
7.99599198397 1.72541604305e-18
8.01603206413 1.67307075932e-18
8.03607214429 1.62233856917e-18
8.05611222445 1.57316874702e-18
8.07615230461 1.52551220411e-18
8.09619238477 1.47932143399e-18
8.11623246493 1.43455045986e-18
8.13627254509 1.39115478375e-18
8.15631262525 1.34909133742e-18
8.17635270541 1.30831843497e-18
8.19639278557 1.2687957271e-18
8.21643286573 1.23048415692e-18
8.23647294589 1.19334591727e-18
8.25651302605 1.1573444095e-18
8.27655310621 1.12244420373e-18
8.29659318637 1.08861100032e-18
8.31663326653 1.05581159281e-18
8.33667334669 1.02401383204e-18
8.35671342685 9.9318659148e-19
8.37675350701 9.63299733769e-19
8.39679358717 9.34324078393e-19
8.41683366733 9.06231370428e-19
8.43687374749 8.7899425036e-19
8.45691382766 8.52586224912e-19
8.47695390782 8.26981638866e-19
8.49699398798 8.02155647818e-19
8.51703406814 7.78084191864e-19
8.5370741483 7.54743970156e-19
8.55711422846 7.32112416322e-19
8.57715430862 7.10167674696e-19
8.59719438878 6.88888577354e-19
8.61723446894 6.68254621909e-19
8.6372745491 6.48245950049e-19
8.65731462926 6.28843326789e-19
8.67735470942 6.10028120411e-19
8.69739478958 5.91782283071e-19
8.71743486974 5.74088332049e-19
8.7374749499 5.56929331622e-19
8.75751503006 5.40288875531e-19
8.77755511022 5.24151070031e-19
8.79759519038 5.08500517499e-19
8.81763527054 4.93322300584e-19
8.8376753507 4.78601966873e-19
8.85771543086 4.64325514066e-19
8.87775551102 4.50479375639e-19
8.89779559118 4.37050406968e-19
8.91783567134 4.24025871919e-19
8.9378757515 4.11393429864e-19
8.95791583166 3.99141123137e-19
8.97795591182 3.8725736488e-19
8.99799599198 3.75730927304e-19
9.01803607214 3.64550930318e-19
9.0380761523 3.53706830534e-19
9.05811623246 3.43188410628e-19
9.07815631263 3.32985769047e-19
9.09819639279 3.2308931005e-19
9.11823647295 3.13489734066e-19
9.13827655311 3.04178028372e-19
9.15831663327 2.95145458065e-19
9.17835671343 2.86383557331e-19
9.19839679359 2.77884120989e-19
9.21843687375 2.69639196314e-19
9.23847695391 2.61641075121e-19
9.25851703407 2.53882286098e-19
9.27855711423 2.4635558739e-19
9.29859719439 2.39053959426e-19
9.31863727455 2.31970597963e-19
9.33867735471 2.25098907361e-19
9.35871743487 2.18432494076e-19
9.37875751503 2.1196516035e-19
9.39879759519 2.05690898113e-19
9.41883767535 1.99603883073e-19
9.43887775551 1.93698469e-19
9.45891783567 1.87969182181e-19
9.47895791583 1.82410716066e-19
9.49899799599 1.77017926072e-19
9.51903807615 1.71785824559e-19
9.53907815631 1.66709575959e-19
9.55911823647 1.61784492068e-19
9.57915831663 1.57006027477e-19
9.59919839679 1.52369775156e-19
9.61923847695 1.47871462173e-19
9.63927855711 1.43506945546e-19
9.65931863727 1.39272208235e-19
9.67935871743 1.35163355248e-19
9.6993987976 1.31176609879e-19
9.71943887776 1.27308310061e-19
9.73947895792 1.23554904834e-19
9.75951903808 1.19912950921e-19
9.77955911824 1.16379109418e-19
9.7995991984 1.1295014258e-19
9.81963927856 1.09622910715e-19
9.83967935872 1.06394369171e-19
9.85971943888 1.03261565417e-19
9.87975951904 1.00221636217e-19
9.8997995992 0.0
9.91983967936 0.0
9.93987975952 0.0
9.95991983968 0.0
9.97995991984 0.0
10.0 0.0
