0.0 0.0
0.0200400801603 0.0
0.0400801603206 0.0
0.060120240481 0.0
0.0801603206413 0.0
0.100200400802 0.0
0.120240480962 0.0
0.140280561122 0.0
0.160320641283 0.0
0.180360721443 0.0
0.200400801603 0.0
0.220440881764 0.0
0.240480961924 0.0
0.260521042084 0.0
0.280561122244 0.0
0.300601202405 0.0
0.320641282565 0.0
0.340681362725 0.0
0.360721442886 0.0
0.380761523046 8.59734052941e-11
0.400801603206 4.91635523695e-11
0.420841683367 4.02847952138e-11
0.440881763527 3.61397468492e-11
0.460921843687 3.37488449577e-11
0.480961923848 3.21954628262e-11
0.501002004008 3.10711763375e-11
0.521042084168 3.02615510569e-11
0.541082164329 2.9654718874e-11
0.561122244489 2.91829901379e-11
0.581162324649 2.88169872949e-11
0.60120240481 2.85284681016e-11
0.62124248497 2.82810305698e-11
0.64128256513 2.80695805466e-11
0.661322645291 2.7898292768e-11
0.681362725451 2.7722679593e-11
0.701402805611 2.74646369346e-11
0.721442885772 2.7238251732e-11
0.741482965932 2.70356757261e-11
0.761523046092 2.68191014213e-11
0.781563126253 2.66213317924e-11
0.801603206413 2.64449480931e-11
0.821643286573 2.61820657259e-11
0.841683366733 2.58687660407e-11
0.861723446894 2.55772021242e-11
0.881763527054 2.52493599347e-11
0.901803607214 2.47899338398e-11
0.921843687375 2.43574714322e-11
0.941883767535 2.39485374291e-11
0.961923847695 2.34803915095e-11
0.981963927856 2.30305783697e-11
1.00200400802 2.26054022795e-11
1.02204408818 2.22386457744e-11
1.04208416834 2.19134189239e-11
1.0621242485 2.16024371385e-11
1.08216432866 2.12940847418e-11
1.10220440882 2.09761656232e-11
1.12224448898 2.06720332332e-11
1.14228456914 2.03845985883e-11
1.1623246493 2.00218948989e-11
1.18236472946 1.96680161062e-11
1.20240480962 1.9327844636e-11
1.22244488978 1.89941114719e-11
1.24248496994 1.86687118347e-11
1.2625250501 1.83549813019e-11
1.28256513026 1.80562683568e-11
1.30260521042 1.77788834631e-11
1.32264529058 1.75110455931e-11
1.34268537074 1.72521814079e-11
1.3627254509 1.70305970033e-11
1.38276553106 1.68177836179e-11
1.40280561122 1.661118045e-11
1.42284569138 1.63895113452e-11
1.44288577154 1.61618383763e-11
1.4629258517 1.59409384067e-11
1.48296593186 1.5729226379e-11
1.50300601202 1.55308051721e-11
1.52304609218 1.53381339719e-11
1.54308617234 1.51528315368e-11
1.56312625251 1.49385200927e-11
1.58316633267 1.4728678773e-11
1.60320641283 1.45245452263e-11
1.62324649299 1.43265258574e-11
1.64328657315 1.41341047052e-11
1.66332665331 1.39464636256e-11
1.68336673347 1.37710030774e-11
1.70340681363 1.36181424068e-11
1.72344689379 1.34691120251e-11
1.74348697395 1.33236224118e-11
1.76352705411 1.31030209521e-11
1.78356713427 1.28852558127e-11
1.80360721443 1.26726388004e-11
1.82364729459 1.24901628934e-11
1.84368737475 1.23259106706e-11
1.86372745491 1.21654039152e-11
1.88376753507 1.20301676255e-11
1.90380761523 1.19456469054e-11
1.92384769539 1.18630109279e-11
1.94388777555 1.1782196317e-11
1.96392785571 1.16206273967e-11
1.98396793587 1.14608229512e-11
2.00400801603 1.13018584222e-11
2.02404809619 1.11547956189e-11
2.04408817635 1.10098711233e-11
2.06412825651 1.0867912939e-11
2.08416833667 1.07294020258e-11
2.10420841683 1.05948702404e-11
2.12424849699 1.04630071457e-11
2.14428857715 1.03337330219e-11
2.16432865731 1.02015471083e-11
2.18436873747 1.00718501669e-11
2.20440881764 9.94462208211e-12
2.2244488978 9.80374825917e-12
2.24448897796 9.65732613036e-12
2.26452905812 9.51360381896e-12
2.28456913828 9.37006289699e-12
2.30460921844 9.22421388478e-12
2.3246492986 9.08097734893e-12
2.34468937876 8.94030147807e-12
2.36472945892 8.82986165393e-12
2.38476953908 8.72135184665e-12
2.40480961924 8.6147213077e-12
2.4248496994 8.50698749156e-12
2.44488977956 8.39965820757e-12
2.46492985972 8.29413808238e-12
2.48496993988 8.17683779401e-12
2.50501002004 8.03550590999e-12
2.5250501002 7.89648781635e-12
2.54509018036 7.76032460227e-12
2.56513026052 7.67969613416e-12
2.58517034068 7.60036208603e-12
2.60521042084 7.52229120505e-12
2.625250501 7.41698807114e-12
2.64529058116 7.30010462103e-12
2.66533066132 7.18502915071e-12
2.68537074148 7.07261050875e-12
2.70541082164 6.9635368276e-12
2.7254509018 6.85611121908e-12
2.74549098196 6.75062523105e-12
2.76553106212 6.66168792906e-12
2.78557114228 6.57406552755e-12
2.80561122244 6.48772880312e-12
2.82565130261 6.3691093677e-12
2.84569138277 6.23734069546e-12
2.86573146293 6.10745685966e-12
2.88577154309 5.99653503526e-12
2.90581162325 5.91719255079e-12
2.92585170341 5.83896381732e-12
2.94589178357 5.76112177685e-12
2.96593186373 5.662993322e-12
2.98597194389 5.56621087121e-12
3.00601202405 5.47074668532e-12
3.02605210421 5.37509024995e-12
3.04609218437 5.28009247373e-12
3.06613226453 5.18636194641e-12
3.08617234469 5.09583110759e-12
3.10621242485 5.00977678007e-12
3.12625250501 4.92484767708e-12
3.14629258517 4.84134733184e-12
3.16633266533 4.76630310628e-12
3.18637274549 4.69222131392e-12
3.20641282565 4.61908341426e-12
3.22645290581 4.53251195016e-12
3.24649298597 4.44125973694e-12
3.26653306613 4.35114659408e-12
3.28657314629 4.25884432037e-12
3.30661322645 4.1623677467e-12
3.32665330661 4.06707244506e-12
3.34669338677 3.9740753278e-12
3.36673346693 3.90269361306e-12
3.38677354709 3.83217065053e-12
3.40681362725 3.76249092761e-12
3.42685370741 3.69006266891e-12
3.44689378758 3.617123859e-12
3.46693386774 3.54504126567e-12
3.4869739479 3.47499093225e-12
3.50701402806 3.40758566226e-12
3.52705410822 3.3409578048e-12
3.54709418838 3.2745922968e-12
3.56713426854 3.20152458114e-12
3.5871743487 3.12928467331e-12
3.60721442886 3.05785849691e-12
3.62725450902 2.99059896901e-12
3.64729458918 2.92530941626e-12
3.66733466934 2.86074299652e-12
3.6873747495 2.79899565144e-12
3.70741482966 2.74103157905e-12
3.72745490982 2.68369897697e-12
3.74749498998 2.62715661159e-12
3.76753507014 2.57335875991e-12
3.7875751503 2.52013746762e-12
3.80761523046 2.46748346098e-12
3.82765531062 2.40838625206e-12
3.84769539078 2.34750455162e-12
3.86773547094 2.28726113466e-12
3.8877755511 2.23104033537e-12
3.90781563126 2.18019761278e-12
3.92785571142 2.12987971527e-12
3.94789579158 2.08043014377e-12
3.96793587174 2.03533318191e-12
3.9879759519 1.99069461767e-12
4.00801603206 1.94650745906e-12
4.02805611222 1.89859249225e-12
4.04809619238 1.84979861313e-12
4.06813627255 1.80149054123e-12
4.08817635271 1.75687005082e-12
4.10821643287 1.71703503267e-12
4.12825651303 1.67759084034e-12
4.14829659319 1.63838620865e-12
4.16833667335 1.59816153485e-12
4.18837675351 1.55832566571e-12
4.20841683367 1.51887296297e-12
4.22845691383 1.4825365622e-12
4.24849699399 1.44738924508e-12
4.26853707415 1.41257518086e-12
4.28857715431 1.3772521935e-12
4.30861723447 1.34117348707e-12
4.32865731463 1.30543196222e-12
4.34869739479 1.27041473958e-12
4.36873747495 1.23908132713e-12
4.38877755511 1.20803670115e-12
4.40881763527 1.1772768686e-12
4.42885771543 1.14893322499e-12
4.44889779559 1.12146742973e-12
4.46893787575 1.09425017214e-12
4.48897795591 1.06705057101e-12
4.50901803607 1.03981151456e-12
4.52905811623 1.01281558879e-12
4.54909819639 9.86192471756e-13
4.56913827655 9.60829842812e-13
4.58917835671 9.35690581171e-13
4.60921843687 9.10771735796e-13
4.62925851703 8.86344402664e-13
4.64929859719 8.62204315028e-13
4.66933867735 8.38273103962e-13
4.68937875752 8.15800373243e-13
4.70941883768 7.95016560279e-13
4.72945891784 7.74410283914e-13
4.749498998 7.53772186102e-13
4.76953907816 7.31861317854e-13
4.78957915832 7.10135193055e-13
4.80961923848 6.88591475292e-13
4.82965931864 6.6921963982e-13
4.8496993988 6.50521183833e-13
4.86973947896 6.31977766273e-13
4.88977955912 6.13990797503e-13
4.90981963928 5.96614041387e-13
4.92985971944 5.79379582817e-13
4.9498997996 5.62513093754e-13
4.96993987976 5.4723452956e-13
4.98997995992 5.32079562643e-13
5.01002004008 5.17324936233e-13
5.03006012024 5.02945863843e-13
5.0501002004 4.88681706553e-13
5.07014028056 4.75276528381e-13
5.09018036072 4.61992937763e-13
5.11022044088 4.48814242788e-13
5.13026052104 4.35739200868e-13
5.1503006012 4.22766589054e-13
5.17034068136 4.10811732552e-13
5.19038076152 3.99008696941e-13
5.21042084168 3.87297049657e-13
5.23046092184 3.75675729214e-13
5.250501002 3.64143690576e-13
5.27054108216 3.53744804031e-13
5.29058116232 3.43542143002e-13
5.31062124248 3.33416972453e-13
5.33066132265 3.23368409455e-13
5.35070140281 3.13395584501e-13
5.37074148297 3.03784079713e-13
5.39078156313 2.94291468331e-13
5.41082164329 2.84869598733e-13
5.43086172345 2.75517680096e-13
5.45090180361 2.66234933391e-13
5.47094188377 2.57930050716e-13
5.49098196393 2.49887477599e-13
5.51102204409 2.41903740981e-13
5.53106212425 2.33978195146e-13
5.55110220441 2.26110203834e-13
5.57114228457 2.18630387312e-13
5.59118236473 2.11298808736e-13
5.61122244489 2.04019894818e-13
5.63126252505 1.96793078055e-13
5.65130260521 1.89617799105e-13
5.67134268537 1.83096107372e-13
5.69138276553 1.76834481514e-13
5.71142284569 1.70617038705e-13
5.73146292585 1.64443311233e-13
5.75150300601 1.58312837996e-13
5.77154308617 1.52443347144e-13
5.79158316633 1.46709229336e-13
5.81162324649 1.41014865818e-13
5.83166332665 1.35359843129e-13
5.85170340681 1.29743753544e-13
5.87174348697 1.2443283596e-13
5.89178356713 1.19297233438e-13
5.91182364729 1.14196625573e-13
5.93186372745 1.09130654647e-13
5.95190380762 1.04098967818e-13
5.97194388778 9.95935184201e-14
5.99198396794 9.54240084027e-14
6.0120240481 9.12824342847e-14
6.03206412826 8.71685152419e-14
6.05210420842 8.30819742189e-14
6.07214428858 7.92267161202e-14
6.09218436874 7.55468931651e-14
6.1122244489 7.18913170946e-14
6.13226452906 6.82597481988e-14
6.15230460922 6.46519499322e-14
6.17234468938 6.11861710295e-14
6.19238476954 5.78454255252e-14
6.2124248497 5.4526333634e-14
6.23246492986 5.12286847822e-14
6.25250501002 4.79522711301e-14
6.27254509018 4.49463827841e-14
6.29258517034 4.22134872721e-14
6.3126252505 3.94980230906e-14
6.33266533066 3.67998234039e-14
6.35270541082 3.41187235091e-14
6.37274549098 3.16265370358e-14
6.39278557114 2.93557525799e-14
6.4128256513 2.70992245078e-14
6.43286573146 2.48568184967e-14
6.45290581162 2.26284019143e-14
6.47294589178 2.06688481249e-14
6.49298597194 1.90810305367e-14
6.5130260521 1.75030295591e-14
6.53306613226 1.59347540624e-14
6.55310621242 1.4376114048e-14
6.57314629259 1.300463489e-14
6.59318637275 1.19382751768e-14
6.61322645291 1.08784100691e-14
6.63326653307 9.82498012539e-15
6.65330661323 8.77792663295e-15
6.67334669339 7.77246021199e-15
6.69338677355 6.84337375695e-15
6.71342685371 5.91986074701e-15
6.73346693387 5.00187093511e-15
6.75350701403 4.08935468113e-15
6.77354709419 3.27767621636e-15
6.79358717435 2.70044852211e-15
6.81362725451 2.12663451939e-15
6.83366733467 1.55620382398e-15
6.85370741483 9.89126415046e-16
6.87374749499 5.42380206804e-16
6.89378757515 4.43590681601e-16
6.91382765531 3.45382337672e-16
6.93386773547 2.47749928453e-16
6.95390781563 1.50688273256e-16
6.97394789579 7.24080104604e-17
6.99398797595 6.20483557363e-17
7.01402805611 5.17539046024e-17
7.03406813627 4.1523938365e-17
7.05410821643 3.13577508747e-17
7.07414829659 2.23918372603e-17
7.09418837675 1.89514748547e-17
7.11422845691 1.5535557467e-17
7.13426853707 1.2143741755e-17
7.15430861723 8.77569196253e-18
7.17434869739 5.84413129013e-18
7.19438877756 5.65803806057e-18
7.21442885772 5.4772813021e-18
7.23446893788 5.30169931065e-18
7.25450901804 5.13113537051e-18
7.2745490982 4.96652197562e-18
7.29458917836 4.81743369726e-18
7.31462925852 4.67285639331e-18
7.33466933868 4.53265232698e-18
7.35470941884 4.39668801159e-18
7.374749499 4.26483407777e-18
7.39478957916 4.13696514495e-18
7.41482965932 4.01295969686e-18
7.43486973948 3.89269996103e-18
7.45490981964 3.776071792e-18
7.4749498998 3.66296455834e-18
7.49498997996 3.55327103317e-18
7.51503006012 3.44688728813e-18
7.53507014028 3.34371259077e-18
7.55511022044 3.24364930507e-18
7.5751503006 3.1466027952e-18
7.59519038076 3.05248133224e-18
7.61523046092 2.96119600388e-18
7.63527054108 2.87266062694e-18
7.65531062124 2.78679166264e-18
7.6753507014 2.70350813457e-18
7.69539078156 2.6227315492e-18
7.71543086172 2.5443858189e-18
7.73547094188 2.46839718739e-18
7.75551102204 2.39469415751e-18
7.7755511022 2.32320742126e-18
7.79559118236 2.25386979206e-18
7.81563126253 2.18661613909e-18
7.83567134269 2.12138332372e-18
7.85571142285 2.05811013795e-18
7.87575150301 1.99673724466e-18
7.89579158317 1.93720711993e-18
7.91583166333 1.87946399697e-18
7.93587174349 1.8234538119e-18
7.95591182365 1.76912415123e-18
7.97595190381 1.71642420093e-18
7.99599198397 1.66530469713e-18
8.01603206413 1.61571787834e-18
8.03607214429 1.56761743918e-18
8.05611222445 1.52095848551e-18
8.07615230461 1.47569749099e-18
8.09619238477 1.43179225501e-18
8.11623246493 1.38920186189e-18
8.13627254509 1.34788664136e-18
8.15631262525 1.30780813032e-18
8.17635270541 1.26892903567e-18
8.19639278557 1.23121319843e-18
8.21643286573 1.19462555892e-18
8.23647294589 1.15913212296e-18
8.25651302605 1.12469992922e-18
8.27655310621 1.09129701754e-18
8.29659318637 1.05889239821e-18
8.31663326653 1.02745602224e-18
8.33667334669 9.96958752497e-19
8.35671342685 9.6737233584e-19
8.37675350701 9.38669375996e-19
8.39679358717 9.1082330735e-19
8.41683366733 8.83808369526e-19
8.43687374749 8.57599582755e-19
8.45691382766 8.32172724002e-19
8.47695390782 8.07504303836e-19
8.49699398798 7.83571544006e-19
8.51703406814 7.60352355722e-19
8.5370741483 7.37825318594e-19
8.55711422846 7.15969660227e-19
8.57715430862 6.94765236445e-19
8.59719438878 6.74192512123e-19
8.61723446894 6.54232542614e-19
8.6372745491 6.3486695574e-19
8.65731462926 6.16077934346e-19
8.67735470942 5.97848199387e-19
8.69739478958 5.80160993536e-19
8.71743486974 5.63000065296e-19
8.7374749499 5.46349653602e-19
8.75751503006 5.30194472894e-19
8.77755511022 5.1451969865e-19
8.79759519038 4.99310953368e-19
8.81763527054 4.84554292965e-19
8.8376753507 4.70236193611e-19
8.85771543086 4.56343538955e-19
8.87775551102 4.42863607746e-19
8.89779559118 4.29784061832e-19
8.91783567134 4.17092934536e-19
8.9378757515 4.0477861937e-19
8.95791583166 3.92829859118e-19
8.97795591182 3.81235735232e-19
8.99799599198 3.69985657563e-19
9.01803607214 3.59069354411e-19
9.0380761523 3.48476862864e-19
9.05811623246 3.38198519452e-19
9.07815631263 3.28224951066e-19
9.09819639279 3.18547066176e-19
9.11823647295 3.09156046296e-19
9.13827655311 3.00043337728e-19
9.15831663327 2.91200643546e-19
9.17835671343 2.82619915831e-19
9.19839679359 2.74293348139e-19
9.21843687375 2.662133682e-19
9.23847695391 2.58372630846e-19
9.25851703407 2.50764011139e-19
9.27855711423 2.43380597727e-19
9.29859719439 2.36215686389e-19
9.31863727455 2.29262773785e-19
9.33867735471 2.22515551385e-19
9.35871743487 2.159678996e-19
9.37875751503 2.09613882076e-19
9.39879759519 2.03447740167e-19
9.41883767535 1.97463887581e-19
9.43887775551 1.9165690518e-19
9.45891783567 1.86021535944e-19
9.47895791583 1.80552680087e-19
9.49899799599 1.75245390322e-19
9.51903807615 1.70094867264e-19
9.53907815631 1.65096454981e-19
9.55911823647 1.60245636676e-19
9.57915831663 1.55538030497e-19
9.59919839679 1.50969385481e-19
9.61923847695 1.46535577616e-19
9.63927855711 1.42232606022e-19
9.65931863727 1.3805658925e-19
9.67935871743 1.34003761696e-19
9.6993987976 1.30070470113e-19
9.71943887776 1.26253170241e-19
9.73947895792 1.22548423535e-19
9.75951903808 1.18952893985e-19
9.77955911824 1.15463345041e-19
9.7995991984 1.1207663663e-19
9.81963927856 1.08789722259e-19
9.83967935872 1.05599646205e-19
9.85971943888 1.02503540799e-19
9.87975951904 9.94986237803e-20
9.8997995992 0.0
9.91983967936 0.0
9.93987975952 0.0
9.95991983968 0.0
9.97995991984 0.0
10.0 0.0
