0.0 0.0
0.0200400801603 0.0
0.0400801603206 0.0
0.060120240481 1.13265995403e-10
0.0801603206413 5.75722951451e-11
0.100200400802 5.17380759502e-11
0.120240480962 5.09558789187e-11
0.140280561122 4.30113181567e-11
0.160320641283 3.34932586241e-11
0.180360721443 2.88558579925e-11
0.200400801603 2.58627772942e-11
0.220440881764 1.48311009564e-10
0.240480961924 1.46581475655e-10
0.260521042084 2.17048114463e-11
0.280561122244 2.08259796707e-11
0.300601202405 2.00261839398e-11
0.320641282565 1.93688122167e-11
0.340681362725 1.88558994904e-11
0.360721442886 1.82918145285e-11
0.380761523046 1.77708724435e-11
0.400801603206 1.72717494837e-11
0.420841683367 1.68267467689e-11
0.440881763527 1.64282210343e-11
0.460921843687 1.6046628285e-11
0.480961923848 1.56906605355e-11
0.501002004008 1.53484222912e-11
0.521042084168 1.50403469708e-11
0.541082164329 1.47553833706e-11
0.561122244489 1.44880578632e-11
0.581162324649 1.42413866411e-11
0.60120240481 1.40182712471e-11
0.62124248497 1.38033480537e-11
0.64128256513 1.3598257856e-11
0.661322645291 1.34163133934e-11
0.681362725451 1.32361369955e-11
0.701402805611 1.30297542093e-11
0.721442885772 1.28348651384e-11
0.741482965932 1.26485374615e-11
0.761523046092 1.24594921736e-11
0.781563126253 1.22816946222e-11
0.801603206413 1.21216478944e-11
0.821643286573 1.19343369518e-11
0.841683366733 1.17311061715e-11
0.861723446894 1.15442529093e-11
0.881763527054 1.13457745542e-11
0.901803607214 1.11017713092e-11
0.921843687375 1.08701936778e-11
0.941883767535 1.0649330329e-11
0.961923847695 1.04082097907e-11
0.981963927856 1.01761697978e-11
1.00200400802 9.95844445679e-12
1.02204408818 9.76363202e-12
1.04208416834 9.58508986023e-12
1.0621242485 9.41875148344e-12
1.08216432866 9.25301946455e-12
1.10220440882 9.08474038314e-12
1.12224448898 8.91982522739e-12
1.14228456914 8.76336878249e-12
1.1623246493 8.58014121011e-12
1.18236472946 8.40386314738e-12
1.20240480962 8.24131688156e-12
1.22244488978 8.08167733357e-12
1.24248496994 7.92566893398e-12
1.2625250501 7.77478498568e-12
1.28256513026 7.62993021142e-12
1.30260521042 7.49361890948e-12
1.32264529058 7.36260819752e-12
1.34268537074 7.23626139293e-12
1.3627254509 7.12443842893e-12
1.38276553106 7.01722194508e-12
1.40280561122 6.9144567683e-12
1.42284569138 6.80622070842e-12
1.44288577154 6.69615782055e-12
1.4629258517 6.59078427186e-12
1.48296593186 6.4892679841e-12
1.50300601202 6.39314212979e-12
1.52304609218 6.30044810615e-12
1.54308617234 6.21233258243e-12
1.56312625251 6.11351579554e-12
1.58316633267 6.01730436392e-12
1.60320641283 5.92504108966e-12
1.62324649299 5.83531285988e-12
1.64328657315 5.74794558272e-12
1.66332665331 5.66348689834e-12
1.68336673347 5.58364914458e-12
1.70340681363 5.51262263633e-12
1.72344689379 5.4440782421e-12
1.74348697395 5.37746097133e-12
1.76352705411 5.28228538935e-12
1.78356713427 5.18843070985e-12
1.80360721443 5.0968832179e-12
1.82364729459 5.01699993724e-12
1.84368737475 4.9442804268e-12
1.86372745491 4.87455161966e-12
1.88376753507 4.81470875271e-12
1.90380761523 4.77442099019e-12
1.92384769539 4.73538910541e-12
1.94388777555 4.69738550747e-12
1.96392785571 4.62847312496e-12
1.98396793587 4.56047165698e-12
2.00400801603 4.49167075118e-12
2.02404809619 4.4307135734e-12
2.04408817635 4.36906019055e-12
2.06412825651 4.3093556769e-12
2.08416833667 4.25108856496e-12
2.10420841683 4.19441280144e-12
2.12424849699 4.13930890077e-12
2.14428857715 4.08545342045e-12
2.16432865731 4.03052206121e-12
2.18436873747 3.97657207122e-12
2.20440881764 3.92367021457e-12
2.2244488978 3.86555064728e-12
2.24448897796 3.805407429e-12
2.26452905812 3.74718638305e-12
2.28456913828 3.68908061454e-12
2.30460921844 3.62976116544e-12
2.3246492986 3.57181243844e-12
2.34468937876 3.51498536808e-12
2.36472945892 3.46996008364e-12
2.38476953908 3.42580325585e-12
2.40480961924 3.38248854097e-12
2.4248496994 3.33885711142e-12
2.44488977956 3.29548504978e-12
2.46492985972 3.25290937394e-12
2.48496993988 3.20587082476e-12
2.50501002004 3.14962402974e-12
2.5250501002 3.09434846998e-12
2.54509018036 3.04024931186e-12
2.56513026052 3.00770417791e-12
2.58517034068 2.97573090611e-12
2.60521042084 2.9443135253e-12
2.625250501 2.90241845689e-12
2.64529058116 2.85609664373e-12
2.66533066132 2.81052658836e-12
2.68537074148 2.76603419047e-12
2.70541082164 2.72288345498e-12
2.7254509018 2.68041482628e-12
2.74549098196 2.63873886885e-12
2.76553106212 2.60351384383e-12
2.78557114228 2.56883660189e-12
2.80561122244 2.53469372785e-12
2.82565130261 2.48807180572e-12
2.84569138277 2.4363814543e-12
2.86573146293 2.38544778181e-12
2.88577154309 2.34189100576e-12
2.90581162325 2.31060495816e-12
2.92585170341 2.27977653368e-12
2.94589178357 2.24912231303e-12
2.96593186373 2.21062136026e-12
2.98597194389 2.17266234347e-12
3.00601202405 2.13523340245e-12
3.02605210421 2.0977473613e-12
3.04609218437 2.06053329119e-12
3.06613226453 2.02382640826e-12
3.08617234469 1.98837593221e-12
3.10621242485 1.95467691057e-12
3.12625250501 1.92142786615e-12
3.14629258517 1.88874590673e-12
3.16633266533 1.85935904573e-12
3.18637274549 1.83035736124e-12
3.20641282565 1.80173300569e-12
3.22645290581 1.76790127502e-12
3.24649298597 1.73226003196e-12
3.26653306613 1.69706897457e-12
3.28657314629 1.66103468815e-12
3.30661322645 1.62338517661e-12
3.32665330661 1.58620045526e-12
3.34669338677 1.54991416831e-12
3.36673346693 1.52203278667e-12
3.38677354709 1.49449104746e-12
3.40681362725 1.46728257088e-12
3.42685370741 1.43901096015e-12
3.44689378758 1.41054554878e-12
3.46693386774 1.38241725785e-12
3.4869739479 1.35508302301e-12
3.50701402806 1.32878093426e-12
3.52705410822 1.30278472502e-12
3.54709418838 1.27689389311e-12
3.56713426854 1.24839995276e-12
3.5871743487 1.22023047666e-12
3.60721442886 1.19237981693e-12
3.62725450902 1.16615185715e-12
3.64729458918 1.14069227106e-12
3.66733466934 1.11551600179e-12
3.6873747495 1.09143821727e-12
3.70741482966 1.06883400657e-12
3.72745490982 1.04647726901e-12
3.74749498998 1.02442964809e-12
3.76753507014 1.00345140101e-12
3.7875751503 9.82698999171e-13
3.80761523046 9.62168726632e-13
3.82765531062 9.39132449364e-13
3.84769539078 9.15402635336e-13
3.86773547094 8.91921951709e-13
3.8877755511 8.70007484667e-13
3.90781563126 8.50186911902e-13
3.92785571142 8.30571403889e-13
3.94789579158 8.11294599827e-13
3.96793587174 7.93712756896e-13
3.9879759519 7.7631007498e-13
4.00801603206 7.59083772277e-13
4.02805611222 7.40406770899e-13
4.04809619238 7.21387973349e-13
4.06813627255 7.02558617504e-13
4.08817635271 6.85165310148e-13
4.10821643287 6.69635657562e-13
4.12825651303 6.542585828e-13
4.14829659319 6.38975142751e-13
4.16833667335 6.23294777377e-13
4.18837675351 6.07766047304e-13
4.20841683367 5.92386726459e-13
4.22845691383 5.78221247986e-13
4.24849699399 5.64519089771e-13
4.26853707415 5.50946919882e-13
4.28857715431 5.37176679376e-13
4.30861723447 5.23112178546e-13
4.32865731463 5.09179074156e-13
4.34869739479 4.95528148986e-13
4.36873747495 4.83312305498e-13
4.38877755511 4.71209048762e-13
4.40881763527 4.59216805326e-13
4.42885771543 4.48165944503e-13
4.44889779559 4.37457177338e-13
4.46893787575 4.26845317483e-13
4.48897795591 4.16240390757e-13
4.50901803607 4.05620121799e-13
4.52905811623 3.95094599509e-13
4.54909819639 3.84714343716e-13
4.56913827655 3.74825258689e-13
4.58917835671 3.65023212543e-13
4.60921843687 3.55307045445e-13
4.62925851703 3.45782397862e-13
4.64929859719 3.36369662851e-13
4.66933867735 3.27038292034e-13
4.68937875752 3.18275304071e-13
4.70941883768 3.10170545185e-13
4.72945891784 3.02134971382e-13
4.749498998 2.94086973109e-13
4.76953907816 2.85542834895e-13
4.78957915832 2.77070639116e-13
4.80961923848 2.68669470583e-13
4.82965931864 2.61114849823e-13
4.8496993988 2.53822678712e-13
4.86973947896 2.46590901131e-13
4.88977955912 2.39575999313e-13
4.90981963928 2.32798940322e-13
4.92985971944 2.26077311746e-13
4.9498997996 2.19499092411e-13
4.96993987976 2.13539917887e-13
4.98997995992 2.07628902176e-13
5.01002004008 2.01873942456e-13
5.03006012024 1.96265378301e-13
5.0501002004 1.90701587104e-13
5.07014028056 1.85472691056e-13
5.09018036072 1.80291176455e-13
5.11022044088 1.75150532198e-13
5.13026052104 1.70050271283e-13
5.1503006012 1.64989914584e-13
5.17034068136 1.60326399641e-13
5.19038076152 1.55722059957e-13
5.21042084168 1.51153327685e-13
5.23046092184 1.46619787005e-13
5.250501002 1.42121028684e-13
5.27054108216 1.38064157317e-13
5.29058116232 1.34083789108e-13
5.31062124248 1.30133616946e-13
5.33066132265 1.26213294956e-13
5.35070140281 1.22322482633e-13
5.37074148297 1.18572564996e-13
5.39078156313 1.14868990901e-13
5.41082164329 1.11192978869e-13
5.43086172345 1.07544219444e-13
5.45090180361 1.03922407878e-13
5.47094188377 1.00681993137e-13
5.49098196393 9.75438742484e-14
5.51102204409 9.442868367e-14
5.53106212425 9.1336168637e-14
5.55110220441 8.8266080161e-14
5.57114228457 8.53473917032e-14
5.59118236473 8.24865084935e-14
5.61122244489 7.96461475235e-14
5.63126252505 7.68260867928e-14
5.65130260521 7.40261075518e-14
5.67134268537 7.14810854443e-14
5.69138276553 6.90375047466e-14
5.71142284569 6.66111442664e-14
5.73146292585 6.42018209926e-14
5.75150300601 6.18093545477e-14
5.77154308617 5.95186924887e-14
5.79158316633 5.72808301098e-14
5.81162324649 5.50584612832e-14
5.83166332665 5.28514243252e-14
5.85170340681 5.06595598344e-14
5.87174348697 4.8586749487e-14
5.89178356713 4.6582328568e-14
5.91182364729 4.45915468455e-14
5.93186372745 4.26142644731e-14
5.95190380762 4.06503435428e-14
5.97194388778 3.88917484432e-14
5.99198396794 3.72642294313e-14
6.0120240481 3.5647602015e-14
6.03206412826 3.40417563116e-14
6.05210420842 3.24465839392e-14
6.07214428858 3.09416551596e-14
6.09218436874 2.95051787365e-14
6.1122244489 2.80781564203e-14
6.13226452906 2.66604944251e-14
6.15230460922 2.52521002244e-14
6.17234468938 2.38991209818e-14
6.19238476954 2.2594929173e-14
6.2124248497 2.12991804238e-14
6.23246492986 2.00117923799e-14
6.25250501002 1.87326837733e-14
6.27254509018 1.75591471123e-14
6.29258517034 1.64921485369e-14
6.3126252505 1.54319487154e-14
6.33266533066 1.43784823481e-14
6.35270541082 1.33316849841e-14
6.37274549098 1.23586153175e-14
6.39278557114 1.14719557596e-14
6.4128256513 1.05908580488e-14
6.43286573146 9.71526957814e-15
6.45290581162 8.84513841484e-15
6.47294589178 8.07994659586e-15
6.49298597194 7.45985093884e-15
6.5130260521 6.84358815985e-15
6.53306613226 6.23112246577e-15
6.55310621242 5.62241851823e-15
6.57314629259 5.08677125021e-15
6.59318637275 4.6702267847e-15
6.61322645291 4.2562209869e-15
6.63326653307 3.84473041357e-15
6.65330661323 3.43573191792e-15
6.67334669339 3.04297001899e-15
6.69338677355 2.68002668711e-15
6.71342685371 2.31926209771e-15
6.73346693387 1.96065643488e-15
6.75350701403 1.60419012949e-15
6.77354709419 1.287090833e-15
6.79358717435 1.06151900563e-15
6.81362725451 8.37284080563e-16
6.83366733467 6.14373992899e-16
6.85370741483 3.92776828473e-16
6.87374749499 2.18159645361e-16
6.89378757515 1.79387330187e-16
6.91382765531 1.40848170931e-16
6.93386773547 1.02539892466e-16
6.95390781563 6.44602538858e-17
6.97394789579 3.37186256352e-17
6.99398797595 2.94994780294e-17
7.01402805611 2.53115201019e-17
7.03406813627 2.11542724654e-17
7.05410821643 1.70272678356e-17
7.07414829659 1.33740359527e-17
7.09418837675 1.18831119278e-17
7.11422845691 1.04065789205e-17
7.13426853707 8.94413666268e-18
7.15430861723 7.49549380569e-18
7.17434869739 6.2216387495e-18
7.19438877756 6.02394614843e-18
7.21442885772 5.83242795025e-18
7.23446893788 5.64688207032e-18
7.25450901804 5.4671133015e-18
7.2745490982 5.29335646753e-18
7.29458917836 5.12922531785e-18
7.31462925852 4.97029908314e-18
7.33466933868 4.81640792023e-18
7.35470941884 4.66738772681e-18
7.374749499 4.52307993911e-18
7.39478957916 4.38333133718e-18
7.41482965932 4.24799385719e-18
7.43486973948 4.11692441076e-18
7.45490981964 3.98998471084e-18
7.4749498998 3.86704110396e-18
7.49498997996 3.7479644087e-18
7.51503006012 3.63262975994e-18
7.53507014028 3.52091645884e-18
7.55511022044 3.41270782828e-18
7.5751503006 3.30789107354e-18
7.59519038076 3.20635714797e-18
7.61523046092 3.10800062361e-18
7.63527054108 3.01271956643e-18
7.65531062124 2.920415416e-18
7.6753507014 2.83099286964e-18
7.69539078156 2.74435977055e-18
7.71543086172 2.66042700012e-18
7.73547094188 2.57910837394e-18
7.75551102204 2.5003205416e-18
7.7755511022 2.42398289008e-18
7.79559118236 2.35001745051e-18
7.81563126253 2.27834880829e-18
7.83567134269 2.20890401641e-18
7.85571142285 2.14161251175e-18
7.87575150301 2.07640603444e-18
7.89579158317 2.01321855e-18
7.91583166333 1.95198617426e-18
7.93587174349 1.8926471009e-18
7.95591182365 1.83514153149e-18
7.97595190381 1.77941160807e-18
7.99599198397 1.72540134804e-18
8.01603206413 1.67305658127e-18
8.03607214429 1.62232488953e-18
8.05611222445 1.5731555479e-18
8.07615230461 1.52549946828e-18
8.09619238477 1.47930914485e-18
8.11623246493 1.43453860143e-18
8.13627254509 1.39114334063e-18
8.15631262525 1.34908029476e-18
8.17635270541 1.30830777848e-18
8.19639278557 1.26878544301e-18
8.21643286573 1.23047423195e-18
8.23647294589 1.19333633863e-18
8.25651302605 1.15733516489e-18
8.27655310621 1.12243528125e-18
8.29659318637 1.08860238855e-18
8.31663326653 1.05580328072e-18
8.33667334669 1.024005809e-18
8.35671342685 9.93178847238e-19
8.37675350701 9.63292258463e-19
8.39679358717 9.3431686251e-19
8.41683366733 9.06224404798e-19
8.43687374749 8.78987526144e-19
8.45691382766 8.52579733591e-19
8.47695390782 8.26975372226e-19
8.49699398798 8.02149597943e-19
8.51703406814 7.7807835112e-19
8.5370741483 7.54738331187e-19
8.55711422846 7.32106972032e-19
8.57715430862 7.10162418247e-19
8.59719438878 6.88883502151e-19
8.61723446894 6.68249721594e-19
8.6372745491 6.48241218492e-19
8.65731462926 6.28838758078e-19
8.67735470942 6.10023708846e-19
8.69739478958 5.91778023155e-19
8.71743486974 5.74084218482e-19
8.7374749499 5.56925359291e-19
8.75751503006 5.40285039506e-19
8.77755511022 5.24147365558e-19
8.79759519038 5.08496939993e-19
8.81763527054 4.93318845621e-19
8.8376753507 4.78598630187e-19
8.85771543086 4.64322291545e-19
8.87775551102 4.50476263312e-19
8.89779559118 4.37047401008e-19
8.91783567134 4.24022968632e-19
8.9378757515 4.11390625689e-19
8.95791583166 3.99138414636e-19
8.97795591182 3.8725474874e-19
8.99799599198 3.75728400326e-19
9.01803607214 3.64548489416e-19
9.0380761523 3.53704472731e-19
9.05811623246 3.43186133052e-19
9.07815631263 3.32983568928e-19
9.09819639279 3.23087184714e-19
9.11823647295 3.13487680932e-19
9.13827655311 3.04176044951e-19
9.15831663327 2.95143541956e-19
9.17835671343 2.86381706214e-19
9.19839679359 2.77882332629e-19
9.21843687375 2.69637468553e-19
9.23847695391 2.61639405875e-19
9.25851703407 2.53880673356e-19
9.27855711423 2.46354029214e-19
9.29859719439 2.39052453943e-19
9.31863727455 2.31969143365e-19
9.33867735471 2.25097501905e-19
9.35871743487 2.18431136077e-19
9.37875751503 2.11963848184e-19
9.39879759519 2.05689630212e-19
9.41883767535 1.99602657924e-19
9.43887775551 1.93697285141e-19
9.45891783567 1.87968038201e-19
9.47895791583 1.82409610605e-19
9.49899799599 1.77016857815e-19
9.51903807615 1.71784792236e-19
9.53907815631 1.66708578347e-19
9.55911823647 1.61783527983e-19
9.57915831663 1.57005095778e-19
9.59919839679 1.52368874741e-19
9.61923847695 1.47870591977e-19
9.63927855711 1.43506104543e-19
9.65931863727 1.39271395432e-19
9.67935871743 1.35162569687e-19
9.6993987976 1.31175850637e-19
9.71943887776 1.27307576244e-19
9.73947895792 1.2355419558e-19
9.75951903808 1.19912265397e-19
9.77955911824 1.1637844682e-19
9.7995991984 1.12949502132e-19
9.81963927856 1.09622291668e-19
9.83967935872 1.06393770801e-19
9.85971943888 1.03260987025e-19
9.87975951904 1.00221077127e-19
9.8997995992 0.0
9.91983967936 0.0
9.93987975952 0.0
9.95991983968 0.0
9.97995991984 0.0
10.0 0.0
