0.0 0.0
0.0200400801603 0.0
0.0400801603206 0.0
0.060120240481 0.0
0.0801603206413 0.0
0.100200400802 0.0
0.120240480962 0.0
0.140280561122 0.0
0.160320641283 0.0
0.180360721443 0.0
0.200400801603 0.0
0.220440881764 0.0
0.240480961924 0.0
0.260521042084 0.0
0.280561122244 0.0
0.300601202405 0.0
0.320641282565 0.0
0.340681362725 0.0
0.360721442886 0.0
0.380761523046 0.0
0.400801603206 0.0
0.420841683367 0.0
0.440881763527 0.0
0.460921843687 0.0
0.480961923848 5.89953297797e-12
0.501002004008 3.39496121846e-12
0.521042084168 2.69801782436e-12
0.541082164329 2.33637410781e-12
0.561122244489 2.11033319829e-12
0.581162324649 1.95420997359e-12
0.60120240481 1.83684895128e-12
0.62124248497 1.74387182038e-12
0.64128256513 1.66902569794e-12
0.661322645291 1.60865649877e-12
0.681362725451 1.55920922276e-12
0.701402805611 1.51243765193e-12
0.721442885772 1.47209504572e-12
0.741482965932 1.43373717805e-12
0.761523046092 1.39803692397e-12
0.781563126253 1.36607274939e-12
0.801603206413 1.33977368825e-12
0.821643286573 1.31326371322e-12
0.841683366733 1.28619845477e-12
0.861723446894 1.2607401652e-12
0.881763527054 1.23320128986e-12
0.901803607214 1.2014067801e-12
0.921843687375 1.17180067989e-12
0.941883767535 1.14307029978e-12
0.961923847695 1.11274038025e-12
0.981963927856 1.0839764597e-12
1.00200400802 1.05880016131e-12
1.02204408818 1.03774196421e-12
1.04208416834 1.01880677265e-12
1.0621242485 9.99704695039e-13
1.08216432866 9.78177832112e-13
1.10220440882 9.56768625441e-13
1.12224448898 9.36377212507e-13
1.14228456914 9.20897435038e-13
1.1623246493 9.02848629092e-13
1.18236472946 8.8536807685e-13
1.20240480962 8.6858350373e-13
1.22244488978 8.52208893051e-13
1.24248496994 8.36336727373e-13
1.2625250501 8.2090199093e-13
1.28256513026 8.05763851501e-13
1.30260521042 7.91629977863e-13
1.32264529058 7.78020074542e-13
1.34268537074 7.64829597611e-13
1.3627254509 7.53242056722e-13
1.38276553106 7.42120407341e-13
1.40280561122 7.30731102949e-13
1.42284569138 7.18503694036e-13
1.44288577154 7.06168444715e-13
1.4629258517 6.94085348035e-13
1.48296593186 6.82164168508e-13
1.50300601202 6.70890284037e-13
1.52304609218 6.59959343481e-13
1.54308617234 6.51262791389e-13
1.56312625251 6.41533390633e-13
1.58316633267 6.32029718052e-13
1.60320641283 6.22809929891e-13
1.62324649299 6.13881589765e-13
1.64328657315 6.05214949429e-13
1.66332665331 5.9655656082e-13
1.68336673347 5.87937398861e-13
1.70340681363 5.80258539931e-13
1.72344689379 5.7278007101e-13
1.74348697395 5.65347518644e-13
1.76352705411 5.55015754231e-13
1.78356713427 5.44844391723e-13
1.80360721443 5.3493476931e-13
1.82364729459 5.26259408907e-13
1.84368737475 5.18339873151e-13
1.86372745491 5.10607003796e-13
1.88376753507 5.0390169595e-13
1.90380761523 4.99217413017e-13
1.92384769539 4.94640858161e-13
1.94388777555 4.90168261514e-13
1.96392785571 4.82569486527e-13
1.98396793587 4.75071602644e-13
2.00400801603 4.65191992594e-13
2.02404809619 4.61008084603e-13
2.04408817635 4.54311082276e-13
2.06412825651 4.47773080008e-13
2.08416833667 4.41410889477e-13
2.10420841683 4.35243393554e-13
2.12424849699 4.29217638777e-13
2.14428857715 4.2332883149e-13
2.16432865731 4.17360729542e-13
2.18436873747 4.11522630983e-13
2.20440881764 4.0581230306e-13
2.2244488978 3.99599886568e-13
2.24448897796 3.93200128733e-13
2.26452905812 3.86933498415e-13
2.28456913828 3.80700613569e-13
2.30460921844 3.74403335394e-13
2.3246492986 3.68232408446e-13
2.34468937876 3.62184764754e-13
2.36472945892 3.57337638133e-13
2.38476953908 3.52586985161e-13
2.40480961924 3.47929938829e-13
2.4248496994 3.43249494866e-13
2.44488977956 3.38603598884e-13
2.46492985972 3.34046184664e-13
2.48496993988 3.29047467939e-13
2.50501002004 3.23130018462e-13
2.5250501002 3.17318904311e-13
2.54509018036 3.11634515857e-13
2.56513026052 3.0812616926e-13
2.58517034068 3.04682143397e-13
2.60521042084 3.01300665157e-13
2.625250501 2.96872679998e-13
2.64529058116 2.92006827381e-13
2.66533066132 2.8722348085e-13
2.68537074148 2.82555168041e-13
2.70541082164 2.78028175193e-13
2.7254509018 2.73576060211e-13
2.74549098196 2.69209734185e-13
2.76553106212 2.65496746825e-13
2.78557114228 2.61844367019e-13
2.80561122244 2.58251090995e-13
2.82565130261 2.53411836356e-13
2.84569138277 2.48070185109e-13
2.86573146293 2.42810185481e-13
2.88577154309 2.38295114343e-13
2.90581162325 2.3501477738e-13
2.92585170341 2.31784938816e-13
2.94589178357 2.28577077995e-13
2.96593186373 2.24587825222e-13
2.98597194389 2.2065741729e-13
3.00601202405 2.16784528793e-13
3.02605210421 2.12910252433e-13
3.04609218437 2.09067418217e-13
3.06613226453 2.05279445892e-13
3.08617234469 2.01621167596e-13
3.10621242485 1.98141947628e-13
3.12625250501 1.94711442485e-13
3.14629258517 1.9134125125e-13
3.16633266533 1.88304027726e-13
3.18637274549 1.85308629594e-13
3.20641282565 1.82354173408e-13
3.22645290581 1.78882391369e-13
3.24649298597 1.75232971013e-13
3.26653306613 1.7163169131e-13
3.28657314629 1.67949232636e-13
3.30661322645 1.64108429768e-13
3.32665330661 1.60317022408e-13
3.34669338677 1.56618225474e-13
3.36673346693 1.53761518654e-13
3.38677354709 1.50941243958e-13
3.40681362725 1.48156687786e-13
3.42685370741 1.45268381268e-13
3.44689378758 1.42363069082e-13
3.46693386774 1.39493684055e-13
3.4869739479 1.36705754515e-13
3.50701402806 1.34022954776e-13
3.52705410822 1.31372736767e-13
3.54709418838 1.28735035005e-13
3.56713426854 1.25839619718e-13
3.5871743487 1.22978515872e-13
3.60721442886 1.20151099788e-13
3.62725450902 1.17487338984e-13
3.64729458918 1.14901952704e-13
3.66733466934 1.12346511676e-13
3.6873747495 1.09902231621e-13
3.70741482966 1.07606431169e-13
3.72745490982 1.05336815683e-13
3.74749498998 1.03099482644e-13
3.76753507014 1.00970152814e-13
3.7875751503 9.88647024301e-14
3.80761523046 9.67827192941e-14
3.82765531062 9.44523424192e-14
3.84769539078 9.20541694049e-14
3.86773547094 8.96820908144e-14
3.8877755511 8.74672657161e-14
3.90781563126 8.54621854797e-14
3.92785571142 8.34786490639e-14
3.94789579158 8.15299314028e-14
3.96793587174 7.97510568893e-14
3.9879759519 7.79910238691e-14
4.00801603206 7.62495248892e-14
4.02805611222 7.43645345075e-14
4.04809619238 7.2446454459e-14
4.06813627255 7.05481508264e-14
4.08817635271 6.87936858588e-14
4.10821643287 6.72255703264e-14
4.12825651303 6.56734431027e-14
4.14829659319 6.41314136156e-14
4.16833667335 6.25506400868e-14
4.18837675351 6.09856974093e-14
4.20841683367 5.94363415385e-14
4.22845691383 5.80084609124e-14
4.24849699399 5.66273436265e-14
4.26853707415 5.52598014227e-14
4.28857715431 5.38731788759e-14
4.30861723447 5.24578939527e-14
4.32865731463 5.10562756723e-14
4.34869739479 4.96833036449e-14
4.36873747495 4.84536257545e-14
4.38877755511 4.72356757044e-14
4.40881763527 4.60292810066e-14
4.42885771543 4.49170018355e-14
4.44889779559 4.38392174765e-14
4.46893787575 4.27715299669e-14
4.48897795591 4.17049793537e-14
4.50901803607 4.06373387555e-14
4.52905811623 3.9579541703e-14
4.54909819639 3.85365978953e-14
4.56913827655 3.75428807655e-14
4.58917835671 3.65581997036e-14
4.60921843687 3.55824279032e-14
4.62925851703 3.46260545173e-14
4.64929859719 3.36811549445e-14
4.66933867735 3.27446821517e-14
4.68937875752 3.18650277012e-14
4.70941883768 3.10511043397e-14
4.72945891784 3.02443588141e-14
4.749498998 2.94366724515e-14
4.76953907816 2.85799720869e-14
4.78957915832 2.77307024097e-14
4.80961923848 2.68887640581e-14
4.82965931864 2.61312007488e-14
4.8496993988 2.53999646265e-14
4.86973947896 2.46749721259e-14
4.88977955912 2.39717614872e-14
4.90981963928 2.32924067585e-14
4.92985971944 2.26187789998e-14
4.9498997996 2.19596107961e-14
4.96993987976 2.13621391226e-14
4.98997995992 2.07696483706e-14
5.01002004008 2.01928492063e-14
5.03006012024 1.96307753457e-14
5.0501002004 1.90733276239e-14
5.07014028056 1.85493131476e-14
5.09018036072 1.80301714082e-14
5.11022044088 1.75152508056e-14
5.13026052104 1.70044981686e-14
5.1503006012 1.64978612503e-14
5.17034068136 1.60307776053e-14
5.19038076152 1.55697119316e-14
5.21042084168 1.5112319787e-14
5.23046092184 1.46585558064e-14
5.250501002 1.42083753998e-14
5.27054108216 1.38021918392e-14
5.29058116232 1.34037237284e-14
5.31062124248 1.30083700402e-14
5.33066132265 1.26160929966e-14
5.35070140281 1.22268554551e-14
5.37074148297 1.18517107851e-14
5.39078156313 1.14812695555e-14
5.41082164329 1.11136643387e-14
5.43086172345 1.07488614716e-14
5.45090180361 1.03868278455e-14
5.47094188377 1.00627400945e-14
5.49098196393 9.74889237396e-15
5.51102204409 9.4374046093e-15
5.53106212425 9.1282492355e-15
5.55110220441 8.82139913554e-15
5.57114228457 8.52965103005e-15
5.59118236473 8.24371375632e-15
5.61122244489 7.95988515294e-15
5.63126252505 7.67814107481e-15
5.65130260521 7.39845776182e-15
5.67134268537 7.14413888013e-15
5.69138276553 6.89994849157e-15
5.71142284569 6.65752766194e-15
5.73146292585 6.41685644808e-15
5.75150300601 6.17791522082e-15
5.77154308617 5.94913026684e-15
5.79158316633 5.72563754119e-15
5.81162324649 5.50373410614e-15
5.83166332665 5.28340239661e-15
5.85170340681 5.06462511887e-15
5.87174348697 4.85770617289e-15
5.89178356713 4.65761752503e-15
5.91182364729 4.45892635191e-15
5.93186372745 4.26161748338e-15
5.95190380762 4.06567597981e-15
5.97194388778 3.8901419616e-15
5.99198396794 3.72764822554e-15
6.0120240481 3.56627205466e-15
6.03206412826 3.40600146219e-15
6.05210420842 3.24682464229e-15
6.07214428858 3.09663250772e-15
6.09218436874 2.95326234078e-15
6.1122244489 2.81086150839e-15
6.13226452906 2.66941978444e-15
6.15230460922 2.52892709498e-15
6.17234468938 2.39395909501e-15
6.19238476954 2.26385742543e-15
6.2124248497 2.13462014792e-15
6.23246492986 2.0062383061e-15
6.25250501002 1.87870307452e-15
6.27254509018 1.76166155709e-15
6.29258517034 1.65520831828e-15
6.3126252505 1.54945201252e-15
6.33266533066 1.44438550036e-15
6.35270541082 1.34000174611e-15
6.37274549098 1.24294930392e-15
6.39278557114 1.15448472466e-15
6.4128256513 1.06659081291e-15
6.43286573146 9.79261791554e-16
6.45290581162 8.92491966868e-16
6.47294589178 8.16144091163e-16
6.49298597194 7.54198507723e-16
6.5130260521 6.92648767799e-16
6.53306613226 6.31490856879e-16
6.55310621242 5.70720819397e-16
6.57314629259 5.17208008643e-16
6.59318637275 4.75516549382e-16
6.61322645291 4.34089873425e-16
6.63326653307 3.92925268546e-16
6.65330661323 3.52020063528e-16
6.67334669339 3.12736399484e-16
6.69338677355 2.76420234193e-16
6.71342685371 2.40331224938e-16
6.73346693387 2.04467076405e-16
6.75350701403 1.68825527654e-16
6.77354709419 1.3709640901e-16
6.79358717435 1.14449524862e-16
6.81362725451 9.19444409591e-17
6.83366733467 6.95796846344e-17
6.85370741483 4.73538064933e-17
6.87374749499 2.97929179601e-17
6.89378757515 2.57044644466e-17
6.91382765531 2.16466311614e-17
6.93386773547 1.76189653279e-17
6.95390781563 1.36210244841e-17
6.97394789579 1.03572059501e-17
6.99398797595 9.72862671883e-18
7.01402805611 9.10949684207e-18
7.03406813627 8.49957589147e-18
7.05410821643 7.89863052676e-18
7.07414829659 7.35043493224e-18
7.09418837675 7.02214993294e-18
7.11422845691 6.70073572859e-18
7.13426853707 6.38599746537e-18
7.15430861723 6.07774620984e-18
7.17434869739 5.79178037811e-18
7.19438877756 5.61727212711e-18
7.21442885772 5.44804092599e-18
7.23446893788 5.28392539464e-18
7.25450901804 5.12476914355e-18
7.2745490982 4.97046257286e-18
7.29458917836 4.82123495039e-18
7.31462925852 4.67652331358e-18
7.33466933868 4.53618974206e-18
7.35470941884 4.40010057243e-18
7.374749499 4.26812626521e-18
7.39478957916 4.14014127607e-18
7.41482965932 4.01602393107e-18
7.43486973948 3.89565630594e-18
7.45490981964 3.7789241091e-18
7.4749498998 3.6657165684e-18
7.49498997996 3.55592632148e-18
7.51503006012 3.44944930955e-18
7.53507014028 3.34618467454e-18
7.55511022044 3.24603465948e-18
7.5751503006 3.14890451208e-18
7.59519038076 3.05470239123e-18
7.61523046092 2.96333927663e-18
7.63527054108 2.87472888105e-18
7.65531062124 2.78878756555e-18
7.6753507014 2.70543425722e-18
7.69539078156 2.6245903696e-18
7.71543086172 2.54617972554e-18
7.73547094188 2.47012848256e-18
7.75551102204 2.39636506043e-18
7.7755511022 2.32482007118e-18
7.79559118236 2.25542625116e-18
7.81563126253 2.18811839532e-18
7.83567134269 2.12283329353e-18
7.85571142285 2.05950966888e-18
7.87575150301 1.99808811789e-18
7.89579158317 1.93851105271e-18
7.91583166333 1.88072264492e-18
7.93587174349 1.82466877131e-18
7.95591182365 1.77029696118e-18
7.97595190381 1.71755634541e-18
7.99599198397 1.66639760704e-18
8.01603206413 1.61677293341e-18
8.03607214429 1.56863596984e-18
8.05611222445 1.52194177466e-18
8.07615230461 1.47664677578e-18
8.09619238477 1.43270872846e-18
8.11623246493 1.3900866745e-18
8.13627254509 1.34874090265e-18
8.15631262525 1.30863291031e-18
8.17635270541 1.26972536633e-18
8.19639278557 1.23198207505e-18
8.21643286573 1.19536794141e-18
8.23647294589 1.15984893715e-18
8.25651302605 1.12539206811e-18
8.27655310621 1.09196534244e-18
8.29659318637 1.05953773991e-18
8.31663326653 1.02807918211e-18
8.33667334669 9.97560503546e-19
8.35671342685 9.67953423724e-19
8.37675350701 9.39230520011e-19
8.39679358717 9.11365201377e-19
8.41683366733 8.84331682947e-19
8.43687374749 8.58104961327e-19
8.45691382766 8.32660790707e-19
8.47695390782 8.07975659697e-19
8.49699398798 7.84026768875e-19
8.51703406814 7.60792009034e-19
8.5370741483 7.38249940099e-19
8.55711422846 7.16379770695e-19
8.57715430862 6.95161338343e-19
8.59719438878 6.74575090268e-19
8.61723446894 6.54602064804e-19
8.6372745491 6.35223873358e-19
8.65731462926 6.16422682949e-19
8.67735470942 5.98181199266e-19
8.69739478958 5.80482650261e-19
8.71743486974 5.63310770239e-19
8.7374749499 5.46649784442e-19
8.75751503006 5.30484394104e-19
8.77755511022 5.14799761965e-19
8.79759519038 4.99581498235e-19
8.81763527054 4.84815646984e-19
8.8376753507 4.70488672949e-19
8.85771543086 4.56587448755e-19
8.87775551102 4.43099242514e-19
8.89779559118 4.30011705816e-19
8.91783567134 4.17312862087e-19
8.9378757515 4.04991095293e-19
8.95791583166 3.93035139007e-19
8.97795591182 3.81434065797e-19
8.99799599198 3.70177276943e-19
9.01803607214 3.59254492474e-19
9.0380761523 3.48655741502e-19
9.05811623246 3.38371352859e-19
9.07815631263 3.28391946011e-19
9.09819639279 3.1870842226e-19
9.11823647295 3.0931195621e-19
9.13827655311 3.00193987491e-19
9.15831663327 2.91346212741e-19
9.17835671343 2.8276057783e-19
9.19839679359 2.74429270322e-19
9.21843687375 2.66344712165e-19
9.23847695391 2.5849955261e-19
9.25851703407 2.50886661335e-19
9.27855711423 2.43499121792e-19
9.29859719439 2.36330224746e-19
9.31863727455 2.29373462014e-19
9.33867735471 2.22622520401e-19
9.35871743487 2.16071275809e-19
9.37875751503 2.09713787532e-19
9.39879759519 2.03544292729e-19
9.41883767535 1.97557201054e-19
9.43887775551 1.9174708946e-19
9.45891783567 1.86108697152e-19
9.47895791583 1.80636920701e-19
9.49899799599 1.75326809303e-19
9.51903807615 1.70173560179e-19
9.53907815631 1.65172514122e-19
9.55911823647 1.60319151172e-19
9.57915831663 1.55609086424e-19
9.59919839679 1.5103806597e-19
9.61923847695 1.46601962951e-19
9.63927855711 1.42296773743e-19
9.65931863727 1.38118614247e-19
9.67935871743 1.34063716297e-19
9.6993987976 1.30128424178e-19
9.71943887776 1.26309191245e-19
9.73947895792 1.22602576649e-19
9.75951903808 1.19005242158e-19
9.77955911824 1.15513949078e-19
9.7995991984 1.1212555526e-19
9.81963927856 1.08837012213e-19
9.83967935872 1.05645362282e-19
9.85971943888 1.02547735933e-19
9.87975951904 9.95413491043e-20
9.8997995992 0.0
9.91983967936 0.0
9.93987975952 0.0
9.95991983968 0.0
9.97995991984 0.0
10.0 0.0
