0.0 0.0
0.0200400801603 0.0
0.0400801603206 0.0
0.060120240481 0.0
0.0801603206413 8.27309815513e-11
0.100200400802 6.12849713005e-11
0.120240480962 5.80979529826e-11
0.140280561122 4.73281561895e-11
0.160320641283 3.56536891275e-11
0.180360721443 3.02913629453e-11
0.200400801603 2.6979054503e-11
0.220440881764 1.74785643352e-10
0.240480961924 1.72468895106e-10
0.260521042084 2.27247018982e-11
0.280561122244 2.18904268866e-11
0.300601202405 2.11321667524e-11
0.320641282565 2.05313763001e-11
0.340681362725 2.00947623187e-11
0.360721442886 1.9578562873e-11
0.380761523046 1.90995692262e-11
0.400801603206 1.86391903453e-11
0.420841683367 1.82311149932e-11
0.440881763527 1.78675783027e-11
0.460921843687 1.75184423366e-11
0.480961923848 1.71917247059e-11
0.501002004008 1.68737870548e-11
0.521042084168 1.65885086741e-11
0.541082164329 1.63249353237e-11
0.561122244489 1.60771338402e-11
0.581162324649 1.5848790707e-11
0.60120240481 1.56429678512e-11
0.62124248497 1.54433109445e-11
0.64128256513 1.52519149373e-11
0.661322645291 1.50829650776e-11
0.681362725451 1.49128070536e-11
0.701402805611 1.47091470939e-11
0.721442885772 1.45169138509e-11
0.741482965932 1.43331693357e-11
0.761523046092 1.41443253856e-11
0.781563126253 1.39665816485e-11
0.801603206413 1.38066506191e-11
0.821643286573 1.36127587077e-11
0.841683366733 1.33987023064e-11
0.861723446894 1.32015807705e-11
0.881763527054 1.29897663156e-11
0.901803607214 1.27230221286e-11
0.921843687375 1.24697361945e-11
0.941883767535 1.22281267494e-11
0.961923847695 1.19617304283e-11
0.981963927856 1.17050707074e-11
1.00200400802 1.14637449629e-11
1.02204408818 1.12487222534e-11
1.04208416834 1.10523737527e-11
1.0621242485 1.08689254112e-11
1.08216432866 1.06861417828e-11
1.10220440882 1.04998651965e-11
1.12224448898 1.03176098224e-11
1.14228456914 1.01444382161e-11
1.1623246493 9.93912794147e-12
1.18236472946 9.74114911124e-12
1.20240480962 9.55764312869e-12
1.22244488978 9.37729945898e-12
1.24248496994 9.20098550477e-12
1.2625250501 9.03045099561e-12
1.28256513026 8.86686313858e-12
1.30260521042 8.71315244665e-12
1.32264529058 8.56527800597e-12
1.34268537074 8.42257845735e-12
1.3627254509 8.29687489316e-12
1.38276553106 8.17629141005e-12
1.40280561122 8.06054708255e-12
1.42284569138 7.9382303696e-12
1.44288577154 7.81358992094e-12
1.4629258517 7.69404355522e-12
1.48296593186 7.57894462388e-12
1.50300601202 7.47009408746e-12
1.52304609218 7.36501426939e-12
1.54308617234 7.2648388589e-12
1.56312625251 7.15188382854e-12
1.58316633267 7.0417955393e-12
1.60320641283 6.93600594356e-12
1.62324649299 6.83313348136e-12
1.64328657315 6.73297157891e-12
1.66332665331 6.63602936955e-12
1.68336673347 6.54455803523e-12
1.70340681363 6.46344578759e-12
1.72344689379 6.38505236959e-12
1.74348697395 6.30881439918e-12
1.76352705411 6.19871963634e-12
1.78356713427 6.09011247202e-12
1.80360721443 5.98414242683e-12
1.82364729459 5.89192463522e-12
1.84368737475 5.808125696e-12
1.86372745491 5.72755755247e-12
1.88376753507 5.65863063768e-12
1.90380761523 5.61280775302e-12
1.92384769539 5.56835703261e-12
1.94388777555 5.525047208e-12
1.96392785571 5.44512461266e-12
1.98396793587 5.36621908174e-12
2.00400801603 5.28673286477e-12
2.02404809619 5.21553682059e-12
2.04408817635 5.14396983193e-12
2.06412825651 5.07454527899e-12
2.08416833667 5.00678634235e-12
2.10420841683 4.94088533479e-12
2.12424849699 4.87673112786e-12
2.14428857715 4.81399529013e-12
2.16432865731 4.74996546778e-12
2.18436873747 4.68708094611e-12
2.20440881764 4.62540767989e-12
2.2244488978 4.55754090739e-12
2.24448897796 4.48724715846e-12
2.26452905812 4.41905603079e-12
2.28456913828 4.35098282451e-12
2.30460921844 4.28152272843e-12
2.3246492986 4.21360883901e-12
2.34468937876 4.14698885326e-12
2.36472945892 4.09430324052e-12
2.38476953908 4.04261528245e-12
2.40480961924 3.99189538908e-12
2.4248496994 3.94077372899e-12
2.44488977956 3.88993344684e-12
2.46492985972 3.84001137501e-12
2.48496993988 3.7847851377e-12
2.50501002004 3.71864045804e-12
2.5250501002 3.65362456026e-12
2.54509018036 3.58998129426e-12
2.56513026052 3.55182569749e-12
2.58517034068 3.51432921021e-12
2.60521042084 3.4774738392e-12
2.625250501 3.42820383635e-12
2.64529058116 3.37368046483e-12
2.66533066132 3.32003249111e-12
2.68537074148 3.26764629097e-12
2.70541082164 3.2168349563e-12
2.7254509018 3.16681865278e-12
2.74549098196 3.11772883061e-12
2.76553106212 3.07626170723e-12
2.78557114228 3.03543239238e-12
2.80561122244 2.99522553532e-12
2.82565130261 2.94024243106e-12
2.84569138277 2.87925283148e-12
2.86573146293 2.81915023071e-12
2.88577154309 2.76776893558e-12
2.90581162325 2.73090031185e-12
2.92585170341 2.69456594472e-12
2.94589178357 2.65843081804e-12
2.96593186373 2.6130039279e-12
2.98597194389 2.56821211499e-12
3.00601202405 2.5240416512e-12
3.02605210421 2.47979801173e-12
3.04609218437 2.43587086987e-12
3.06613226453 2.39253882284e-12
3.08617234469 2.35068868043e-12
3.10621242485 2.31090647092e-12
3.12625250501 2.27165236122e-12
3.14629258517 2.23306513857e-12
3.16633266533 2.19837308494e-12
3.18637274549 2.16413305058e-12
3.20641282565 2.13033593159e-12
3.22645290581 2.09037349469e-12
3.24649298597 2.04826662624e-12
3.26653306613 2.00668939549e-12
3.28657314629 1.96411145068e-12
3.30661322645 1.91961943297e-12
3.32665330661 1.87567476238e-12
3.34669338677 1.83279069556e-12
3.36673346693 1.79984973661e-12
3.38677354709 1.76730838129e-12
3.40681362725 1.73515918953e-12
3.42685370741 1.70174991686e-12
3.44689378758 1.6681093423e-12
3.46693386774 1.63486579579e-12
3.4869739479 1.60256005431e-12
3.50701402806 1.57147393088e-12
3.52705410822 1.54074812043e-12
3.54709418838 1.5101454476e-12
3.56713426854 1.47646106749e-12
3.5871743487 1.44315921546e-12
3.60721442886 1.41023327424e-12
3.62725450902 1.37922617274e-12
3.64729458918 1.34912705625e-12
3.66733466934 1.31936202045e-12
3.6873747495 1.2908956937e-12
3.70741482966 1.26417196177e-12
3.72745490982 1.23774004867e-12
3.74749498998 1.21167294268e-12
3.76753507014 1.18687028526e-12
3.7875751503 1.16233398701e-12
3.80761523046 1.1380596913e-12
3.82765531062 1.1108192958e-12
3.84769539078 1.08275749477e-12
3.86773547094 1.05498976077e-12
3.8877755511 1.02907460316e-12
3.90781563126 1.00563643876e-12
3.92785571142 9.82440289973e-13
3.94789579158 9.59644317278e-13
3.96793587174 9.38853370745e-13
3.9879759519 9.18273868705e-13
4.00801603206 8.97902544427e-13
4.02805611222 8.75814146665e-13
4.04809619238 8.5332083302e-13
4.06813627255 8.31051223946e-13
4.08817635271 8.10480412086e-13
4.10821643287 7.92114388216e-13
4.12825651303 7.73928504372e-13
4.14829659319 7.55853032895e-13
4.16833667335 7.37307527082e-13
4.18837675351 7.18941097768e-13
4.20841683367 7.00751126372e-13
4.22845691383 6.83997135255e-13
4.24849699399 6.67791069891e-13
4.26853707415 6.51738523214e-13
4.28857715431 6.35451327549e-13
4.30861723447 6.18815677804e-13
4.32865731463 6.0233525043e-13
4.34869739479 5.86188472268e-13
4.36873747495 5.71739540173e-13
4.38877755511 5.57423604226e-13
4.40881763527 5.43238812349e-13
4.42885771543 5.30167717707e-13
4.44889779559 5.17501212897e-13
4.46893787575 5.04949186791e-13
4.48897795591 4.92405184653e-13
4.50901803607 4.79842856808e-13
4.52905811623 4.67392474493e-13
4.54909819639 4.55113822797e-13
4.56913827655 4.43416202517e-13
4.58917835671 4.31821427352e-13
4.60921843687 4.2032813109e-13
4.62925851703 4.09061319461e-13
4.64929859719 3.97926802516e-13
4.66933867735 3.86888439041e-13
4.68937875752 3.76522501936e-13
4.70941883768 3.66935306624e-13
4.72945891784 3.57429867763e-13
4.749498998 3.47909624963e-13
4.76953907816 3.37802224096e-13
4.78957915832 3.2777985574e-13
4.80961923848 3.1784144093e-13
4.82965931864 3.08904620805e-13
4.8496993988 3.00278262214e-13
4.86973947896 2.91723284937e-13
4.88977955912 2.83424850274e-13
4.90981963928 2.75407770558e-13
4.92985971944 2.67456208822e-13
4.9498997996 2.59674269046e-13
4.96993987976 2.52624750289e-13
4.98997995992 2.45632153308e-13
5.01002004008 2.38824150058e-13
5.03006012024 2.32189312181e-13
5.0501002004 2.25607396982e-13
5.07014028056 2.19421693697e-13
5.09018036072 2.13292003801e-13
5.11022044088 2.07210625094e-13
5.13026052104 2.01176983305e-13
5.1503006012 1.951905134e-13
5.17034068136 1.89673562907e-13
5.19038076152 1.84226590064e-13
5.21042084168 1.78821709917e-13
5.23046092184 1.73458432042e-13
5.250501002 1.68136273746e-13
5.27054108216 1.63336941742e-13
5.29058116232 1.58628097964e-13
5.31062124248 1.53954951009e-13
5.33066132265 1.49317092912e-13
5.35070140281 1.44714122016e-13
5.37074148297 1.40277835345e-13
5.39078156313 1.35896356753e-13
5.41082164329 1.31547464226e-13
5.43086172345 1.27230792652e-13
5.45090180361 1.22945982446e-13
5.47094188377 1.19112434329e-13
5.49098196393 1.15399904377e-13
5.51102204409 1.11714482263e-13
5.53106212425 1.08055869761e-13
5.55110220441 1.04423773079e-13
5.57114228457 1.00970799983e-13
5.59118236473 9.75862057822e-14
5.61122244489 9.4225876327e-14
5.63126252505 9.08895496342e-14
5.65130260521 8.75769675398e-14
5.67134268537 8.45660454537e-14
5.69138276553 8.16751375976e-14
5.71142284569 7.88045904818e-14
5.73146292585 7.59541881311e-14
5.75150300601 7.31237176642e-14
5.77154308617 7.04136930522e-14
5.79158316633 6.77661303752e-14
5.81162324649 6.51368879673e-14
5.83166332665 6.25257749848e-14
5.85170340681 5.99326032669e-14
5.87174348697 5.74802902167e-14
5.89178356713 5.51088876729e-14
5.91182364729 5.27536133506e-14
5.93186372745 5.04143021616e-14
5.95190380762 4.80907912965e-14
5.97194388778 4.60102209072e-14
5.99198396794 4.4084736034e-14
6.0120240481 4.21721299773e-14
6.03206412826 4.02722730368e-14
6.05210420842 3.83850372756e-14
6.07214428858 3.66045735727e-14
6.09218436874 3.49050979459e-14
6.1122244489 3.32168016647e-14
6.13226452906 3.15395740198e-14
6.15230460922 2.98733057816e-14
6.17234468938 2.82726002474e-14
6.19238476954 2.67296156928e-14
6.2124248497 2.51966153584e-14
6.23246492986 2.36735020152e-14
6.25250501002 2.21601797115e-14
6.27254509018 2.07717687157e-14
6.29258517034 1.95094123465e-14
6.3126252505 1.82550955351e-14
6.33266533066 1.70087411957e-14
6.35270541082 1.57702732405e-14
6.37274549098 1.46190380935e-14
6.39278557114 1.35700421681e-14
6.4128256513 1.25276230369e-14
6.43286573146 1.14917186027e-14
6.45290581162 1.04622675604e-14
6.47294589178 9.55698069915e-15
6.49298597194 8.8233730657e-15
6.5130260521 8.09429707536e-15
6.53306613226 7.36971050149e-15
6.55310621242 6.64957165096e-15
6.57314629259 6.01587279774e-15
6.59318637275 5.52309738227e-15
6.61322645291 5.03332278756e-15
6.63326653307 4.54652137966e-15
6.65330661323 4.06266587164e-15
6.67334669339 3.59801934143e-15
6.69338677355 3.16865252325e-15
6.71342685371 2.74186112762e-15
6.73346693387 2.3176217952e-15
6.75350701403 1.89591145556e-15
6.77354709419 1.52077918465e-15
6.79358717435 1.25394303099e-15
6.81362725451 9.88686583191e-16
6.83366733467 7.24995639301e-16
6.85370741483 4.6285617311e-16
6.87374749499 2.56303006465e-16
6.89378757515 2.10484012493e-16
6.91382765531 1.64939036714e-16
6.93386773547 1.19665449549e-16
6.95390781563 7.46606597203e-17
6.97394789579 3.83367603454e-17
6.99398797595 3.33934831252e-17
7.01402805611 2.84855347953e-17
7.03406813627 2.36124005696e-17
7.05410821643 1.87735781676e-17
7.07414829659 1.44939148232e-17
7.09418837675 1.27713853238e-17
7.11422845691 1.10645521549e-17
7.13426853707 9.3731040394e-18
7.15430861723 7.69673874281e-18
7.17434869739 6.22598376651e-18
7.19438877756 6.02741300405e-18
7.21442885772 5.83502163871e-18
7.23446893788 5.64860754024e-18
7.25450901804 5.46797545657e-18
7.2745490982 5.29343774648e-18
7.29458917836 5.1293036444e-18
7.31462925852 4.97037456743e-18
7.33466933868 4.81648066817e-18
7.35470941884 4.66745784023e-18
7.374749499 4.52314751595e-18
7.39478957916 4.38339647161e-18
7.41482965932 4.24805663979e-18
7.43486973948 4.11698492865e-18
7.45490981964 3.9900430478e-18
7.4749498998 3.86709734061e-18
7.49498997996 3.74801862257e-18
7.51503006012 3.63268202561e-18
7.53507014028 3.52096684808e-18
7.55511022044 3.41275641013e-18
7.5751503006 3.30793791441e-18
7.59519038076 3.20640231179e-18
7.61523046092 3.10804417189e-18
7.63527054108 3.01276155834e-18
7.65531062124 2.9204559085e-18
7.6753507014 2.83103191755e-18
7.69539078156 2.74439742662e-18
7.71543086172 2.66046331513e-18
7.73547094188 2.57914339675e-18
7.75551102204 2.50035431927e-18
7.7755511022 2.42401546788e-18
7.79559118236 2.35004887205e-18
7.81563126253 2.27837911554e-18
7.83567134269 2.20893324976e-18
7.85571142285 2.14164071011e-18
7.87575150301 2.07643323526e-18
7.89579158317 2.01324478936e-18
7.91583166333 1.95201148689e-18
7.93587174349 1.89267152023e-18
7.95591182365 1.83516508973e-18
7.97595190381 1.77943433624e-18
7.99599198397 1.725423276e-18
8.01603206413 1.67307773781e-18
8.03607214429 1.62234530234e-18
8.05611222445 1.57317524368e-18
8.07615230461 1.52551847273e-18
8.09619238477 1.47932748275e-18
8.11623246493 1.43455629663e-18
8.13627254509 1.3911604161e-18
8.15631262525 1.34909677266e-18
8.17635270541 1.30832368014e-18
8.19639278557 1.26880078897e-18
8.21643286573 1.23048904203e-18
8.23647294589 1.1933506319e-18
8.25651302605 1.15734895974e-18
8.27655310621 1.1224485954e-18
8.29659318637 1.08861523906e-18
8.31663326653 1.05581568406e-18
8.33667334669 1.02401778102e-18
8.35671342685 9.93190403221e-19
8.37675350701 9.63303413138e-19
8.39679358717 9.34327630073e-19
8.41683366733 9.06234798933e-19
8.43687374749 8.78997560039e-19
8.45691382766 8.5258941996e-19
8.47695390782 8.26984723325e-19
8.49699398798 8.02158625585e-19
8.51703406814 7.78087066695e-19
8.5370741483 7.54746745673e-19
8.55711422846 7.32115096017e-19
8.57715430862 7.10170261935e-19
8.59719438878 6.88891075383e-19
8.61723446894 6.68257033857e-19
8.6372745491 6.48248278934e-19
8.65731462926 6.28845575521e-19
8.67735470942 6.10030291795e-19
8.69739478958 5.91784379813e-19
8.71743486974 5.74090356758e-19
8.7374749499 5.56931286814e-19
8.75751503006 5.40290763632e-19
8.77755511022 5.24152893382e-19
8.79759519038 5.08502278357e-19
8.81763527054 4.93324001125e-19
8.8376753507 4.78603609197e-19
8.85771543086 4.64327100199e-19
8.87775551102 4.50480907534e-19
8.89779559118 4.37051886509e-19
8.91783567134 4.24027300923e-19
8.9378757515 4.11394810085e-19
8.95791583166 3.99142456266e-19
8.97795591182 3.8725865255e-19
8.99799599198 3.75732171088e-19
9.01803607214 3.64552131735e-19
9.0380761523 3.53707991049e-19
9.05811623246 3.43189531655e-19
9.07815631263 3.3298685195e-19
9.09819639279 3.23090356145e-19
9.11823647295 3.13490744623e-19
9.13827655311 3.04179004616e-19
9.15831663327 2.95146401178e-19
9.17835671343 2.86384468453e-19
9.19839679359 2.77885001222e-19
9.21843687375 2.69640046721e-19
9.23847695391 2.61641896727e-19
9.25851703407 2.53883079891e-19
9.27855711423 2.46356354327e-19
9.29859719439 2.39054700428e-19
9.31863727455 2.31971313919e-19
9.33867735471 2.25099599129e-19
9.35871743487 2.18433162485e-19
9.37875751503 2.11965806199e-19
9.39879759519 2.05691522175e-19
9.41883767535 1.99604486093e-19
9.43887775551 1.93699051697e-19
9.45891783567 1.87969745249e-19
9.47895791583 1.82411260175e-19
9.49899799599 1.7701845187e-19
9.51903807615 1.71786332669e-19
9.53907815631 1.66710066985e-19
9.55911823647 1.61784966592e-19
9.57915831663 1.57006486061e-19
9.59919839679 1.52370218342e-19
9.61923847695 1.47871890484e-19
9.63927855711 1.43507359489e-19
9.65931863727 1.39272608297e-19
9.67935871743 1.35163741901e-19
9.6993987976 1.31176983579e-19
9.71943887776 1.27308671247e-19
9.73947895792 1.2355525393e-19
9.75951903808 1.19913288337e-19
9.77955911824 1.16379435549e-19
9.7995991984 1.12950457808e-19
9.81963927856 1.0962321541e-19
9.83967935872 1.06394663689e-19
9.85971943888 1.03261850102e-19
9.87975951904 1.00221911402e-19
9.8997995992 0.0
9.91983967936 0.0
9.93987975952 0.0
9.95991983968 0.0
9.97995991984 0.0
10.0 0.0
