0.0 0.0
0.0200400801603 1.15942673481e-08
0.0400801603206 6.54725143693e-09
0.060120240481 5.7740898006e-09
0.0801603206413 4.78430464828e-09
0.100200400802 3.8518362453e-09
0.120240480962 3.08568577407e-09
0.140280561122 2.63597652005e-09
0.160320641283 2.38700547875e-09
0.180360721443 2.20640704947e-09
0.200400801603 2.09676017426e-09
0.220440881764 2.0887374527e-09
0.240480961924 2.01750934416e-09
0.260521042084 1.85760138481e-09
0.280561122244 1.76717256981e-09
0.300601202405 1.68904014972e-09
0.320641282565 1.61645479821e-09
0.340681362725 1.55092831011e-09
0.360721442886 1.49263603662e-09
0.380761523046 1.43996672484e-09
0.400801603206 1.39214953428e-09
0.420841683367 1.3489144319e-09
0.440881763527 1.30804678013e-09
0.460921843687 1.26207569996e-09
0.480961923848 1.21998014488e-09
0.501002004008 1.18129459132e-09
0.521042084168 1.13907846203e-09
0.541082164329 1.0984418597e-09
0.561122244489 1.06073647903e-09
0.581162324649 1.02312664702e-09
0.60120240481 9.85335365881e-10
0.62124248497 9.5000027211e-10
0.64128256513 9.16812571416e-10
0.661322645291 8.85163612029e-10
0.681362725451 8.55399751171e-10
0.701402805611 8.27317203869e-10
0.721442885772 7.96078945136e-10
0.741482965932 7.65483770058e-10
0.761523046092 7.36500678048e-10
0.781563126253 7.08289358151e-10
0.801603206413 6.80780286934e-10
0.821643286573 6.54602781624e-10
0.841683366733 6.2931740429e-10
0.861723446894 6.03428204121e-10
0.881763527054 5.78695452758e-10
0.901803607214 5.55017179558e-10
0.921843687375 5.31614804389e-10
0.941883767535 5.09072033666e-10
0.961923847695 4.87453076739e-10
0.981963927856 4.66272883021e-10
1.00200400802 4.45500451654e-10
1.02204408818 4.25553533415e-10
1.04208416834 4.06149161718e-10
1.0621242485 3.86381197234e-10
1.08216432866 3.67343460399e-10
1.10220440882 3.48999545751e-10
1.12224448898 3.31548036691e-10
1.14228456914 3.14746447466e-10
1.1623246493 2.98496756061e-10
1.18236472946 2.82835726154e-10
1.20240480962 2.67736945982e-10
1.22244488978 2.53134914251e-10
1.24248496994 2.38956671299e-10
1.2625250501 2.2501470883e-10
1.28256513026 2.11509816246e-10
1.30260521042 1.98426864109e-10
1.32264529058 1.86388669524e-10
1.34268537074 1.74820994968e-10
1.3627254509 1.63601095237e-10
1.38276553106 1.52969599109e-10
1.40280561122 1.42874520342e-10
1.42284569138 1.33058246924e-10
1.44288577154 1.23719945155e-10
1.4629258517 1.15483365072e-10
1.48296593186 1.07470179041e-10
1.50300601202 9.96725897454e-11
1.52304609218 9.29166212533e-11
1.54308617234 8.64710889121e-11
1.56312625251 8.01821911743e-11
1.58316633267 7.43042867573e-11
1.60320641283 6.87883697216e-11
1.62324649299 6.34088848117e-11
1.64328657315 5.83188037448e-11
1.66332665331 5.39676045492e-11
1.68336673347 4.97217397132e-11
1.70340681363 4.55808704482e-11
1.72344689379 4.22400984628e-11
1.74348697395 3.90753326517e-11
1.76352705411 3.5962286511e-11
1.78356713427 3.3171268443e-11
1.80360721443 3.06519134041e-11
1.82364729459 2.81945011105e-11
1.84368737475 2.58937679672e-11
1.86372745491 2.40036927549e-11
1.88376753507 2.2159579442e-11
1.90380761523 2.03669531122e-11
1.92384769539 1.89392915551e-11
1.94388777555 1.7583096484e-11
1.96392785571 1.62332466252e-11
1.98396793587 1.50318788059e-11
2.00400801603 1.39500115502e-11
2.02404809619 1.28956643389e-11
2.04408817635 1.19082991192e-11
2.06412825651 1.11029424572e-11
2.08416833667 1.03133162743e-11
2.10420841683 9.53933784679e-12
2.12424849699 8.93402905285e-12
2.14428857715 8.35778805218e-12
2.16432865731 7.7908452313e-12
2.18436873747 7.29739589318e-12
2.20440881764 6.86098528723e-12
2.2244488978 6.42829731367e-12
2.24448897796 6.01926505241e-12
2.26452905812 5.67541146419e-12
2.28456913828 5.33700541315e-12
2.30460921844 5.00307939298e-12
2.3246492986 4.73820841316e-12
2.34468937876 4.4805369756e-12
2.36472945892 4.23459373558e-12
2.38476953908 4.02315772033e-12
2.40480961924 3.83712627956e-12
2.4248496994 3.65351597727e-12
2.44488977956 3.48163787728e-12
2.46492985972 3.33902819864e-12
2.48496993988 3.19528178432e-12
2.50501002004 3.04717766966e-12
2.5250501002 2.92523108644e-12
2.54509018036 2.80762834392e-12
2.56513026052 2.70586242481e-12
2.58517034068 2.61536251989e-12
2.60521042084 2.53284216995e-12
2.625250501 2.44421613966e-12
2.64529058116 2.35810513118e-12
2.66533066132 2.28528968427e-12
2.68537074148 2.21385146375e-12
2.70541082164 2.14395509617e-12
2.7254509018 2.08480164798e-12
2.74549098196 2.02644099917e-12
2.76553106212 1.97403981466e-12
2.78557114228 1.92638793935e-12
2.80561122244 1.88217511074e-12
2.82565130261 1.829993589e-12
2.84569138277 1.77614288264e-12
2.86573146293 1.72684491716e-12
2.88577154309 1.6828449188e-12
2.90581162325 1.64742873766e-12
2.92585170341 1.61544876281e-12
2.94589178357 1.5840236422e-12
2.96593186373 1.54753068037e-12
2.98597194389 1.51419739641e-12
3.00601202405 1.48306792062e-12
3.02605210421 1.45203967163e-12
3.04609218437 1.42284154168e-12
3.06613226453 1.39404098324e-12
3.08617234469 1.36664944592e-12
3.10621242485 1.34091849678e-12
3.12625250501 1.31590016167e-12
3.14629258517 1.29161395955e-12
3.16633266533 1.26984966004e-12
3.18637274549 1.24860119308e-12
3.20641282565 1.22782665412e-12
3.22645290581 1.2037273591e-12
3.24649298597 1.17856897229e-12
3.26653306613 1.15385326777e-12
3.28657314629 1.12868837085e-12
3.30661322645 1.10253698498e-12
3.32665330661 1.07678822948e-12
3.34669338677 1.05172260208e-12
3.36673346693 1.03239380703e-12
3.38677354709 1.01335204468e-12
3.40681362725 9.94585438834e-13
3.42685370741 9.75145449536e-13
3.44689378758 9.55612960999e-13
3.46693386774 9.36341339813e-13
3.4869739479 9.17634708226e-13
3.50701402806 8.99650120178e-13
3.52705410822 8.81894535988e-13
3.54709418838 8.64230024985e-13
3.56713426854 8.44827054866e-13
3.5871743487 8.25658640915e-13
3.60721442886 8.0671923103e-13
3.62725450902 7.88886948787e-13
3.64729458918 7.71584118475e-13
3.66733466934 7.54482349483e-13
3.6873747495 7.38130568338e-13
3.70741482966 7.2278093578e-13
3.72745490982 7.07605502385e-13
3.74749498998 6.92645165822e-13
3.76753507014 6.78412214392e-13
3.7875751503 6.6433703516e-13
3.80761523046 6.50416642691e-13
3.82765531062 6.3481010762e-13
3.84769539078 6.187398064e-13
3.86773547094 6.02841358619e-13
3.8877755511 5.88003019778e-13
3.90781563126 5.74580512441e-13
3.92785571142 5.61299311569e-13
3.94789579158 5.48249353956e-13
3.96793587174 5.36345428225e-13
3.9879759519 5.24564730701e-13
4.00801603206 5.12905219279e-13
4.02805611222 5.00269044223e-13
4.04809619238 4.87404180892e-13
4.06813627255 4.7466890006e-13
4.08817635271 4.62904105103e-13
4.10821643287 4.52398175539e-13
4.12825651303 4.41996643447e-13
4.14829659319 4.3165965326e-13
4.16833667335 4.21056166548e-13
4.18837675351 4.10556191629e-13
4.20841683367 4.00158155733e-13
4.22845691383 3.9058011267e-13
4.24849699399 3.8131566287e-13
4.26853707415 3.72139867209e-13
4.28857715431 3.62831347235e-13
4.30861723447 3.53325158423e-13
4.32865731463 3.43908424232e-13
4.34869739479 3.3468282745e-13
4.36873747495 3.26426137087e-13
4.38877755511 3.18246091036e-13
4.40881763527 3.1014159215e-13
4.42885771543 3.0267281935e-13
4.44889779559 2.95435429057e-13
4.46893787575 2.88263975721e-13
4.48897795591 2.81097729886e-13
4.50901803607 2.73921636985e-13
4.52905811623 2.66809944334e-13
4.54909819639 2.5979671214e-13
4.56913827655 2.53115285279e-13
4.58917835671 2.46492992689e-13
4.60921843687 2.39929032182e-13
4.62925851703 2.33494656362e-13
4.64929859719 2.27136140186e-13
4.66933867735 2.20832857238e-13
4.68937875752 2.14913363513e-13
4.70941883768 2.09438260194e-13
4.72945891784 2.0401012905e-13
4.749498998 1.98573897804e-13
4.76953907816 1.92803209558e-13
4.78957915832 1.87081314785e-13
4.80961923848 1.81407584478e-13
4.82965931864 1.76305221917e-13
4.8496993988 1.71380148396e-13
4.86973947896 1.66496034432e-13
4.88977955912 1.61758443331e-13
4.90981963928 1.57181511941e-13
4.92985971944 1.52642164824e-13
4.9498997996 1.48199749948e-13
4.96993987976 1.4417515394e-13
4.98997995992 1.40183213323e-13
5.01002004008 1.36296715453e-13
5.03006012024 1.32509136118e-13
5.0501002004 1.287519077e-13
5.07014028056 1.25220759564e-13
5.09018036072 1.21721710359e-13
5.11022044088 1.18250361667e-13
5.13026052104 1.14806379579e-13
5.1503006012 1.1138943574e-13
5.17034068136 1.08240339315e-13
5.19038076152 1.05131273348e-13
5.21042084168 1.0204633294e-13
5.23046092184 9.89852332943e-14
5.250501002 9.59476942499e-14
5.27054108216 9.32083725611e-14
5.29058116232 9.05207517974e-14
5.31062124248 8.78535864634e-14
5.33066132265 8.52066398028e-14
5.35070140281 8.25796788332e-14
5.37074148297 8.00478485392e-14
5.39078156313 7.75473552045e-14
5.41082164329 7.50655246835e-14
5.43086172345 7.26021454651e-14
5.45090180361 7.01570093302e-14
5.47094188377 6.79692501821e-14
5.49098196393 6.58505644966e-14
5.51102204409 6.37474030191e-14
5.53106212425 6.16595930136e-14
5.55110220441 5.95869643843e-14
5.57114228457 5.76165298958e-14
5.59118236473 5.56851419016e-14
5.61122244489 5.37676447489e-14
5.63126252505 5.18638868793e-14
5.65130260521 4.99737190021e-14
5.67134268537 4.82556037555e-14
5.69138276553 4.66059667579e-14
5.71142284569 4.49679847482e-14
5.73146292585 4.33415328084e-14
5.75150300601 4.1726487857e-14
5.77154308617 4.01801604797e-14
5.79158316633 3.86694872369e-14
5.81162324649 3.71692974339e-14
5.83166332665 3.56794808125e-14
5.85170340681 3.41999287017e-14
5.87174348697 3.28007263936e-14
5.89178356713 3.14476906804e-14
5.91182364729 3.01038819604e-14
5.93186372745 2.87692049253e-14
5.95190380762 2.7443565613e-14
5.97194388778 2.62564768954e-14
5.99198396794 2.51578434985e-14
6.0120240481 2.40665790427e-14
6.03206412826 2.29826086093e-14
6.05210420842 2.19058583229e-14
6.07214428858 2.08900116704e-14
6.09218436874 1.99203659525e-14
6.1122244489 1.89571157607e-14
6.13226452906 1.80001971786e-14
6.15230460922 1.70495471638e-14
6.17234468938 1.61362995825e-14
6.19238476954 1.5255982444e-14
6.2124248497 1.43813757612e-14
6.23246492986 1.35124234451e-14
6.25250501002 1.26490701599e-14
6.27254509018 1.18569565728e-14
6.29258517034 1.11367340945e-14
6.3126252505 1.04211103175e-14
6.33266533066 9.71004075202e-15
6.35270541082 9.00348149781e-15
6.37274549098 8.34667525588e-15
6.39278557114 7.74817823022e-15
6.4128256513 7.15344342578e-15
6.43286573146 6.56243499239e-15
6.45290581162 5.97511754828e-15
6.47294589178 5.45860928802e-15
6.49298597194 5.04000293566e-15
6.5130260521 4.62399071289e-15
6.53306613226 4.21054817487e-15
6.55310621242 3.79965119476e-15
6.57314629259 3.43805143995e-15
6.59318637275 3.15681510233e-15
6.61322645291 2.87729839134e-15
6.63326653307 2.59948524487e-15
6.65330661323 2.32335980999e-15
6.67334669339 2.05819502741e-15
6.69338677355 1.81315418466e-15
6.71342685371 1.56958900512e-15
6.73346693387 1.32748591612e-15
6.75350701403 1.08683151906e-15
6.77354709419 8.72742443734e-16
6.79358717435 7.20410240684e-16
6.81362725451 5.68984812884e-16
6.83366733467 4.18457851323e-16
6.85370741483 2.68821154886e-16
6.87374749499 1.50885325851e-16
6.89378757515 1.2460581173e-16
6.91382765531 9.84876499322e-17
6.93386773547 7.25291642686e-17
6.95390781563 4.67287067596e-17
6.97394789579 2.58827172066e-17
6.99398797595 2.29345084894e-17
7.01402805611 2.00107395024e-17
7.03406813627 1.71109692123e-17
7.05410821643 1.42347689828e-17
7.07414829659 1.16812717086e-17
7.09418837675 1.05895990812e-17
7.11422845691 9.51048570783e-18
7.13426853707 8.4436310254e-18
7.15430861723 7.38874398664e-18
7.17434869739 6.45434977837e-18
7.19438877756 6.24850373014e-18
7.21442885772 6.0492173829e-18
7.23446893788 5.8562726513e-18
7.25450901804 5.66945898669e-18
7.2745490982 5.48885876526e-18
7.29458917836 5.31683675949e-18
7.31462925852 5.15033956477e-18
7.33466933868 4.98918430329e-18
7.35470941884 4.83319437242e-18
7.374749499 4.68219922034e-18
7.39478957916 4.53603413013e-18
7.41482965932 4.39454001188e-18
7.43486973948 4.25756320252e-18
7.45490981964 4.12495527311e-18
7.4749498998 3.9965728433e-18
7.49498997996 3.87227740262e-18
7.51503006012 3.75193513843e-18
7.53507014028 3.63541677014e-18
7.55511022044 3.5225973896e-18
7.5751503006 3.41335630738e-18
7.59519038076 3.30757690458e-18
7.61523046092 3.20514649022e-18
7.63527054108 3.10595616373e-18
7.65531062124 3.00990068253e-18
7.6753507014 2.91687833435e-18
7.69539078156 2.82679081436e-18
7.71543086172 2.73954310657e-18
7.73547094188 2.65504336964e-18
7.75551102204 2.57320282687e-18
7.7755511022 2.49393566001e-18
7.79559118236 2.41715890705e-18
7.81563126253 2.34279236362e-18
7.83567134269 2.27075848797e-18
7.85571142285 2.20098230931e-18
7.87575150301 2.13339133949e-18
7.89579158317 2.06791548779e-18
7.91583166333 2.00448697885e-18
7.93587174349 1.94304027336e-18
7.95591182365 1.88351199175e-18
7.97595190381 1.8258408405e-18
7.99599198397 1.76996754104e-18
8.01603206413 1.71583476126e-18
8.03607214429 1.66338704937e-18
8.05611222445 1.6125707701e-18
8.07615230461 1.56333404321e-18
8.09619238477 1.51562668408e-18
8.11623246493 1.46940014647e-18
8.13627254509 1.42460746721e-18
8.15631262525 1.3812032129e-18
8.17635270541 1.33914342844e-18
8.19639278557 1.29838558733e-18
8.21643286573 1.25888854378e-18
8.23647294589 1.2206124864e-18
8.25651302605 1.18351889356e-18
8.27655310621 1.1475704903e-18
8.29659318637 1.11273120669e-18
8.31663326653 1.07896613765e-18
8.33667334669 1.04624150421e-18
8.35671342685 1.01452461602e-18
8.37675350701 9.83783835207e-19
8.39679358717 9.53988541474e-19
8.41683366733 9.25109098379e-19
8.43687374749 8.97116820784e-19
8.45691382766 8.69983943411e-19
8.47695390782 8.43683590483e-19
8.49699398798 8.18189746394e-19
8.51703406814 7.93477227385e-19
8.5370741483 7.69521654181e-19
8.55711422846 7.46299425563e-19
8.57715430862 7.23787692833e-19
8.59719438878 7.01964335152e-19
8.61723446894 6.80807935706e-19
8.6372745491 6.60297758683e-19
8.65731462926 6.40413727026e-19
8.67735470942 6.21136400942e-19
8.69739478958 6.02446957124e-19
8.71743486974 5.84327168686e-19
8.7374749499 5.66759385758e-19
8.75751503006 5.49726516747e-19
8.77755511022 5.33212010214e-19
8.79759519038 5.17199837366e-19
8.81763527054 5.01674475127e-19
8.8376753507 4.86620889779e-19
8.85771543086 4.72024521147e-19
8.87775551102 4.57871267311e-19
8.89779559118 4.44147469826e-19
8.91783567134 4.30839899432e-19
8.9378757515 4.17935742243e-19
8.95791583166 4.05422586388e-19
8.97795591182 3.93288409096e-19
8.99799599198 3.81521564213e-19
9.01803607214 3.70110770121e-19
9.0380761523 3.59045098067e-19
9.05811623246 3.48313960868e-19
9.07815631263 3.37907101991e-19
9.09819639279 3.27814584994e-19
9.11823647295 3.1802678331e-19
9.13827655311 3.08534370366e-19
9.15831663327 2.99328310031e-19
9.17835671343 2.9039984737e-19
9.19839679359 2.81740499704e-19
9.21843687375 2.7334204796e-19
9.23847695391 2.65196528308e-19
9.25851703407 2.57296224062e-19
9.27855711423 2.49633657849e-19
9.29859719439 2.42201584039e-19
9.31863727455 2.34992981407e-19
9.33867735471 2.28001046045e-19
9.35871743487 2.212191845e-19
9.37875751503 2.1464100713e-19
9.39879759519 2.08260321682e-19
9.41883767535 2.02071127072e-19
9.43887775551 1.96067607369e-19
9.45891783567 1.90244125969e-19
9.47895791583 1.84595219963e-19
9.49899799599 1.79115594681e-19
9.51903807615 1.73800118412e-19
9.53907815631 1.68643817295e-19
9.55911823647 1.63641870375e-19
9.57915831663 1.58789604814e-19
9.59919839679 1.5408249126e-19
9.61923847695 1.49516139359e-19
9.63927855711 1.45086293412e-19
9.65931863727 1.40788828178e-19
9.67935871743 1.36619744796e-19
9.6993987976 1.32575166852e-19
9.71943887776 1.28651336564e-19
9.73947895792 1.24844611087e-19
9.75951903808 1.21151458939e-19
9.77955911824 1.17568456539e-19
9.7995991984 1.14092284858e-19
9.81963927856 1.10719726169e-19
9.83967935872 1.07447660908e-19
9.85971943888 1.04273064629e-19
9.87975951904 1.01193005058e-19
9.8997995992 0.0
9.91983967936 0.0
9.93987975952 0.0
9.95991983968 0.0
9.97995991984 0.0
10.0 0.0
