0.0 0.0
0.0200400801603 0.0
0.0400801603206 0.0
0.060120240481 0.0
0.0801603206413 0.0
0.100200400802 0.0
0.120240480962 0.0
0.140280561122 0.0
0.160320641283 0.0
0.180360721443 0.0
0.200400801603 0.0
0.220440881764 0.0
0.240480961924 2.23292789893e-09
0.260521042084 4.02029054607e-11
0.280561122244 3.64173785916e-11
0.300601202405 3.52035456716e-11
0.320641282565 3.54326311438e-11
0.340681362725 3.66640999718e-11
0.360721442886 3.71872624916e-11
0.380761523046 3.76809543743e-11
0.400801603206 3.81884481573e-11
0.420841683367 3.87182131191e-11
0.440881763527 3.92513003523e-11
0.460921843687 3.97622168275e-11
0.480961923848 4.02228871892e-11
0.501002004008 4.05819073464e-11
0.521042084168 4.09278604587e-11
0.541082164329 4.12551932549e-11
0.561122244489 4.15536728559e-11
0.581162324649 4.18387972111e-11
0.60120240481 4.21107692256e-11
0.62124248497 4.23433175126e-11
0.64128256513 4.2547990473e-11
0.661322645291 4.27461742413e-11
0.681362725451 4.28802333286e-11
0.701402805611 4.28376708213e-11
0.721442885772 4.28024865338e-11
0.741482965932 4.2771006749e-11
0.761523046092 4.26864085582e-11
0.781563126253 4.26047875815e-11
0.801603206413 4.25325832742e-11
0.821643286573 4.22987572494e-11
0.841683366733 4.19637398865e-11
0.861723446894 4.16470587046e-11
0.881763527054 4.12566517465e-11
0.901803607214 4.06356299882e-11
0.921843687375 4.00449999228e-11
0.941883767535 3.94815659817e-11
0.961923847695 3.88090012294e-11
0.981963927856 3.81564366064e-11
1.00200400802 3.75342322088e-11
1.02204408818 3.70003544342e-11
1.04208416834 3.65287283258e-11
1.0621242485 3.60754670314e-11
1.08216432866 3.5622998325e-11
1.10220440882 3.5149153164e-11
1.12224448898 3.4693566716e-11
1.14228456914 3.42588765332e-11
1.1623246493 3.36931336156e-11
1.18236472946 3.31383256099e-11
1.20240480962 3.26030909619e-11
1.22244488978 3.20754566671e-11
1.24248496994 3.1558884062e-11
1.2625250501 3.10594225954e-11
1.28256513026 3.05831993158e-11
1.30260521042 3.01408369704e-11
1.32264529058 2.97125556352e-11
1.34268537074 2.92976132794e-11
1.3627254509 2.89443249249e-11
1.38276553106 2.86043600348e-11
1.40280561122 2.82739459558e-11
1.42284569138 2.79166843549e-11
1.44288577154 2.7547806297e-11
1.4629258517 2.71893076286e-11
1.48296593186 2.68455463165e-11
1.50300601202 2.65233917102e-11
1.52304609218 2.62100382218e-11
1.54308617234 2.59069632951e-11
1.56312625251 2.55532770641e-11
1.58316633267 2.52063844461e-11
1.60320641283 2.4868456266e-11
1.62324649299 2.45402505194e-11
1.64328657315 2.42209404223e-11
1.66332665331 2.39093343568e-11
1.68336673347 2.36183814109e-11
1.70340681363 2.33656699835e-11
1.72344689379 2.31190084126e-11
1.74348697395 2.28780378821e-11
1.76352705411 2.25073930265e-11
1.78356713427 2.21410901233e-11
1.80360721443 2.17831288864e-11
1.82364729459 2.14765755141e-11
1.84368737475 2.12009802903e-11
1.86372745491 2.09314478684e-11
1.88376753507 2.07050924465e-11
1.90380761523 2.05658229338e-11
1.92384769539 2.0429533338e-11
1.94388777555 2.02961283798e-11
1.96392785571 2.00231857629e-11
1.98396793587 1.97529890088e-11
2.00400801603 1.94858103431e-11
2.02404809619 1.92349619767e-11
2.04408817635 1.89895426933e-11
2.06412825651 1.87489938137e-11
2.08416833667 1.85141595911e-11
2.10420841683 1.82859721394e-11
2.12424849699 1.80621804599e-11
2.14428857715 1.78426580417e-11
2.16432865731 1.76179078662e-11
2.18436873747 1.7397271499e-11
2.20440881764 1.71807237914e-11
2.2244488978 1.69404070657e-11
2.24448897796 1.66903218008e-11
2.26452905812 1.64447380792e-11
2.28456913828 1.6199307362e-11
2.30460921844 1.59497282467e-11
2.3246492986 1.57045203461e-11
2.34468937876 1.54636014769e-11
2.36472945892 1.52748865813e-11
2.38476953908 1.50893953656e-11
2.40480961924 1.49070455302e-11
2.4248496994 1.47226774036e-11
2.44488977956 1.45389055852e-11
2.46492985972 1.43581670559e-11
2.48496993988 1.41569250515e-11
2.50501002004 1.39139499161e-11
2.5250501002 1.3674880782e-11
2.54509018036 1.34406601932e-11
2.56513026052 1.33025926319e-11
2.58517034068 1.31666973472e-11
2.60521042084 1.3032923245e-11
2.625250501 1.28518729869e-11
2.64529058116 1.26506723556e-11
2.66533066132 1.2452532761e-11
2.68537074148 1.22589294972e-11
2.70541082164 1.20710595249e-11
2.7254509018 1.18859834639e-11
2.74549098196 1.17042098412e-11
2.76553106212 1.15510839202e-11
2.78557114228 1.14001863313e-11
2.80561122244 1.12514685915e-11
2.82565130261 1.10466876028e-11
2.84569138277 1.08190334855e-11
2.86573146293 1.05945927444e-11
2.88577154309 1.04030054981e-11
2.90581162325 1.02661796009e-11
2.92585170341 1.01312472392e-11
2.94589178357 9.99694793248e-12
2.96593186373 9.82739460297e-12
2.98597194389 9.66013758936e-12
3.00601202405 9.49513039188e-12
3.02605210421 9.32975185132e-12
3.04609218437 9.16548056195e-12
3.06613226453 9.00337464409e-12
3.08617234469 8.84679148348e-12
3.10621242485 8.69795055862e-12
3.12625250501 8.55103346505e-12
3.14629258517 8.4065686272e-12
3.16633266533 8.27676410792e-12
3.18637274549 8.14860554989e-12
3.20641282565 8.02206174032e-12
3.22645290581 7.87215543041e-12
3.24649298597 7.71409091009e-12
3.26653306613 7.5579795694e-12
3.28657314629 7.39803940431e-12
3.30661322645 7.23082099582e-12
3.32665330661 7.0656306051e-12
3.34669338677 6.90441018949e-12
3.36673346693 6.78073244178e-12
3.38677354709 6.6585283201e-12
3.40681362725 6.53777156462e-12
3.42685370741 6.41221985814e-12
3.44689378758 6.28576314307e-12
3.46693386774 6.16077759861e-12
3.4869739479 6.03930823743e-12
3.50701402806 5.9224212326e-12
3.52705410822 5.8068706456e-12
3.54709418838 5.69176155602e-12
3.56713426854 5.56498562065e-12
3.5871743487 5.43963427015e-12
3.60721442886 5.31568356314e-12
3.62725450902 5.19896413698e-12
3.64729458918 5.08565735892e-12
3.66733466934 4.97359572529e-12
3.6873747495 4.86642452778e-12
3.70741482966 4.76582136713e-12
3.72745490982 4.66630581457e-12
3.74749498998 4.56815436307e-12
3.76753507014 4.47476634816e-12
3.7875751503 4.38237176363e-12
3.80761523046 4.29095480154e-12
3.82765531062 4.18832172473e-12
3.84769539078 4.08257533255e-12
3.86773547094 3.97792999915e-12
3.8877755511 3.88027328642e-12
3.90781563126 3.7919639843e-12
3.92785571142 3.70456009606e-12
3.94789579158 3.61865946877e-12
3.96793587174 3.54032420146e-12
3.9879759519 3.4627799206e-12
4.00801603206 3.38601467764e-12
4.02805611222 3.30275728559e-12
4.04809619238 3.21796428926e-12
4.06813627255 3.13401030896e-12
4.08817635271 3.05646673602e-12
4.10821643287 2.98724460068e-12
4.12825651303 2.91869744915e-12
4.14829659319 2.8505622208e-12
4.16833667335 2.78064709593e-12
4.18837675351 2.71140379042e-12
4.20841683367 2.64282264621e-12
4.22845691383 2.57966034739e-12
4.24849699399 2.5185633059e-12
4.26853707415 2.45804226458e-12
4.28857715431 2.3966315945e-12
4.30861723447 2.33390178088e-12
4.32865731463 2.27175503048e-12
4.34869739479 2.21086526534e-12
4.36873747495 2.15638391982e-12
4.38877755511 2.10240201507e-12
4.40881763527 2.04891270041e-12
4.42885771543 1.99962617288e-12
4.44889779559 1.95186491764e-12
4.46893787575 1.90453360565e-12
4.48897795591 1.85723040294e-12
4.50901803607 1.80985594525e-12
4.52905811623 1.76290222468e-12
4.54909819639 1.71659507247e-12
4.56913827655 1.6724799542e-12
4.58917835671 1.62875145993e-12
4.60921843687 1.58540451919e-12
4.62925851703 1.54291117879e-12
4.64929859719 1.50091588961e-12
4.66933867735 1.45928227335e-12
4.68937875752 1.42018607572e-12
4.70941883768 1.38402868369e-12
4.72945891784 1.34817872432e-12
4.749498998 1.31227171546e-12
4.76953907816 1.27414692986e-12
4.78957915832 1.23634217919e-12
4.80961923848 1.19885344309e-12
4.82965931864 1.16514503173e-12
4.8496993988 1.13260777269e-12
4.86973947896 1.10033913486e-12
4.88977955912 1.0690381623e-12
4.90981963928 1.03879854777e-12
4.92985971944 1.00880552372e-12
4.9498997996 9.79452120587e-13
4.96993987976 9.52862907548e-13
4.98997995992 9.26487899916e-13
5.01002004008 9.00809080972e-13
5.03006012024 8.75783332019e-13
5.0501002004 8.50956777929e-13
5.07014028056 8.27625299832e-13
5.09018036072 8.04504722929e-13
5.11022044088 7.81566000748e-13
5.13026052104 7.58806992197e-13
5.1503006012 7.36225589734e-13
5.17034068136 7.15416038842e-13
5.19038076152 6.94870201585e-13
5.21042084168 6.74482843184e-13
5.23046092184 6.54252133752e-13
5.250501002 6.34176271524e-13
5.27054108216 6.16073494751e-13
5.29058116232 5.98311920453e-13
5.31062124248 5.80684753232e-13
5.33066132265 5.63190470445e-13
5.35070140281 5.45827572408e-13
5.37074148297 5.29093530762e-13
5.39078156313 5.12566086886e-13
5.41082164329 4.96161379494e-13
5.43086172345 4.79878044065e-13
5.45090180361 4.63714736274e-13
5.47094188377 4.49254409527e-13
5.49098196393 4.35250616949e-13
5.51102204409 4.21348922982e-13
5.53106212425 4.07548213153e-13
5.55110220441 3.93847389189e-13
5.57114228457 3.80822430528e-13
5.59118236473 3.68055368654e-13
5.61122244489 3.55379717121e-13
5.63126252505 3.42794496028e-13
5.65130260521 3.30298739456e-13
5.67134268537 3.18941329224e-13
5.69138276553 3.08036714656e-13
5.71142284569 2.97208801527e-13
5.73146292585 2.86456782021e-13
5.75150300601 2.7577985965e-13
5.77154308617 2.65557378275e-13
5.79158316633 2.5557050953e-13
5.81162324649 2.45652669104e-13
5.83166332665 2.35803142587e-13
5.85170340681 2.26021225416e-13
5.87174348697 2.16770798447e-13
5.89178356713 2.07825623793e-13
5.91182364729 1.98941224606e-13
5.93186372745 1.9011698258e-13
5.95190380762 1.81352287787e-13
5.97194388778 1.7350432375e-13
5.99198396794 1.66241537943e-13
6.0120240481 1.59027273804e-13
6.03206412826 1.51861045873e-13
6.05210420842 1.44742375155e-13
6.07214428858 1.38026562847e-13
6.09218436874 1.31616306998e-13
6.1122244489 1.25248172367e-13
6.13226452906 1.18921744447e-13
6.15230460922 1.12636614164e-13
6.17234468938 1.06598836721e-13
6.19238476954 1.00778820765e-13
6.2124248497 9.49964278116e-14
6.23246492986 8.9251293615e-14
6.25250501002 8.35430586268e-14
6.27254509018 7.83061367278e-14
6.29258517034 7.35448393388e-14
6.3126252505 6.88138319003e-14
6.33266533066 6.41128257868e-14
6.35270541082 5.94415360376e-14
6.37274549098 5.50993760919e-14
6.39278557114 5.1142970519e-14
6.4128256513 4.72113405879e-14
6.43286573146 4.33042538869e-14
6.45290581162 3.94214809102e-14
6.47294589178 3.60071932453e-14
6.49298597194 3.32406802988e-14
6.5130260521 3.04912268966e-14
6.53306613226 2.7758675402e-14
6.55310621242 2.50428701208e-14
6.57314629259 2.26531966857e-14
6.59318637275 2.07952367506e-14
6.61322645291 1.89485622231e-14
6.63326653307 1.71130703325e-14
6.65330661323 1.52886595576e-14
6.67334669339 1.35366962236e-14
6.69338677355 1.19178200202e-14
6.71342685371 1.03086298027e-14
6.73346693387 8.70903868027e-15
6.75350701403 7.11896080261e-15
6.77354709419 5.70460354947e-15
6.79358717435 4.69884059456e-15
6.81362725451 3.6990088071e-15
6.83366733467 2.70505569899e-15
6.85370741483 1.71692940337e-15
6.87374749499 9.38512249049e-16
6.89378757515 7.665404972e-16
6.91382765531 5.95573621983e-16
6.93386773547 4.25602710506e-16
6.95390781563 2.56618957901e-16
6.97394789579 1.20362887991e-16
6.99398797595 1.02483013206e-16
7.01402805611 8.47112539615e-17
7.03406813627 6.7046525731e-17
7.05410821643 4.94877606699e-17
7.07414829659 3.40160242855e-17
7.09418837675 2.81704796582e-17
7.11422845691 2.23629078742e-17
7.13426853707 1.65928520085e-17
7.15430861723 1.0859863984e-17
7.17434869739 5.88346898602e-18
7.19438877756 5.68846148533e-18
7.21442885772 5.49883475359e-18
7.23446893788 5.31442689308e-18
7.25450901804 5.13508099062e-18
7.2745490982 4.96253511565e-18
7.29458917836 4.81358776665e-18
7.31462925852 4.66914632596e-18
7.33466933868 4.52907324229e-18
7.35470941884 4.39323520751e-18
7.374749499 4.26150302415e-18
7.39478957916 4.13375147714e-18
7.41482965932 4.00985920954e-18
7.43486973948 3.88970860224e-18
7.45490981964 3.77318565749e-18
7.4749498998 3.66017988605e-18
7.49498997996 3.55058419794e-18
7.51503006012 3.44429479667e-18
7.53507014028 3.3412110767e-18
7.55511022044 3.24123552427e-18
7.5751503006 3.14427362128e-18
7.59519038076 3.05023375216e-18
7.61523046092 2.95902711377e-18
7.63527054108 2.87056762809e-18
7.65531062124 2.78477185761e-18
7.6753507014 2.70155892343e-18
7.69539078156 2.62085042598e-18
7.71543086172 2.54257036811e-18
7.73547094188 2.46664508068e-18
7.75551102204 2.39300315048e-18
7.7755511022 2.32157535039e-18
7.79559118236 2.25229457172e-18
7.81563126253 2.18509575871e-18
7.83567134269 2.11991584501e-18
7.85571142285 2.05669369225e-18
7.87575150301 1.99537003045e-18
7.89579158317 1.93588740031e-18
7.91583166333 1.87819009732e-18
7.93587174349 1.82222411762e-18
7.95591182365 1.76793710555e-18
7.97595190381 1.71527830279e-18
7.99599198397 1.66419849915e-18
8.01603206413 1.61464998488e-18
8.03607214429 1.56658650444e-18
8.05611222445 1.51996321173e-18
8.07615230461 1.47473662671e-18
8.09619238477 1.43086459338e-18
8.11623246493 1.38830623906e-18
8.13627254509 1.34702193493e-18
8.15631262525 1.30697325779e-18
8.17635270541 1.26812295306e-18
8.19639278557 1.23043489887e-18
8.21643286573 1.19387407127e-18
8.23647294589 1.15840651056e-18
8.25651302605 1.12399928864e-18
8.27655310621 1.09062047738e-18
8.29659318637 1.05823911792e-18
8.31663326653 1.02682519104e-18
8.33667334669 9.96349588311e-19
8.35671342685 9.66784084231e-19
8.37675350701 9.38101309195e-19
8.39679358717 9.10274723292e-19
8.41683366733 8.83278590931e-19
8.43687374749 8.57087956234e-19
8.45691382766 8.31678619204e-19
8.47695390782 8.07027112621e-19
8.49699398798 7.83110679652e-19
8.51703406814 7.59907252156e-19
8.5370741483 7.37395429654e-19
8.55711422846 7.15554458952e-19
8.57715430862 6.9436421439e-19
8.59719438878 6.73805178696e-19
8.61723446894 6.53858424439e-19
8.6372745491 6.34505596047e-19
8.65731462926 6.15728892375e-19
8.67735470942 5.97511049822e-19
8.69739478958 5.79835325953e-19
8.71743486974 5.62685483634e-19
8.7374749499 5.46045775654e-19
8.75751503006 5.29900929813e-19
8.77755511022 5.14236134477e-19
8.79759519038 4.99037024572e-19
8.81763527054 4.84289668007e-19
8.8376753507 4.69980552515e-19
8.85771543086 4.560965729e-19
8.87775551102 4.42625018671e-19
8.89779559118 4.29553562059e-19
8.91783567134 4.16870246396e-19
8.9378757515 4.04563474858e-19
8.95791583166 3.92621999543e-19
8.97795591182 3.81034910895e-19
8.99799599198 3.69791627439e-19
9.01803607214 3.5888188584e-19
9.0380761523 3.48295731261e-19
9.05811623246 3.38023508018e-19
9.07815631263 3.28055850518e-19
9.09819639279 3.18383674481e-19
9.11823647295 3.08998168417e-19
9.13827655311 2.99890785377e-19
9.15831663327 2.91053234948e-19
9.17835671343 2.82477475497e-19
9.19839679359 2.74155706642e-19
9.21843687375 2.66080361967e-19
9.23847695391 2.58244101949e-19
9.25851703407 2.506398071e-19
9.27855711423 2.43260571327e-19
9.29859719439 2.36099695484e-19
9.31863727455 2.29150681125e-19
9.33867735471 2.22407224451e-19
9.35871743487 2.15863210432e-19
9.37875751503 2.09512707116e-19
9.39879759519 2.03349960107e-19
9.41883767535 1.97369387212e-19
9.43887775551 1.91565573252e-19
9.45891783567 1.85933265027e-19
9.47895791583 1.80467366439e-19
9.49899799599 1.75162933757e-19
9.51903807615 1.70015171034e-19
9.53907815631 1.65019425653e-19
9.55911823647 1.60171184016e-19
9.57915831663 1.55466067364e-19
9.59919839679 1.50899827715e-19
9.61923847695 1.46468343935e-19
9.63927855711 1.42167617924e-19
9.65931863727 1.37993770917e-19
9.67935871743 1.33943039898e-19
9.6993987976 1.30011774123e-19
9.71943887776 1.26196431745e-19
9.73947895792 1.22493576549e-19
9.75951903808 1.18899874775e-19
9.77955911824 1.15412092047e-19
9.7995991984 1.12027090388e-19
9.81963927856 1.0874182533e-19
9.83967935872 1.05553343107e-19
9.85971943888 1.02458777936e-19
9.87975951904 9.94553493799e-20
9.8997995992 0.0
9.91983967936 0.0
9.93987975952 0.0
9.95991983968 0.0
9.97995991984 0.0
10.0 0.0
