0.0 0.0
0.0200400801603 0.0
0.0400801603206 0.0
0.060120240481 0.0
0.0801603206413 7.3798725571e-11
0.100200400802 5.85582993617e-11
0.120240480962 5.6187748388e-11
0.140280561122 4.62035860272e-11
0.160320641283 3.50977144305e-11
0.180360721443 2.99252337942e-11
0.200400801603 2.66962916589e-11
0.220440881764 1.68155900516e-10
0.240480961924 1.66004261255e-10
0.260521042084 2.24697533257e-11
0.280561122244 2.16249960423e-11
0.300601202405 2.08568887947e-11
0.320641282565 2.02424346512e-11
0.340681362725 1.97872138127e-11
0.360721442886 1.92594148349e-11
0.380761523046 1.87702581907e-11
0.400801603206 1.83004822193e-11
0.420841683367 1.78834365262e-11
0.440881763527 1.75113903966e-11
0.460921843687 1.71543560873e-11
0.480961923848 1.68205199374e-11
0.501002004008 1.6496676021e-11
0.521042084168 1.62058530549e-11
0.541082164329 1.59370742592e-11
0.561122244489 1.56845210856e-11
0.581162324649 1.54517152819e-11
0.60120240481 1.52416799047e-11
0.62124248497 1.50383059809e-11
0.64128256513 1.48435767811e-11
0.661322645291 1.46714625131e-11
0.681362725451 1.44988713658e-11
0.701402805611 1.4294576015e-11
0.721442885772 1.41017208569e-11
0.741482965932 1.39173696485e-11
0.761523046092 1.3728504397e-11
0.781563126253 1.3550773512e-11
0.801603206413 1.33908380185e-11
0.821643286573 1.31985922603e-11
0.841683366733 1.29872275618e-11
0.861723446894 1.27926584881e-11
0.881763527054 1.25841518658e-11
0.901803607214 1.23230343477e-11
0.921843687375 1.20751188412e-11
0.941883767535 1.18386411191e-11
0.961923847695 1.15784927345e-11
0.981963927856 1.13279179484e-11
1.00200400802 1.10924246323e-11
1.02204408818 1.08823971644e-11
1.04208416834 1.06904501161e-11
1.0621242485 1.05112307101e-11
1.08216432866 1.03326609532e-11
1.10220440882 1.01508309135e-11
1.12224448898 9.97285939194e-12
1.14228456914 9.80381693535e-12
1.1623246493 9.60395911336e-12
1.18236472946 9.41133803397e-12
1.20240480962 9.23300656713e-12
1.22244488978 9.05777395402e-12
1.24248496994 8.88647236985e-12
1.2625250501 8.72078833665e-12
1.28256513026 8.56182436182e-12
1.30260521042 8.41240834759e-12
1.32264529058 8.26869620626e-12
1.34268537074 8.13003268679e-12
1.3627254509 8.00775528787e-12
1.38276553106 7.89047110377e-12
1.40280561122 7.77793023455e-12
1.42284569138 7.65908841343e-12
1.44288577154 7.53804520794e-12
1.4629258517 7.42199610868e-12
1.48296593186 7.31024875759e-12
1.50300601202 7.20453809627e-12
1.52304609218 7.10251445297e-12
1.54308617234 7.0053147257e-12
1.56312625251 6.89584772948e-12
1.58316633267 6.7891829023e-12
1.60320641283 6.68673022153e-12
1.62324649299 6.58710035619e-12
1.64328657315 6.49009474871e-12
1.66332665331 6.39623203294e-12
1.68336673347 6.30763053731e-12
1.70340681363 6.22900640451e-12
1.72344689379 6.15304266211e-12
1.74348697395 6.07917800192e-12
1.76352705411 5.9727628806e-12
1.78356713427 5.8677941825e-12
1.80360721443 5.76538118519e-12
1.82364729459 5.67620555296e-12
1.84368737475 5.59513926576e-12
1.86372745491 5.51724452344e-12
1.88376753507 5.45055818544e-12
1.90380761523 5.40610083392e-12
1.92384769539 5.36298693916e-12
1.94388777555 5.32098614141e-12
1.96392785571 5.24377885919e-12
1.98396793587 5.16756242858e-12
2.00400801603 5.09071134059e-12
2.02404809619 5.02204031495e-12
2.04408817635 4.95291811895e-12
2.06412825651 4.88589060184e-12
2.08416833667 4.82047240403e-12
2.10420841683 4.75684638114e-12
2.12424849699 4.69492400026e-12
2.14428857715 4.63437806158e-12
2.16432865731 4.57259188481e-12
2.18436873747 4.51191056761e-12
2.20440881764 4.45240026553e-12
2.2244488978 4.3869370078e-12
2.24448897796 4.31914618644e-12
2.26452905812 4.25341347543e-12
2.28456913828 4.1877980123e-12
2.30460921844 4.12083834143e-12
2.3246492986 4.05538159319e-12
2.34468937876 3.99117626387e-12
2.36472945892 3.94037952743e-12
2.38476953908 3.8905485779e-12
2.40480961924 3.84165462636e-12
2.4248496994 3.79237986205e-12
2.44488977956 3.74338103546e-12
2.46492985972 3.69527037175e-12
2.48496993988 3.64206293695e-12
2.50501002004 3.57835866784e-12
2.5250501002 3.51574432595e-12
2.54509018036 3.4544542251e-12
2.56513026052 3.41768200893e-12
2.58517034068 3.38154738351e-12
2.60521042084 3.34603285455e-12
2.625250501 3.29858120265e-12
2.64529058116 3.24607996073e-12
2.66533066132 3.19442362543e-12
2.68537074148 3.1439836638e-12
2.70541082164 3.09506106681e-12
2.7254509018 3.04690565295e-12
2.74549098196 2.99964372385e-12
2.76553106212 2.95971561094e-12
2.78557114228 2.92040310556e-12
2.80561122244 2.88169133442e-12
2.82565130261 2.82876963374e-12
2.84569138277 2.77007268942e-12
2.86573146293 2.71223060841e-12
2.88577154309 2.66277839174e-12
2.90581162325 2.62728614015e-12
2.92585170341 2.59230924759e-12
2.94589178357 2.55752541812e-12
2.96593186373 2.51380605833e-12
2.98597194389 2.47069880844e-12
3.00601202405 2.42819040106e-12
3.02605210421 2.38561277584e-12
3.04609218437 2.34334066625e-12
3.06613226453 2.30164197518e-12
3.08617234469 2.26136959323e-12
3.10621242485 2.22308711997e-12
3.12625250501 2.18531348318e-12
3.14629258517 2.14818212577e-12
3.16633266533 2.11479800168e-12
3.18637274549 2.08184941498e-12
3.20641282565 2.04932757162e-12
3.22645290581 2.01087656229e-12
3.24649298597 1.97036368314e-12
3.26653306613 1.93036085131e-12
3.28657314629 1.88939612554e-12
3.30661322645 1.84659099614e-12
3.32665330661 1.80431285823e-12
3.34669338677 1.76305534236e-12
3.36673346693 1.73136173029e-12
3.38677354709 1.70005293749e-12
3.40681362725 1.66912178534e-12
3.42685370741 1.63697910148e-12
3.44689378758 1.60461435813e-12
3.46693386774 1.57263187193e-12
3.4869739479 1.54155175131e-12
3.50701402806 1.51164503076e-12
3.52705410822 1.4820852021e-12
3.54709418838 1.45264413075e-12
3.56713426854 1.42023933454e-12
3.5871743487 1.38820275042e-12
3.60721442886 1.35652800019e-12
3.62725450902 1.32669908333e-12
3.64729458918 1.2977437327e-12
3.66733466934 1.26910994674e-12
3.6873747495 1.24172550892e-12
3.70741482966 1.21601734542e-12
3.72745490982 1.19059006719e-12
3.74749498998 1.16551386586e-12
3.76753507014 1.14165402207e-12
3.7875751503 1.11805054868e-12
3.80761523046 1.09469924706e-12
3.82765531062 1.06849526649e-12
3.84769539078 1.04150140111e-12
3.86773547094 1.01479052374e-12
3.8877755511 9.89861628523e-13
3.90781563126 9.67315284442e-13
3.92785571142 9.45001845848e-13
3.94789579158 9.23073428317e-13
3.96793587174 9.03073599342e-13
3.9879759519 8.83277255494e-13
4.00801603206 8.63681249616e-13
4.02805611222 8.42433835491e-13
4.04809619238 8.20797064708e-13
4.06813627255 7.99375551212e-13
4.08817635271 7.79588061942e-13
4.10821643287 7.61921264636e-13
4.12825651303 7.44427812089e-13
4.14829659319 7.27040635238e-13
4.16833667335 7.09201445992e-13
4.18837675351 6.91534567852e-13
4.20841683367 6.74037479018e-13
4.22845691383 6.57921609118e-13
4.24849699399 6.42332807724e-13
4.26853707415 6.26891723836e-13
4.28857715431 6.11225007588e-13
4.30861723447 5.95223196373e-13
4.32865731463 5.79370733513e-13
4.34869739479 5.63839231156e-13
4.36873747495 5.499407987e-13
4.38877755511 5.36170330698e-13
4.40881763527 5.2252604377e-13
4.42885771543 5.09952975354e-13
4.44889779559 4.97769090081e-13
4.46893787575 4.85695351512e-13
4.48897795591 4.73629367636e-13
4.50901803607 4.61545793169e-13
4.52905811623 4.49569924094e-13
4.54909819639 4.3775926148e-13
4.56913827655 4.26507477915e-13
4.58917835671 4.15354642673e-13
4.60921843687 4.04299440427e-13
4.62925851703 3.93462103083e-13
4.64929859719 3.82752035638e-13
4.66933867735 3.72134475604e-13
4.68937875752 3.62163693381e-13
4.70941883768 3.52941944512e-13
4.72945891784 3.43798852831e-13
4.749498998 3.34641543558e-13
4.76953907816 3.24919513305e-13
4.78957915832 3.15279288438e-13
4.80961923848 3.05719830369e-13
4.82965931864 2.97123745442e-13
4.8496993988 2.88826286225e-13
4.86973947896 2.80597499486e-13
4.88977955912 2.72615476728e-13
4.90981963928 2.64904082379e-13
4.92985971944 2.57255719114e-13
4.9498997996 2.49770515837e-13
4.96993987976 2.42989784578e-13
4.98997995992 2.36263814756e-13
5.01002004008 2.29715403573e-13
5.03006012024 2.23333558495e-13
5.0501002004 2.17002626946e-13
5.07014028056 2.1105279175e-13
5.09018036072 2.05156841931e-13
5.11022044088 1.99307368916e-13
5.13026052104 1.93503819949e-13
5.1503006012 1.87745651177e-13
5.17034068136 1.82439085674e-13
5.19038076152 1.77199834787e-13
5.21042084168 1.72001077789e-13
5.23046092184 1.66842342652e-13
5.250501002 1.61723164791e-13
5.27054108216 1.57106860499e-13
5.29058116232 1.52577596847e-13
5.31062124248 1.48082673925e-13
5.33066132265 1.43621699077e-13
5.35070140281 1.39194285723e-13
5.37074148297 1.34927199059e-13
5.39078156313 1.30712833785e-13
5.41082164329 1.26529816026e-13
5.43086172345 1.22377794392e-13
5.45090180361 1.18256422819e-13
5.47094188377 1.14569090574e-13
5.49098196393 1.10998161145e-13
5.51102204409 1.07453309193e-13
5.53106212425 1.039342477e-13
5.55110220441 1.00440693919e-13
5.57114228457 9.71194294595e-14
5.59118236473 9.38639373084e-14
5.61122244489 9.06317872819e-14
5.63126252505 8.7422727254e-14
5.65130260521 8.42365087781e-14
5.67134268537 8.13404374188e-14
5.69138276553 7.85598018164e-14
5.71142284569 7.57987527391e-14
5.73146292585 7.30570823388e-14
5.75150300601 7.03345857475e-14
5.77154308617 6.77279396222e-14
5.79158316633 6.51813735333e-14
5.81162324649 6.26524308611e-14
5.83166332665 6.01409279511e-14
5.85170340681 5.76466837328e-14
5.87174348697 5.52879230693e-14
5.89178356713 5.30069862851e-14
5.91182364729 5.07415641209e-14
5.93186372745 4.84914977114e-14
5.95190380762 4.62566303863e-14
5.97194388778 4.42554310456e-14
5.99198396794 4.24033985841e-14
6.0120240481 4.05637550447e-14
6.03206412826 3.8736375613e-14
6.05210420842 3.69211371729e-14
6.07214428858 3.52085963072e-14
6.09218436874 3.35739532949e-14
6.1122244489 3.19500643193e-14
6.13226452906 3.03368228435e-14
6.15230460922 2.87341237556e-14
6.17234468938 2.71944858163e-14
6.19238476954 2.57103666169e-14
6.2124248497 2.4235851709e-14
6.23246492986 2.27708475308e-14
6.25250501002 2.13152617506e-14
6.27254509018 1.99798198856e-14
6.29258517034 1.87656215796e-14
6.3126252505 1.75591569476e-14
6.33266533066 1.63603518097e-14
6.35270541082 1.51691329467e-14
6.37274549098 1.40618177153e-14
6.39278557114 1.30528396367e-14
6.4128256513 1.20501881474e-14
6.43286573146 1.105380349e-14
6.45290581162 1.00636266698e-14
6.47294589178 9.19287488011e-15
6.49298597194 8.4872492816e-15
6.5130260521 7.78598306686e-15
6.53306613226 7.08903559531e-15
6.55310621242 6.39636674048e-15
6.57314629259 5.78683873803e-15
6.59318637275 5.31285513525e-15
6.61322645291 4.84175842358e-15
6.63326653307 4.37352200224e-15
6.65330661323 3.90811960495e-15
6.67334669339 3.4611934567e-15
6.69338677355 3.04820078381e-15
6.71342685371 2.63768574437e-15
6.73346693387 2.22962585261e-15
6.75350701403 1.82399890128e-15
6.77354709419 1.46317240947e-15
6.79358717435 1.20650837472e-15
6.81362725451 9.51364190286e-16
6.83366733467 6.97726181072e-16
6.85370741483 4.45580841543e-16
6.87374749499 2.46900247731e-16
6.89378757515 2.02818338276e-16
6.91382765531 1.59000373725e-16
6.93386773547 1.1544381188e-16
6.95390781563 7.2146147843e-17
6.97394789579 3.71983393901e-17
6.99398797595 3.24335681064e-17
7.01402805611 2.77031053231e-17
7.03406813627 2.30064449809e-17
7.05410821643 1.8343093427e-17
7.07414829659 1.42178522545e-17
7.09418837675 1.25524160365e-17
7.11422845691 1.09023543662e-17
7.13426853707 9.2673586804e-18
7.15430861723 7.64712942841e-18
7.17434869739 6.22491240664e-18
7.19438877756 6.02655813018e-18
7.21442885772 5.8343820193e-18
7.23446893788 5.64818195502e-18
7.25450901804 5.46776269636e-18
7.2745490982 5.29341748891e-18
7.29458917836 5.12928412268e-18
7.31462925852 4.9703557541e-18
7.33466933868 4.81646253684e-18
7.35470941884 4.66744036551e-18
7.374749499 4.52313067344e-18
7.39478957916 4.38338023783e-18
7.41482965932 4.24804099217e-18
7.43486973948 4.11696984548e-18
7.45490981964 3.9900285082e-18
7.4749498998 3.86708332448e-18
7.49498997996 3.74800511059e-18
7.51503006012 3.63266899919e-18
7.53507014028 3.52095428933e-18
7.55511022044 3.41274430184e-18
7.5751503006 3.30792624004e-18
7.59519038076 3.2063910554e-18
7.61523046092 3.10803331815e-18
7.63527054108 3.0127510925e-18
7.65531062124 2.92044581637e-18
7.6753507014 2.83102218545e-18
7.69539078156 2.74438804143e-18
7.71543086172 2.66045426417e-18
7.73547094188 2.57913466786e-18
7.75551102204 2.5003459007e-18
7.7755511022 2.42400734837e-18
7.79559118236 2.35004104071e-18
7.81563126253 2.27837156193e-18
7.83567134269 2.2089259638e-18
7.85571142285 2.14163368211e-18
7.87575150301 2.07642645588e-18
7.89579158317 2.01323824961e-18
7.91583166333 1.95200517811e-18
7.93587174349 1.89266543409e-18
7.95591182365 1.83515921821e-18
7.97595190381 1.7794286716e-18
7.99599198397 1.7254178108e-18
8.01603206413 1.67307246487e-18
8.03607214429 1.62234021477e-18
8.05611222445 1.57317033482e-18
8.07615230461 1.52551373617e-18
8.09619238477 1.47932291231e-18
8.11623246493 1.43455188638e-18
8.13627254509 1.39115616031e-18
8.15631262525 1.3490926658e-18
8.17635270541 1.3083197169e-18
8.19639278557 1.26879696423e-18
8.21643286573 1.23048535085e-18
8.23647294589 1.19334706953e-18
8.25651302605 1.15734552159e-18
8.27655310621 1.12244527706e-18
8.29659318637 1.08861203628e-18
8.31663326653 1.05581259272e-18
8.33667334669 1.02401479718e-18
8.35671342685 9.93187523077e-19
8.37675350701 9.63300633014e-19
8.39679358717 9.3432494643e-19
8.41683366733 9.06232208361e-19
8.43687374749 8.78995059252e-19
8.45691382766 8.52587005788e-19
8.47695390782 8.26982392714e-19
8.49699398798 8.0215637559e-19
8.51703406814 7.78084894478e-19
8.5370741483 7.54744648498e-19
8.55711422846 7.32113071244e-19
8.57715430862 7.10168307022e-19
8.59719438878 6.88889187877e-19
8.61723446894 6.68255211394e-19
8.6372745491 6.48246519233e-19
8.65731462926 6.28843876384e-19
8.67735470942 6.10028651102e-19
8.69739478958 5.91782795519e-19
8.71743486974 5.74088826892e-19
8.7374749499 5.56929809475e-19
8.75751503006 5.40289336987e-19
8.77755511022 5.24151515662e-19
8.79759519038 5.08500947856e-19
8.81763527054 4.933227162e-19
8.8376753507 4.7860236826e-19
8.85771543086 4.6432590172e-19
8.87775551102 4.50479750037e-19
8.89779559118 4.37050768571e-19
8.91783567134 4.2402622117e-19
8.9378757515 4.11393767193e-19
8.95791583166 3.99141448956e-19
8.97795591182 3.87257679589e-19
8.99799599198 3.75731231288e-19
9.01803607214 3.64551223947e-19
9.0380761523 3.53707114166e-19
9.05811623246 3.43188684609e-19
9.07815631263 3.32986033711e-19
9.09819639279 3.23089565718e-19
9.11823647295 3.13489981049e-19
9.13827655311 3.04178266968e-19
9.15831663327 2.95145688564e-19
9.17835671343 2.86383780011e-19
9.19839679359 2.7788433612e-19
9.21843687375 2.69639404156e-19
9.23847695391 2.61641275923e-19
9.25851703407 2.53882480102e-19
9.27855711423 2.46355774831e-19
9.29859719439 2.39054140529e-19
9.31863727455 2.31970772944e-19
9.33867735471 2.25099076431e-19
9.35871743487 2.18432657437e-19
9.37875751503 2.11965318197e-19
9.39879759519 2.05691050635e-19
9.41883767535 1.99604030453e-19
9.43887775551 1.93698611412e-19
9.45891783567 1.87969319796e-19
9.47895791583 1.82410849047e-19
9.49899799599 1.77018054578e-19
9.51903807615 1.71785948742e-19
9.53907815631 1.66709695967e-19
9.55911823647 1.61784608043e-19
9.57915831663 1.57006139556e-19
9.59919839679 1.52369883472e-19
9.61923847695 1.47871566853e-19
9.63927855711 1.43507046715e-19
9.65931863727 1.39272306011e-19
9.67935871743 1.35163449747e-19
9.6993987976 1.31176701212e-19
9.71943887776 1.27308398336e-19
9.73947895792 1.23554990154e-19
9.75951903808 1.19913033386e-19
9.77955911824 1.16379189125e-19
9.7995991984 1.12950219622e-19
9.81963927856 1.09622985183e-19
9.83967935872 1.06394441152e-19
9.85971943888 1.03261634995e-19
9.87975951904 1.00221703473e-19
9.8997995992 0.0
9.91983967936 0.0
9.93987975952 0.0
9.95991983968 0.0
9.97995991984 0.0
10.0 0.0
