0.0 0.0
0.0200400801603 0.0
0.0400801603206 0.0
0.060120240481 6.79491220903e-11
0.0801603206413 5.08363510056e-11
0.100200400802 4.79614621166e-11
0.120240480962 4.77609025135e-11
0.140280561122 4.09822205127e-11
0.160320641283 3.24541451899e-11
0.180360721443 2.8153379615e-11
0.200400801603 2.53091319738e-11
0.220440881764 1.34877518409e-10
0.240480961924 1.33374521356e-10
0.260521042084 2.11855901842e-11
0.280561122244 2.02814339529e-11
0.300601202405 1.94583233329e-11
0.320641282565 1.87701939127e-11
0.340681362725 1.82165384613e-11
0.360721442886 1.76265598577e-11
0.380761523046 1.70829385582e-11
0.400801603206 1.65629096839e-11
0.420841683367 1.60980370603e-11
0.440881763527 1.56807243665e-11
0.460921843687 1.52817231596e-11
0.480961923848 1.49100683646e-11
0.501002004008 1.45547651057e-11
0.521042084168 1.42344485038e-11
0.541082164329 1.39380110807e-11
0.561122244489 1.36602142208e-11
0.581162324649 1.34037213625e-11
0.60120240481 1.31713474042e-11
0.62124248497 1.29482424506e-11
0.64128256513 1.27358085334e-11
0.661322645291 1.25469016661e-11
0.681362725451 1.23613301916e-11
0.701402805611 1.21533728919e-11
0.721442885772 1.19569570173e-11
0.741482965932 1.17691517675e-11
0.761523046092 1.15798825974e-11
0.781563126253 1.14019475857e-11
0.801603206413 1.12417396099e-11
0.821643286573 1.10577725012e-11
0.841683366733 1.0860110107e-11
0.861723446894 1.06785412964e-11
0.881763527054 1.04869564563e-11
0.901803607214 1.02547663895e-11
0.921843687375 1.00344686078e-11
0.941883767535 9.82438791005e-12
0.961923847695 9.59642207852e-12
0.981963927856 9.37719882821e-12
1.00200400802 9.17176197954e-12
1.02204408818 8.98747020155e-12
1.04208416834 8.81819573284e-12
1.0621242485 8.66076420695e-12
1.08216432866 8.50391134701e-12
1.10220440882 8.34500849732e-12
1.12224448898 8.18912840835e-12
1.14228456914 8.04138253677e-12
1.1623246493 7.86967374685e-12
1.18236472946 7.70471691073e-12
1.20240480962 7.55310642171e-12
1.22244488978 7.40427079513e-12
1.24248496994 7.25885957461e-12
1.2625250501 7.11823185702e-12
1.28256513026 6.98315498447e-12
1.30260521042 6.85592548996e-12
1.32264529058 6.73371766834e-12
1.34268537074 6.61590764505e-12
1.3627254509 6.51132969803e-12
1.38276553106 6.41109054794e-12
1.40280561122 6.31510071776e-12
1.42284569138 6.21421683334e-12
1.44288577154 6.11176674732e-12
1.4629258517 6.01379505104e-12
1.48296593186 5.91937262736e-12
1.50300601202 5.82989254222e-12
1.52304609218 5.74366762389e-12
1.54308617234 5.66185129579e-12
1.56312625251 5.57042124905e-12
1.58316633267 5.48146035287e-12
1.60320641283 5.39626475082e-12
1.62324649299 5.31340478859e-12
1.64328657315 5.232723334e-12
1.66332665331 5.15478814352e-12
1.68336673347 5.0810296735e-12
1.70340681363 5.01527315588e-12
1.72344689379 4.9518752418e-12
1.74348697395 4.89028530984e-12
1.76352705411 4.80290892185e-12
1.78356713427 4.71676655304e-12
1.80360721443 4.63275908309e-12
1.82364729459 4.55932384149e-12
1.84368737475 4.49239607476e-12
1.86372745491 4.42833364627e-12
1.88376753507 4.37323915055e-12
1.90380761523 4.33584343043e-12
1.92384769539 4.2996429104e-12
1.94388777555 4.26441191491e-12
1.96392785571 4.20125621732e-12
1.98396793587 4.13895607832e-12
2.00400801603 4.07574222517e-12
2.02404809619 4.02013871539e-12
2.04408817635 3.96366898388e-12
2.06412825651 3.9090469991e-12
2.08416833667 3.85574315822e-12
2.10420841683 3.80389132896e-12
2.12424849699 3.75351996314e-12
2.14428857715 3.70430822139e-12
2.16432865731 3.65413481462e-12
2.18436873747 3.6048571191e-12
2.20440881764 3.5565423171e-12
2.2244488978 3.50352041012e-12
2.24448897796 3.44868595943e-12
2.26452905812 3.3956793713e-12
2.28456913828 3.34278676845e-12
2.30460921844 3.28877119209e-12
2.3246492986 3.23603461283e-12
2.34468937876 3.18432965443e-12
2.36472945892 3.14331081399e-12
2.38476953908 3.10309290116e-12
2.40480961924 3.06365126746e-12
2.4248496994 3.02393747847e-12
2.44488977956 2.98447160061e-12
2.46492985972 2.94573842679e-12
2.48496993988 2.90298259842e-12
2.50501002004 2.8519133585e-12
2.5250501002 2.80173298434e-12
2.54509018036 2.75262640005e-12
2.56513026052 2.7230157818e-12
2.58517034068 2.69393141686e-12
2.60521042084 2.66535839034e-12
2.625250501 2.62732114588e-12
2.64529058116 2.58528969912e-12
2.66533066132 2.54394536232e-12
2.68537074148 2.50358239118e-12
2.70541082164 2.46443910535e-12
2.7254509018 2.42591887919e-12
2.74549098196 2.3881213477e-12
2.76553106212 2.35616168858e-12
2.78557114228 2.32470273916e-12
2.80561122244 2.29373209575e-12
2.82565130261 2.25148438645e-12
2.84569138277 2.20465910217e-12
2.86573146293 2.15852234359e-12
2.88577154309 2.11905907923e-12
2.90581162325 2.09069351828e-12
2.92585170341 2.06274550595e-12
2.94589178357 2.03495861925e-12
2.96593186373 2.00008111111e-12
2.98597194389 1.96569682772e-12
3.00601202405 1.93179488524e-12
3.02605210421 1.89784427576e-12
3.04609218437 1.86414236057e-12
3.06613226453 1.83090165638e-12
3.08617234469 1.79879938942e-12
3.10621242485 1.76828300118e-12
3.12625250501 1.73817573086e-12
3.14629258517 1.70858334194e-12
3.16633266533 1.68197208471e-12
3.18637274549 1.65571104386e-12
3.20641282565 1.62979302857e-12
3.22645290581 1.59916889215e-12
3.24649298597 1.56691050396e-12
3.26653306613 1.53506074362e-12
3.28657314629 1.50245017285e-12
3.30661322645 1.46838076353e-12
3.32665330661 1.43473296114e-12
3.34669338677 1.40189875206e-12
3.36673346693 1.37666459473e-12
3.38677354709 1.35173871599e-12
3.40681362725 1.32711529041e-12
3.42685370741 1.30153179413e-12
3.44689378758 1.27577413021e-12
3.46693386774 1.25032224986e-12
3.4869739479 1.22558921786e-12
3.50701402806 1.20179024537e-12
3.52705410822 1.17826867856e-12
3.54709418838 1.15484320442e-12
3.56713426854 1.12906506107e-12
3.5871743487 1.10358100825e-12
3.60721442886 1.07838590505e-12
3.62725450902 1.05465855179e-12
3.64729458918 1.03162652675e-12
3.66733466934 1.00885126305e-12
3.6873747495 9.87069721408e-13
3.70741482966 9.66620991677e-13
3.72745490982 9.4639653685e-13
3.74749498998 9.26452063926e-13
3.76753507014 9.0747489508e-13
3.7875751503 8.88702377468e-13
3.80761523046 8.70131130221e-13
3.82765531062 8.49294635326e-13
3.84769539078 8.27831518569e-13
3.86773547094 8.06594023885e-13
3.8877755511 7.86772908485e-13
3.90781563126 7.68845229096e-13
3.92785571142 7.51103283745e-13
3.94789579158 7.33667880271e-13
3.96793587174 7.17765194758e-13
3.9879759519 7.02024781142e-13
4.00801603206 6.86444111247e-13
4.02805611222 6.69552132284e-13
4.04809619238 6.52351389601e-13
4.06813627255 6.35322163595e-13
4.08817635271 6.19591500808e-13
4.10821643287 6.05545990729e-13
4.12825651303 5.91638638935e-13
4.14829659319 5.77816145476e-13
4.16833667335 5.63634985499e-13
4.18837675351 5.49591104407e-13
4.20841683367 5.35682481426e-13
4.22845691383 5.22871464476e-13
4.24849699399 5.10479498344e-13
4.26853707415 4.98205210037e-13
4.28857715431 4.8575199395e-13
4.30861723447 4.73032878066e-13
4.32865731463 4.60432693341e-13
4.34869739479 4.48087757002e-13
4.36873747495 4.37040406009e-13
4.38877755511 4.26094963899e-13
4.40881763527 4.1525000296e-13
4.42885771543 4.05256258057e-13
4.44889779559 3.95571905596e-13
4.46893787575 3.85975267296e-13
4.48897795591 3.76384992849e-13
4.50901803607 3.66780938864e-13
4.52905811623 3.57262633221e-13
4.54909819639 3.47875747384e-13
4.56913827655 3.38933011458e-13
4.58917835671 3.30069044644e-13
4.60921843687 3.21282795065e-13
4.62925851703 3.12669769686e-13
4.64929859719 3.04157992517e-13
4.66933867735 2.95719841765e-13
4.68937875752 2.87795630978e-13
4.70941883768 2.80466588242e-13
4.72945891784 2.73200153203e-13
4.749498998 2.65922539783e-13
4.76953907816 2.5819641555e-13
4.78957915832 2.50535384909e-13
4.80961923848 2.42938618351e-13
4.82965931864 2.36107267046e-13
4.8496993988 2.29513242396e-13
4.86973947896 2.2297386234e-13
4.88977955912 2.16630601793e-13
4.90981963928 2.10502415609e-13
4.92985971944 2.04424381881e-13
4.9498997996 1.98476041368e-13
4.96993987976 1.93087418283e-13
4.98997995992 1.87742369082e-13
5.01002004008 1.82538443081e-13
5.03006012024 1.77466904955e-13
5.0501002004 1.72435875698e-13
5.07014028056 1.67707655921e-13
5.09018036072 1.63022301107e-13
5.11022044088 1.58373923427e-13
5.13026052104 1.53762081531e-13
5.1503006012 1.49186341237e-13
5.17034068136 1.44969411878e-13
5.19038076152 1.40806005438e-13
5.21042084168 1.36674813143e-13
5.23046092184 1.32575458201e-13
5.250501002 1.28507569812e-13
5.27054108216 1.24839214171e-13
5.29058116232 1.21240043805e-13
5.31062124248 1.17668191321e-13
5.33066132265 1.14123343323e-13
5.35070140281 1.10605191303e-13
5.37074148297 1.07214438893e-13
5.39078156313 1.03865600917e-13
5.41082164329 1.00541696279e-13
5.43086172345 9.72424446407e-14
5.45090180361 9.39675699438e-14
5.47094188377 9.10375325603e-14
5.49098196393 8.81999940681e-14
5.51102204409 8.53831970059e-14
5.53106212425 8.25869123929e-14
5.55110220441 7.98109146811e-14
5.57114228457 7.71718097174e-14
5.59118236473 7.45849771092e-14
5.61122244489 7.2016708514e-14
5.63126252505 6.94668028489e-14
5.65130260521 6.69350619853e-14
5.67134268537 6.46338392252e-14
5.69138276553 6.24243390394e-14
5.71142284569 6.02304158168e-14
5.73146292585 5.80519037921e-14
5.75150300601 5.58886395936e-14
5.77154308617 5.3817424993e-14
5.79158316633 5.17939540272e-14
5.81162324649 4.97844975473e-14
5.83166332665 4.77889091253e-14
5.85170340681 4.58070444067e-14
5.87174348697 4.39328238057e-14
5.89178356713 4.21204405582e-14
5.91182364729 4.03203941293e-14
5.93186372745 3.85325578787e-14
5.95190380762 3.67568069266e-14
5.97194388778 3.51666984124e-14
5.99198396794 3.36951020995e-14
6.0120240481 3.22333575678e-14
6.03206412826 3.0781365303e-14
6.05210420842 2.93390271542e-14
6.07214428858 2.79782834305e-14
6.09218436874 2.66794322693e-14
6.1122244489 2.53891324783e-14
6.13226452906 2.41072991263e-14
6.15230460922 2.28338484256e-14
6.17234468938 2.16105024884e-14
6.19238476954 2.04312691703e-14
6.2124248497 1.9259672491e-14
6.23246492986 1.80956378785e-14
6.25250501002 1.69390917472e-14
6.27254509018 1.58779974218e-14
6.29258517034 1.49132283179e-14
6.3126252505 1.39546087077e-14
6.33266533066 1.3002079458e-14
6.35270541082 1.20555822064e-14
6.37274549098 1.1175745528e-14
6.39278557114 1.03740356886e-14
6.4128256513 9.57735661508e-15
6.43286573146 8.78566066602e-15
6.45290581162 7.99890081221e-15
6.47294589178 7.30702005037e-15
6.49298597194 6.74632465667e-15
6.5130260521 6.189096504e-15
6.53306613226 5.6353031653e-15
6.55310621242 5.0849126271e-15
6.57314629259 4.60057534338e-15
6.59318637275 4.22392221043e-15
6.61322645291 3.84956591741e-15
6.63326653307 3.47748521371e-15
6.65330661323 3.10765911875e-15
6.67334669339 2.7525141961e-15
6.69338677355 2.42433005134e-15
6.71342685371 2.09811708009e-15
6.73346693387 1.77385732042e-15
6.75350701403 1.45153303517e-15
6.77354709419 1.1648022392e-15
6.79358717435 9.60823925049e-16
6.81362725451 7.58055462061e-16
6.83366733467 5.56485903491e-16
6.85370741483 3.56104440242e-16
6.87374749499 1.98199294354e-16
6.89378757515 1.63114490929e-16
6.91382765531 1.28241461478e-16
6.93386773547 9.35781163355e-17
6.95390781563 5.91223979161e-17
6.97394789579 3.13019636412e-17
6.99398797595 2.74617516994e-17
7.01402805611 2.36505635138e-17
7.03406813627 1.98679382186e-17
7.05410821643 1.61134268404e-17
7.07414829659 1.27880057507e-17
7.09418837675 1.14182805297e-17
7.11422845691 1.00622632954e-17
7.13426853707 8.71965954015e-18
7.15430861723 7.3901836109e-18
7.17434869739 6.2193661121e-18
7.19438877756 6.02213301167e-18
7.21442885772 5.83107170231e-18
7.23446893788 5.64598012318e-18
7.25450901804 5.46666309059e-18
7.2745490982 5.29331485415e-18
7.29458917836 5.12918521604e-18
7.31462925852 4.97026043651e-18
7.33466933868 4.81637067456e-18
7.35470941884 4.66735182996e-18
7.374749499 4.52304534095e-18
7.39478957916 4.38329798947e-18
7.41482965932 4.24796171358e-18
7.43486973948 4.11689342664e-18
7.45490981964 3.9899548433e-18
7.4749498998 3.86701231175e-18
7.49498997996 3.74793665212e-18
7.51503006012 3.63260300079e-18
7.53507014028 3.52089066039e-18
7.55511022044 3.41268295518e-18
7.5751503006 3.30786709178e-18
7.59519038076 3.20633402483e-18
7.61523046092 3.1079783276e-18
7.63527054108 3.01269806725e-18
7.65531062124 2.92039468449e-18
7.6753507014 2.83097287773e-18
7.69539078156 2.74434049125e-18
7.71543086172 2.66040840742e-18
7.73547094188 2.57909044281e-18
7.75551102204 2.50030324796e-18
7.7755511022 2.42396621075e-18
7.79559118236 2.35000136316e-18
7.81563126253 2.27833329145e-18
7.83567134269 2.20888904939e-18
7.85571142285 2.14159807462e-18
7.87575150301 2.07639210803e-18
7.89579158317 2.01320511584e-18
7.91583166333 1.95197321458e-18
7.93587174349 1.89263459857e-18
7.95591182365 1.83512947002e-18
7.97595190381 1.77939997159e-18
7.99599198397 1.72539012124e-18
8.01603206413 1.67304574944e-18
8.03607214429 1.62231443847e-18
8.05611222445 1.57314546395e-18
8.07615230461 1.52548973827e-18
8.09619238477 1.47929975611e-18
8.11623246493 1.43452954174e-18
8.13627254509 1.39113459823e-18
8.15631262525 1.34907185831e-18
8.17635270541 1.30829963706e-18
8.19639278557 1.26877758609e-18
8.21643286573 1.2304666494e-18
8.23647294589 1.19332902068e-18
8.25651302605 1.15732810212e-18
8.27655310621 1.1224284646e-18
8.29659318637 1.08859580926e-18
8.31663326653 1.05579693038e-18
8.33667334669 1.02399967948e-18
8.35671342685 9.93172930731e-19
8.37675350701 9.6328654742e-19
8.39679358717 9.34311349662e-19
8.41683366733 9.0621908314e-19
8.43687374749 8.78982388923e-19
8.45691382766 8.52574774298e-19
8.47695390782 8.26970584587e-19
8.49699398798 8.02144975908e-19
8.51703406814 7.7807388886e-19
8.5370741483 7.54734023079e-19
8.55711422846 7.32102812657e-19
8.57715430862 7.10158402379e-19
8.59719438878 6.88879624753e-19
8.61723446894 6.68245977808e-19
8.6372745491 6.48237603635e-19
8.65731462926 6.28835267633e-19
8.67735470942 6.10020338459e-19
8.69739478958 5.91774768625e-19
8.71743486974 5.7408107576e-19
8.7374749499 5.56922324472e-19
8.75751503006 5.40282108824e-19
8.77755511022 5.2414453538e-19
8.79759519038 5.08494206815e-19
8.81763527054 4.93316206065e-19
8.8376753507 4.78596080995e-19
8.85771543086 4.64319829571e-19
8.87775551102 4.50473885526e-19
8.89779559118 4.37045104485e-19
8.91783567134 4.2402075055e-19
8.9378757515 4.11388483327e-19
8.95791583166 3.9913634537e-19
8.97795591182 3.87252750035e-19
8.99799599198 3.7572646974e-19
9.01803607214 3.64546624591e-19
9.0380761523 3.53702671393e-19
9.05811623246 3.43184393007e-19
9.07815631263 3.32981888058e-19
9.09819639279 3.23085560977e-19
9.11823647295 3.13486112358e-19
9.13827655311 3.04174529637e-19
9.15831663327 2.95142078066e-19
9.17835671343 2.86380291979e-19
9.19839679359 2.77880966339e-19
9.21843687375 2.69636148559e-19
9.23847695391 2.61638130586e-19
9.25851703407 2.53879441237e-19
9.27855711423 2.46352838782e-19
9.29859719439 2.39051303767e-19
9.31863727455 2.31968032065e-19
9.33867735471 2.25096428148e-19
9.35871743487 2.18430098578e-19
9.37875751503 2.11962845702e-19
9.39879759519 2.05688661547e-19
9.41883767535 1.99601721921e-19
9.43887775551 1.93696380683e-19
9.45891783567 1.87967164211e-19
9.47895791583 1.82408766042e-19
9.49899799599 1.77016041675e-19
9.51903807615 1.71784003551e-19
9.53907815631 1.66707816179e-19
9.55911823647 1.6178279143e-19
9.57915831663 1.57004383968e-19
9.59919839679 1.52368186831e-19
9.61923847695 1.47869927155e-19
9.63927855711 1.43505462023e-19
9.65931863727 1.39270774457e-19
9.67935871743 1.35161969526e-19
9.6993987976 1.31175270582e-19
9.71943887776 1.27307015614e-19
9.73947895792 1.23553653715e-19
9.75951903808 1.19911741662e-19
9.77955911824 1.16377940601e-19
9.7995991984 1.12949012835e-19
9.81963927856 1.09621818721e-19
9.83967935872 1.06393313651e-19
9.85971943888 1.03260545137e-19
9.87975951904 1.00220649986e-19
9.8997995992 0.0
9.91983967936 0.0
9.93987975952 0.0
9.95991983968 0.0
9.97995991984 0.0
10.0 0.0
