0.0 0.0
0.0200400801603 0.0
0.0400801603206 0.0
0.060120240481 6.55579671145e-11
0.0801603206413 5.0192367495e-11
0.100200400802 4.75649297102e-11
0.120240480962 4.74125016559e-11
0.140280561122 4.07573655194e-11
0.160320641283 3.23381130812e-11
0.180360721443 2.8074464531e-11
0.200400801603 2.52466377668e-11
0.220440881764 1.3334843933e-10
0.240480961924 1.31868293346e-10
0.260521042084 2.1126422167e-11
0.280561122244 2.02192694686e-11
0.300601202405 1.93934105102e-11
0.320641282565 1.87016933369e-11
0.340681362725 1.81433142737e-11
0.360721442886 1.75503202872e-11
0.380761523046 1.70040579538e-11
0.400801603206 1.64815960996e-11
0.420841683367 1.60144132523e-11
0.440881763527 1.55949178225e-11
0.460921843687 1.51938947674e-11
0.480961923848 1.48204180791e-11
0.501002004008 1.44635960854e-11
0.521042084168 1.41418571123e-11
0.541082164329 1.3844086976e-11
0.561122244489 1.35650738875e-11
0.581162324649 1.33074405968e-11
0.60120240481 1.3073991916e-11
0.62124248497 1.28499368912e-11
0.64128256513 1.26366500233e-11
0.661322645291 1.24469347444e-11
0.681362725451 1.22607357009e-11
0.701402805611 1.20525907601e-11
0.721442885772 1.18559932736e-11
0.741482965932 1.16680125553e-11
0.761523046092 1.1478712547e-11
0.781563126253 1.13007570382e-11
0.801603206413 1.11405261929e-11
0.821643286573 1.09569397396e-11
0.841683366733 1.07599142266e-11
0.861723446894 1.0578949941e-11
0.881763527054 1.03881550134e-11
0.901803607214 1.01573211164e-11
0.921843687375 9.93831841061e-12
0.941883767535 9.72947582289e-12
0.961923847695 9.50302123759e-12
0.981963927856 9.28527055686e-12
1.00200400802 9.08124568784e-12
1.02204408818 8.89816264739e-12
1.04208416834 8.72995289226e-12
1.0621242485 8.57354469394e-12
1.08216432866 8.41771209559e-12
1.10220440882 8.25988681862e-12
1.12224448898 8.10504514799e-12
1.14228456914 7.95830045123e-12
1.1623246493 7.78791608338e-12
1.18236472946 7.62426102624e-12
1.20240480962 7.47390804457e-12
1.22244488978 7.32631482785e-12
1.24248496994 7.18212229592e-12
1.2625250501 7.0426740954e-12
1.28256513026 6.90872175256e-12
1.30260521042 6.78253673346e-12
1.32264529058 6.66134133884e-12
1.34268537074 6.54451316404e-12
1.3627254509 6.44076844265e-12
1.38276553106 6.34133174968e-12
1.40280561122 6.24612116614e-12
1.42284569138 6.14608294923e-12
1.44288577154 6.04450855892e-12
1.4629258517 5.94738831099e-12
1.48296593186 5.85378191724e-12
1.50300601202 5.76506631608e-12
1.52304609218 5.67958557362e-12
1.54308617234 5.5984938892e-12
1.56312625251 5.50791367909e-12
1.58316633267 5.41978696483e-12
1.60320641283 5.33540451852e-12
1.62324649299 5.25333478035e-12
1.64328657315 5.17342256885e-12
1.66332665331 5.09623795477e-12
1.68336673347 5.02317894906e-12
1.70340681363 4.95802876159e-12
1.72344689379 4.89522297502e-12
1.74348697395 4.83421146994e-12
1.76352705411 4.74773256211e-12
1.78356713427 4.66247768664e-12
1.80360721443 4.57933789224e-12
1.82364729459 4.50664464935e-12
1.84368737475 4.44038335119e-12
1.86372745491 4.37697297137e-12
1.88376753507 4.32242486849e-12
1.90380761523 4.28536188047e-12
1.92384769539 4.249487115e-12
1.94388777555 4.21457511661e-12
1.96392785571 4.15208190165e-12
1.98396793587 4.09043788112e-12
2.00400801603 4.02786699966e-12
2.02404809619 3.97287960519e-12
2.04408817635 3.91700642535e-12
2.06412825651 3.86296935859e-12
2.08416833667 3.81023671425e-12
2.10420841683 3.75894004849e-12
2.12424849699 3.70911333074e-12
2.14428857715 3.66043602099e-12
2.16432865731 3.61081019765e-12
2.18436873747 3.56207023028e-12
2.20440881764 3.51428334908e-12
2.2244488978 3.4618481414e-12
2.24448897796 3.40762469421e-12
2.26452905812 3.35521825798e-12
2.28456913828 3.30292566222e-12
2.30460921844 3.2495205378e-12
2.3246492986 3.19738385588e-12
2.34468937876 3.14626843446e-12
2.36472945892 3.10571071149e-12
2.38476953908 3.06594614579e-12
2.40480961924 3.0269502839e-12
2.4248496994 2.98768739852e-12
2.44488977956 2.94867110801e-12
2.46492985972 2.91038019362e-12
2.48496993988 2.86811730036e-12
2.50501002004 2.81764400196e-12
2.5250501002 2.76805009036e-12
2.54509018036 2.71951815943e-12
2.56513026052 2.69024529376e-12
2.58517034068 2.66149343307e-12
2.60521042084 2.63324778398e-12
2.625250501 2.59565457946e-12
2.64529058116 2.55411696461e-12
2.66533066132 2.51325901991e-12
2.68537074148 2.47337135838e-12
2.70541082164 2.43468934296e-12
2.7254509018 2.39662359183e-12
2.74549098196 2.35927248181e-12
2.76553106212 2.32768867553e-12
2.78557114228 2.29660016157e-12
2.80561122244 2.2659946526e-12
2.82565130261 2.224250441e-12
2.84569138277 2.17798515885e-12
2.86573146293 2.13240055864e-12
2.88577154309 2.09340848411e-12
2.90581162325 2.06537908501e-12
2.92585170341 2.03776262246e-12
2.94589178357 2.01030578101e-12
2.96593186373 1.97584535661e-12
2.98597194389 1.94187255071e-12
3.00601202405 1.90837659181e-12
3.02605210421 1.87483293762e-12
3.04609218437 1.84153529918e-12
3.06613226453 1.80869358019e-12
3.08617234469 1.77697671948e-12
3.10621242485 1.74682667841e-12
3.12625250501 1.7170810526e-12
3.14629258517 1.68784429961e-12
3.16633266533 1.66155253736e-12
3.18637274549 1.63560696778e-12
3.20641282565 1.61000047561e-12
3.22645290581 1.57974556386e-12
3.24649298597 1.54787657583e-12
3.26653306613 1.51641143244e-12
3.28657314629 1.48419496674e-12
3.30661322645 1.45053766533e-12
3.32665330661 1.41729700051e-12
3.34669338677 1.38486016323e-12
3.36673346693 1.35993072865e-12
3.38677354709 1.33530596272e-12
3.40681362725 1.31098010381e-12
3.42685370741 1.28570603868e-12
3.44689378758 1.26026006638e-12
3.46693386774 1.23511627077e-12
3.4869739479 1.21068266648e-12
3.50701402806 1.18717183095e-12
3.52705410822 1.16393512373e-12
3.54709418838 1.14079344076e-12
3.56713426854 1.11532791806e-12
3.5871743487 1.09015298981e-12
3.60721442886 1.06526357346e-12
3.62725450902 1.04182407044e-12
3.64729458918 1.01907148735e-12
3.66733466934 9.96572609016e-13
3.6873747495 9.75055393339e-13
3.70741482966 9.54854786112e-13
3.72745490982 9.34875783602e-13
3.74749498998 9.15173409419e-13
3.76753507014 8.96426589837e-13
3.7875751503 8.77881981984e-13
3.80761523046 8.59536243553e-13
3.82765531062 8.38952972405e-13
3.84769539078 8.17750782528e-13
3.86773547094 7.96771508804e-13
3.8877755511 7.77191366083e-13
3.90781563126 7.59481583841e-13
3.92785571142 7.41955310573e-13
3.94789579158 7.24731877031e-13
3.96793587174 7.09022484995e-13
3.9879759519 6.93473420829e-13
4.00801603206 6.78082185547e-13
4.02805611222 6.61395687214e-13
4.04809619238 6.44404227861e-13
4.06813627255 6.27582221901e-13
4.08817635271 6.12042952659e-13
4.10821643287 5.98168287948e-13
4.12825651303 5.84430121738e-13
4.14829659319 5.70775803693e-13
4.16833667335 5.56767223431e-13
4.18837675351 5.42894269531e-13
4.20841683367 5.29154944847e-13
4.22845691383 5.16499845703e-13
4.24849699399 5.04258701383e-13
4.26853707415 4.92133817858e-13
4.28857715431 4.7983221029e-13
4.30861723447 4.67267967763e-13
4.32865731463 4.54821221543e-13
4.34869739479 4.42626623641e-13
4.36873747495 4.31713783187e-13
4.38877755511 4.20901622508e-13
4.40881763527 4.10188730664e-13
4.42885771543 4.00316675336e-13
4.44889779559 3.90750248094e-13
4.46893787575 3.81270476803e-13
4.48897795591 3.717970039e-13
4.50901803607 3.62309931414e-13
4.52905811623 3.52907571483e-13
4.54909819639 3.43635037445e-13
4.56913827655 3.34801240527e-13
4.58917835671 3.26045260794e-13
4.60921843687 3.17366058796e-13
4.62925851703 3.08857974968e-13
4.64929859719 3.00449911762e-13
4.66933867735 2.92114584283e-13
4.68937875752 2.84286929562e-13
4.70941883768 2.77047183598e-13
4.72945891784 2.69869288208e-13
4.749498998 2.62680357926e-13
4.76953907816 2.55048399753e-13
4.78957915832 2.47480746803e-13
4.80961923848 2.39976579426e-13
4.82965931864 2.33228487669e-13
4.8496993988 2.26714830538e-13
4.86973947896 2.20255156237e-13
4.88977955912 2.13989212096e-13
4.90981963928 2.07935721327e-13
4.92985971944 2.01931775466e-13
4.9498997996 1.9605594391e-13
4.96993987976 1.90733000256e-13
4.98997995992 1.85453102711e-13
5.01002004008 1.80312609382e-13
5.03006012024 1.75302891437e-13
5.0501002004 1.70333191517e-13
5.07014028056 1.65662607509e-13
5.09018036072 1.61034368566e-13
5.11022044088 1.56442658603e-13
5.13026052104 1.51887041528e-13
5.1503006012 1.47367088331e-13
5.17034068136 1.4320156811e-13
5.19038076152 1.39088920146e-13
5.21042084168 1.35008095725e-13
5.23046092184 1.30958722545e-13
5.250501002 1.26940434229e-13
5.27054108216 1.23316803005e-13
5.29058116232 1.19761514658e-13
5.31062124248 1.16233212883e-13
5.33066132265 1.12731588022e-13
5.35070140281 1.09256335248e-13
5.37074148297 1.05906928591e-13
5.39078156313 1.02598926514e-13
5.41082164329 9.93155551766e-14
5.43086172345 9.60565375935e-14
5.45090180361 9.28216010074e-14
5.47094188377 8.99272931319e-14
5.49098196393 8.71243563629e-14
5.51102204409 8.4341909287e-14
5.53106212425 8.1579725661e-14
5.55110220441 7.88375826351e-14
5.57114228457 7.62306623348e-14
5.59118236473 7.36753774693e-14
5.61122244489 7.11384312001e-14
5.63126252505 6.8619624852e-14
5.65130260521 6.61187626701e-14
5.67134268537 6.38456052534e-14
5.69138276553 6.16630516153e-14
5.71142284569 5.94958857807e-14
5.73146292585 5.73439439693e-14
5.75150300601 5.5207064767e-14
5.77154308617 5.31611122269e-14
5.79158316633 5.11623212909e-14
5.81162324649 4.91773745807e-14
5.83166332665 4.72061274246e-14
5.85170340681 4.52484371998e-14
5.87174348697 4.33970776094e-14
5.89178356713 4.16068011221e-14
5.91182364729 3.98287115323e-14
5.93186372745 3.80626837196e-14
5.95190380762 3.63085943042e-14
5.97194388778 3.4737881436e-14
5.99198396794 3.32842344548e-14
6.0120240481 3.18403195579e-14
6.03206412826 3.04060384247e-14
6.05210420842 2.8981294082e-14
6.07214428858 2.76371485002e-14
6.09218436874 2.63541403392e-14
6.1122244489 2.50795796311e-14
6.13226452906 2.38133824637e-14
6.15230460922 2.25554660554e-14
6.17234468938 2.13470431187e-14
6.19238476954 2.01821946521e-14
6.2124248497 1.9024889994e-14
6.23246492986 1.78750554683e-14
6.25250501002 1.67326183736e-14
6.27254509018 1.56844680845e-14
6.29258517034 1.47314673422e-14
6.3126252505 1.37845413545e-14
6.33266533066 1.2843631698e-14
6.35270541082 1.19086807114e-14
6.37274549098 1.10395767516e-14
6.39278557114 1.02476460847e-14
6.4128256513 9.46068504872e-15
6.43286573146 8.6786465737e-15
6.45290581162 7.90148419489e-15
6.47294589178 7.21804280001e-15
6.49298597194 6.66418540083e-15
6.5130260521 6.11375315256e-15
6.53306613226 5.5667140156e-15
6.55310621242 5.02303635923e-15
6.57314629259 4.54460574235e-15
6.59318637275 4.17254479169e-15
6.61322645291 3.80275284304e-15
6.63326653307 3.43520889819e-15
6.65330661323 3.06989222592e-15
6.67334669339 2.71907767013e-15
6.69338677355 2.39489491149e-15
6.71342685371 2.0726594321e-15
6.73346693387 1.75235348343e-15
6.75350701403 1.43395953922e-15
6.77354709419 1.15072468681e-15
6.79358717435 9.49232162344e-16
6.81362725451 7.48934863557e-16
6.83366733467 5.49821972414e-16
6.85370741483 3.51882807027e-16
6.87374749499 1.95901508779e-16
6.89378757515 1.61241202362e-16
6.91382765531 1.26790208534e-16
6.93386773547 9.25464589809e-17
6.95390781563 5.8507917218e-17
6.97394789579 3.10237635452e-17
6.99398797595 2.72271737255e-17
7.01402805611 2.34593583318e-17
7.03406813627 1.97198586301e-17
7.05410821643 1.6008227755e-17
7.07414829659 1.27205434374e-17
7.09418837675 1.13647703225e-17
7.11422845691 1.00226265671e-17
7.13426853707 8.69381832668e-18
7.15430861723 7.37806060374e-18
7.17434869739 6.21910453846e-18
7.19438877756 6.02192433292e-18
7.21442885772 5.83091561785e-18
7.23446893788 5.64587633514e-18
7.25450901804 5.46661130382e-18
7.2745490982 5.29331010269e-18
7.29458917836 5.12918063717e-18
7.31462925852 4.97025602379e-18
7.33466933868 4.81636642181e-18
7.35470941884 4.66734773121e-18
7.374749499 4.52304139048e-18
7.39478957916 4.38329418179e-18
7.41482965932 4.24795804338e-18
7.43486973948 4.11688988883e-18
7.45490981964 3.98995143299e-18
7.4749498998 3.86700902422e-18
7.49498997996 3.74793348283e-18
7.51503006012 3.63259994539e-18
7.53507014028 3.52088771469e-18
7.55511022044 3.41268011514e-18
7.5751503006 3.30786435351e-18
7.59519038076 3.2063313846e-18
7.61523046092 3.10797578182e-18
7.63527054108 3.01269561244e-18
7.65531062124 2.92039231734e-18
7.6753507014 2.83097059503e-18
7.69539078156 2.74433828991e-18
7.71543086172 2.66040628448e-18
7.73547094188 2.57908839541e-18
7.75551102204 2.50030127335e-18
7.7755511022 2.42396430628e-18
7.79559118236 2.34999952629e-18
7.81563126253 2.27833151972e-18
7.83567134269 2.20888734043e-18
7.85571142285 2.14159642617e-18
7.87575150301 2.07639051789e-18
7.89579158317 2.01320358191e-18
7.91583166333 1.95197173483e-18
7.93587174349 1.89263317103e-18
7.95591182365 1.83512809282e-18
7.97595190381 1.77939864291e-18
7.99599198397 1.72538883935e-18
8.01603206413 1.67304451264e-18
8.03607214429 1.62231324515e-18
8.05611222445 1.57314431255e-18
8.07615230461 1.52548862728e-18
8.09619238477 1.47929868409e-18
8.11623246493 1.43452850729e-18
8.13627254509 1.3911336e-18
8.15631262525 1.34907089502e-18
8.17635270541 1.30829870746e-18
8.19639278557 1.26877668898e-18
8.21643286573 1.23046578361e-18
8.23647294589 1.1933281851e-18
8.25651302605 1.15732729568e-18
8.27655310621 1.12242768626e-18
8.29659318637 1.08859505803e-18
8.31663326653 1.05579620528e-18
8.33667334669 1.02399897961e-18
8.35671342685 9.93172255175e-19
8.37675350701 9.63285895324e-19
8.39679358717 9.34310720196e-19
8.41683366733 9.06218475505e-19
8.43687374749 8.78981802347e-19
8.45691382766 8.52574208038e-19
8.47695390782 8.26970037927e-19
8.49699398798 8.02144448157e-19
8.51703406814 7.78073379352e-19
8.5370741483 7.54733531172e-19
8.55711422846 7.32102337733e-19
8.57715430862 7.10157943841e-19
8.59719438878 6.88879182025e-19
8.61723446894 6.68245550337e-19
8.6372745491 6.48237190885e-19
8.65731462926 6.28834869089e-19
8.67735470942 6.10019953622e-19
8.69739478958 5.91774397018e-19
8.71743486974 5.74080716919e-19
8.7374749499 5.56921977952e-19
8.75751503006 5.40281774194e-19
8.77755511022 5.24144212225e-19
8.79759519038 5.08493894736e-19
8.81763527054 4.93315904676e-19
8.8376753507 4.78595789924e-19
8.85771543086 4.64319548459e-19
8.87775551102 4.50473614027e-19
8.89779559118 4.37044842264e-19
8.91783567134 4.24020497286e-19
8.9378757515 4.11388238709e-19
8.95791583166 3.99136109097e-19
8.97795591182 3.8725252182e-19
8.99799599198 3.75726249302e-19
9.01803607214 3.64546411662e-19
9.0380761523 3.53702465713e-19
9.05811623246 3.43184194326e-19
9.07815631263 3.32981696134e-19
9.09819639279 3.23085375576e-19
9.11823647295 3.13485933255e-19
9.13827655311 3.04174356616e-19
9.15831663327 2.95141910917e-19
9.17835671343 2.86380130499e-19
9.19839679359 2.77880810334e-19
9.21843687375 2.6963599784e-19
9.23847695391 2.61637984972e-19
9.25851703407 2.53879300551e-19
9.27855711423 2.46352702856e-19
9.29859719439 2.39051172438e-19
9.31863727455 2.31967905175e-19
9.33867735471 2.25096305545e-19
9.35871743487 2.18429980115e-19
9.37875751503 2.11962731236e-19
9.39879759519 2.05688550944e-19
9.41883767535 1.99601615046e-19
9.43887775551 1.9369627741e-19
9.45891783567 1.87967064417e-19
9.47895791583 1.82408669608e-19
9.49899799599 1.77015948487e-19
9.51903807615 1.71783913497e-19
9.53907815631 1.66707729154e-19
9.55911823647 1.61782707329e-19
9.57915831663 1.57004302692e-19
9.59919839679 1.52368108285e-19
9.61923847695 1.47869851244e-19
9.63927855711 1.43505388659e-19
9.65931863727 1.39270703553e-19
9.67935871743 1.35161900998e-19
9.6993987976 1.3117520435e-19
9.71943887776 1.273069516e-19
9.73947895792 1.23553591844e-19
9.75951903808 1.19911681861e-19
9.77955911824 1.163778828e-19
9.7995991984 1.12948956967e-19
9.81963927856 1.09621764719e-19
9.83967935872 1.06393261453e-19
9.85971943888 1.03260494681e-19
9.87975951904 1.00220601215e-19
9.8997995992 0.0
9.91983967936 0.0
9.93987975952 0.0
9.95991983968 0.0
9.97995991984 0.0
10.0 0.0
