0.0 0.0
0.0200400801603 0.0
0.0400801603206 0.0
0.060120240481 0.0
0.0801603206413 0.0
0.100200400802 0.0
0.120240480962 0.0
0.140280561122 0.0
0.160320641283 0.0
0.180360721443 0.0
0.200400801603 1.81103686692e-10
0.220440881764 1.15432945365e-09
0.240480961924 8.7830085159e-10
0.260521042084 2.48659824551e-11
0.280561122244 2.56134438387e-11
0.300601202405 2.63702621437e-11
0.320641282565 2.75542849838e-11
0.340681362725 2.9224220574e-11
0.360721442886 3.01644502423e-11
0.380761523046 3.09644104389e-11
0.400801603206 3.16959560145e-11
0.420841683367 3.23895336042e-11
0.440881763527 3.30446800433e-11
0.460921843687 3.36499332553e-11
0.480961923848 3.41882432547e-11
0.501002004008 3.46204847946e-11
0.521042084168 3.5025400854e-11
0.541082164329 3.54006013808e-11
0.561122244489 3.57400801056e-11
0.581162324649 3.60589166384e-11
0.60120240481 3.63585120565e-11
0.62124248497 3.6617364888e-11
0.64128256513 3.68464156715e-11
0.661322645291 3.70649819135e-11
0.681362725451 3.7223869162e-11
0.701402805611 3.72255274076e-11
0.721442885772 3.72299276687e-11
0.741482965932 3.72340431795e-11
0.761523046092 3.71890822969e-11
0.781563126253 3.7144167679e-11
0.801603206413 3.71054403812e-11
0.821643286573 3.69238552562e-11
0.841683366733 3.66519668134e-11
0.861723446894 3.63941617677e-11
0.881763527054 3.60700902408e-11
0.901803607214 3.55428720442e-11
0.921843687375 3.50406693562e-11
0.941883767535 3.45607540707e-11
0.961923847695 3.39840714743e-11
0.981963927856 3.34237039468e-11
1.00200400802 3.2889052809e-11
1.02204408818 3.24309390665e-11
1.04208416834 3.20265249882e-11
1.0621242485 3.16373281393e-11
1.08216432866 3.12478169416e-11
1.10220440882 3.08389449373e-11
1.12224448898 3.04455160908e-11
1.14228456914 3.00703308335e-11
1.1623246493 2.95796702553e-11
1.18236472946 2.90981083149e-11
1.20240480962 2.86332646705e-11
1.22244488978 2.81746705149e-11
1.24248496994 2.77254019911e-11
1.2625250501 2.72907827217e-11
1.28256513026 2.68761958869e-11
1.30260521042 2.64910589119e-11
1.32264529058 2.61180228916e-11
1.34268537074 2.57564498239e-11
1.3627254509 2.54488332851e-11
1.38276553106 2.51527235577e-11
1.40280561122 2.48647479225e-11
1.42284569138 2.45529507349e-11
1.44288577154 2.4230771911e-11
1.4629258517 2.39175452132e-11
1.48296593186 2.36170943334e-11
1.50300601202 2.33355118739e-11
1.52304609218 2.30615464115e-11
1.54308617234 2.27967220368e-11
1.56312625251 2.24872640013e-11
1.58316633267 2.2183668446e-11
1.60320641283 2.18878544369e-11
1.62324649299 2.16004957198e-11
1.64328657315 2.13208709383e-11
1.66332665331 2.10479119387e-11
1.68336673347 2.07929909971e-11
1.70340681363 2.05716551753e-11
1.72344689379 2.03555776972e-11
1.74348697395 2.01444302432e-11
1.76352705411 1.9819065794e-11
1.78356713427 1.94974557145e-11
1.80360721443 1.9183126914e-11
1.82364729459 1.89140018062e-11
1.84368737475 1.86720823733e-11
1.86372745491 1.84354530884e-11
1.88376753507 1.82367996164e-11
1.90380761523 1.81147967807e-11
1.92384769539 1.79953861514e-11
1.94388777555 1.78784855627e-11
1.96392785571 1.76386591063e-11
1.98396793587 1.74012140822e-11
2.00400801603 1.71660999754e-11
2.02404809619 1.69459582011e-11
2.04408817635 1.6730254005e-11
2.06412825651 1.65188125935e-11
2.08416833667 1.63123792423e-11
2.10420841683 1.6111776643e-11
2.12424849699 1.59150232306e-11
2.14428857715 1.57220088223e-11
2.16432865731 1.55243673804e-11
2.18436873747 1.53303298445e-11
2.20440881764 1.51398751484e-11
2.2244488978 1.49284586064e-11
2.24448897796 1.47084155844e-11
2.26452905812 1.4492320323e-11
2.28456913828 1.42763419752e-11
2.30460921844 1.4056690813e-11
2.3246492986 1.38408748686e-11
2.34468937876 1.36288225906e-11
2.36472945892 1.34627603609e-11
2.38476953908 1.32995263764e-11
2.40480961924 1.31390487301e-11
2.4248496994 1.29767807078e-11
2.44488977956 1.28150269358e-11
2.46492985972 1.26559356659e-11
2.48496993988 1.24787628491e-11
2.50501002004 1.2264796312e-11
2.5250501002 1.20542607891e-11
2.54509018036 1.18479876294e-11
2.56513026052 1.17264561589e-11
2.58517034068 1.16068319607e-11
2.60521042084 1.14890703287e-11
2.625250501 1.13296289906e-11
2.64529058116 1.1152417293e-11
2.66533066132 1.09778956115e-11
2.68537074148 1.08073648252e-11
2.70541082164 1.06418805154e-11
2.7254509018 1.04788519442e-11
2.74549098196 1.03187277306e-11
2.76553106212 1.01838517759e-11
2.78557114228 1.00509345213e-11
2.80561122244 9.91993347166e-12
2.82565130261 9.73950157226e-12
2.84569138277 9.53889797476e-12
2.86573146293 9.34112063466e-12
2.88577154309 9.17230164615e-12
2.90581162325 9.05175721524e-12
2.92585170341 8.93287792935e-12
2.94589178357 8.81455264147e-12
2.96593186373 8.6651406841e-12
2.98597194389 8.51774876603e-12
3.00601202405 8.37233608087e-12
3.02605210421 8.22659172306e-12
3.04609218437 8.08181949617e-12
3.06613226453 7.93895251147e-12
3.08617234469 7.80095124831e-12
3.10621242485 7.6697729567e-12
3.12625250501 7.5402875572e-12
3.14629258517 7.41296112994e-12
3.16633266533 7.29855846827e-12
3.18637274549 7.18560429142e-12
3.20641282565 7.07407118852e-12
3.22645290581 6.941934609e-12
3.24649298597 6.80260118042e-12
3.26653306613 6.66498705848e-12
3.28657314629 6.52399372746e-12
3.30661322645 6.37657941887e-12
3.32665330661 6.23095054657e-12
3.34669338677 6.08881970502e-12
3.36673346693 5.97979274109e-12
3.38677354709 5.8720631537e-12
3.40681362725 5.76560786553e-12
3.42685370741 5.65492211557e-12
3.44689378758 5.54343626254e-12
3.46693386774 5.43324581967e-12
3.4869739479 5.32615430893e-12
3.50701402806 5.22310207717e-12
3.52705410822 5.12122669163e-12
3.54709418838 5.01973899008e-12
3.56713426854 4.90796067291e-12
3.5871743487 4.79743698542e-12
3.60721442886 4.68814687609e-12
3.62725450902 4.58523253881e-12
3.64729458918 4.48532639045e-12
3.66733466934 4.38651693848e-12
3.6873747495 4.29201913239e-12
3.70741482966 4.20331261447e-12
3.72745490982 4.1155640918e-12
3.74749498998 4.0290174586e-12
3.76753507014 3.94667080865e-12
3.7875751503 3.86519925357e-12
3.80761523046 3.7845888879e-12
3.82765531062 3.69408529313e-12
3.84769539078 3.60083476384e-12
3.86773547094 3.50855425124e-12
3.8877755511 3.42243649652e-12
3.90781563126 3.34456202436e-12
3.92785571142 3.26748524078e-12
3.94789579158 3.19173347096e-12
3.96793587174 3.12265349429e-12
3.9879759519 3.05427042525e-12
4.00801603206 2.98657374946e-12
4.02805611222 2.91315025011e-12
4.04809619238 2.83837159397e-12
4.06813627255 2.76433222895e-12
4.08817635271 2.69594625068e-12
4.10821643287 2.63489931577e-12
4.12825651303 2.57444715608e-12
4.14829659319 2.51435776272e-12
4.16833667335 2.45269789307e-12
4.18837675351 2.39163004233e-12
4.20841683367 2.33114570909e-12
4.22845691383 2.27544051245e-12
4.24849699399 2.22155649474e-12
4.26853707415 2.16818008575e-12
4.28857715431 2.11401853651e-12
4.30861723447 2.05869299031e-12
4.32865731463 2.00388130259e-12
4.34869739479 1.95017792845e-12
4.36873747495 1.90212679167e-12
4.38877755511 1.85451583139e-12
4.40881763527 1.80733901582e-12
4.42885771543 1.763869027e-12
4.44889779559 1.72174413148e-12
4.46893787575 1.67999817938e-12
4.48897795591 1.6382767285e-12
4.50901803607 1.59649213629e-12
4.52905811623 1.55507838795e-12
4.54909819639 1.51423469561e-12
4.56913827655 1.47532431565e-12
4.58917835671 1.43675472337e-12
4.60921843687 1.39852145339e-12
4.62925851703 1.36104090629e-12
4.64929859719 1.32399946106e-12
4.66933867735 1.28727682502e-12
4.68937875752 1.25279225095e-12
4.70941883768 1.22089982942e-12
4.72945891784 1.18927841267e-12
4.749498998 1.15760649003e-12
4.76953907816 1.12397804485e-12
4.78957915832 1.09063172303e-12
4.80961923848 1.05756398332e-12
4.82965931864 1.02783078942e-12
4.8496993988 9.99130544466e-13
4.86973947896 9.70667108385e-13
4.88977955912 9.43057134956e-13
4.90981963928 9.16383282385e-13
4.92985971944 8.89926822946e-13
4.9498997996 8.64034467782e-13
4.96993987976 8.40580393e-13
4.98997995992 8.17315165598e-13
5.01002004008 7.94663967857e-13
5.03006012024 7.72588768549e-13
5.0501002004 7.50689187468e-13
5.07014028056 7.30108390468e-13
5.09018036072 7.09713548739e-13
5.11022044088 6.89479041316e-13
5.13026052104 6.6940298174e-13
5.1503006012 6.49483513083e-13
5.17034068136 6.31127018304e-13
5.19038076152 6.13003085487e-13
5.21042084168 5.95018882751e-13
5.23046092184 5.7717279771e-13
5.250501002 5.59463242743e-13
5.27054108216 5.43494214219e-13
5.29058116232 5.27826122865e-13
5.31062124248 5.12276541926e-13
5.33066132265 4.96844129644e-13
5.35070140281 4.81527564481e-13
5.37074148297 4.66765706412e-13
5.39078156313 4.5218605128e-13
5.41082164329 4.37714619928e-13
5.43086172345 4.23350209869e-13
5.45090180361 4.090916364e-13
5.47094188377 3.96335360082e-13
5.49098196393 3.83981789504e-13
5.51102204409 3.71718248121e-13
5.53106212425 3.59543753733e-13
5.55110220441 3.47457338407e-13
5.57114228457 3.35967128417e-13
5.59118236473 3.24704397467e-13
5.61122244489 3.13522273372e-13
5.63126252505 3.02419892482e-13
5.65130260521 2.9139640347e-13
5.67134268537 2.81377131365e-13
5.69138276553 2.71757287074e-13
5.71142284569 2.62205081193e-13
5.73146292585 2.52719801699e-13
5.75150300601 2.4330074655e-13
5.77154308617 2.34282576332e-13
5.79158316633 2.25472240841e-13
5.81162324649 2.16722778926e-13
5.83166332665 2.08033560867e-13
5.85170340681 1.99403965617e-13
5.87174348697 1.91243235813e-13
5.89178356713 1.83351783219e-13
5.91182364729 1.75513927729e-13
5.93186372745 1.67729124307e-13
5.95190380762 1.59996835298e-13
5.97194388778 1.5307328554e-13
5.99198396794 1.4666597585e-13
6.0120240481 1.40301458068e-13
6.03206412826 1.33979304232e-13
6.05210420842 1.27699092078e-13
6.07214428858 1.21774277784e-13
6.09218436874 1.16119020459e-13
6.1122244489 1.10500911313e-13
6.13226452906 1.04919584916e-13
6.15230460922 9.93746806273e-14
6.17234468938 9.40479870426e-14
6.19238476954 8.89133986244e-14
6.2124248497 8.38119919845e-14
6.23246492986 7.87434459914e-14
6.25250501002 7.37074436543e-14
6.27254509018 6.90872409797e-14
6.29258517034 6.48866432049e-14
6.3126252505 6.07127605329e-14
6.33266533066 5.65653384858e-14
6.35270541082 5.2444125816e-14
6.37274549098 4.86132776516e-14
6.39278557114 4.51227516218e-14
6.4128256513 4.16540777677e-14
6.43286573146 3.82070511628e-14
6.45290581162 3.47814694417e-14
6.47294589178 3.17692014665e-14
6.49298597194 2.9328426174e-14
6.5130260521 2.69026980783e-14
6.53306613226 2.4491878168e-14
6.55310621242 2.20958291447e-14
6.57314629259 1.99875068178e-14
6.59318637275 1.83482868507e-14
6.61322645291 1.6719021593e-14
6.63326653307 1.50996204024e-14
6.65330661323 1.34899937386e-14
6.67334669339 1.19442823907e-14
6.69338677355 1.05159862777e-14
6.71342685371 9.09623421871e-15
6.73346693387 7.68494957376e-15
6.75350701403 6.28205662101e-15
6.77354709419 5.03419340459e-15
6.79358717435 4.14681552694e-15
6.81362725451 3.26466998354e-15
6.83366733467 2.3877104666e-15
6.85370741483 1.51589121676e-15
6.87374749499 8.29090149492e-16
6.89378757515 6.7733392717e-16
6.91382765531 5.26464988497e-16
6.93386773547 3.76475445401e-16
6.95390781563 2.27357505937e-16
6.97394789579 1.0711477035e-16
6.99398797595 9.13122243528e-17
7.01402805611 7.56058827732e-17
7.03406813627 5.99947634336e-17
7.05410821643 4.44778996668e-17
7.07414829659 3.08031040588e-17
7.09418837675 2.5621947035e-17
7.11422845691 2.04750067283e-17
7.13426853707 1.53618580533e-17
7.15430861723 1.02820844123e-17
7.17434869739 5.87048381329e-18
7.19438877756 5.67801345147e-18
7.21442885772 5.49090885122e-18
7.23446893788 5.30900826928e-18
7.25450901804 5.13215494423e-18
7.2745490982 4.96186458133e-18
7.29458917836 4.81294092968e-18
7.31462925852 4.66852233469e-18
7.33466933868 4.52847127624e-18
7.35470941884 4.3926544762e-18
7.374749499 4.26094276601e-18
7.39478957916 4.1332109584e-18
7.41482965932 4.00933772321e-18
7.43486973948 3.8892054671e-18
7.45490981964 3.77270021716e-18
7.4749498998 3.65971150803e-18
7.49498997996 3.55013227277e-18
7.51503006012 3.44385873701e-18
7.53507014028 3.34079031657e-18
7.55511022044 3.24082951825e-18
7.5751503006 3.14388184371e-18
7.59519038076 3.04985569645e-18
7.61523046092 2.95866229169e-18
7.63527054108 2.87021556907e-18
7.65531062124 2.78443210809e-18
7.6753507014 2.70123104627e-18
7.69539078156 2.62053399982e-18
7.71543086172 2.54226498679e-18
7.73547094188 2.46635035271e-18
7.75551102204 2.39271869848e-18
7.7755511022 2.32130081056e-18
7.79559118236 2.25202959336e-18
7.81563126253 2.18484000373e-18
7.83567134269 2.11966898749e-18
7.85571142285 2.05645541798e-18
7.87575150301 1.99514003647e-18
7.89579158317 1.93566539456e-18
7.91583166333 1.8779757982e-18
7.93587174349 1.82201725362e-18
7.95591182365 1.76773741487e-18
7.97595190381 1.71508553301e-18
7.99599198397 1.66401240688e-18
8.01603206413 1.61447033541e-18
8.03607214429 1.56641307146e-18
8.05611222445 1.51979577699e-18
8.07615230461 1.47457497975e-18
8.09619238477 1.43070853125e-18
8.11623246493 1.38815556603e-18
8.13627254509 1.34687646223e-18
8.15631262525 1.30683280339e-18
8.17635270541 1.26798734138e-18
8.19639278557 1.23030396056e-18
8.21643286573 1.19374764302e-18
8.23647294589 1.15828443484e-18
8.25651302605 1.12388141351e-18
8.27655310621 1.09050665627e-18
8.29659318637 1.05812920948e-18
8.31663326653 1.0267190589e-18
8.33667334669 9.96247100934e-19
8.35671342685 9.66685114733e-19
8.37675350701 9.38005735171e-19
8.39679358717 9.10182426662e-19
8.41683366733 8.83189457781e-19
8.43687374749 8.57001876669e-19
8.45691382766 8.31595487203e-19
8.47695390782 8.06946825896e-19
8.49699398798 7.83033139519e-19
8.51703406814 7.59832363401e-19
8.5370741483 7.37323100415e-19
8.55711422846 7.15484600593e-19
8.57715430862 6.94296741389e-19
8.59719438878 6.73740008535e-19
8.61723446894 6.53795477495e-19
8.6372745491 6.34444795487e-19
8.65731462926 6.15670164062e-19
8.67735470942 5.97454322215e-19
8.69739478958 5.79780530014e-19
8.71743486974 5.62632552743e-19
8.7374749499 5.45994645518e-19
8.75751503006 5.29851538389e-19
8.77755511022 5.14188421888e-19
8.79759519038 4.98990933032e-19
8.81763527054 4.84245141745e-19
8.8376753507 4.69937537707e-19
8.85771543086 4.56055017597e-19
8.87775551102 4.42584872734e-19
8.89779559118 4.29514777094e-19
8.91783567134 4.16832775695e-19
8.9378757515 4.04527273336e-19
8.95791583166 3.92587023683e-19
8.97795591182 3.81001118692e-19
8.99799599198 3.69758978347e-19
9.01803607214 3.58850340719e-19
9.0380761523 3.48265252331e-19
9.05811623246 3.37994058807e-19
9.07815631263 3.2802739582e-19
9.09819639279 3.18356180306e-19
9.11823647295 3.08971601956e-19
9.13827655311 2.99865114953e-19
9.15831663327 2.91028429983e-19
9.17835671343 2.82453506465e-19
9.19839679359 2.74132545042e-19
9.21843687375 2.6605798028e-19
9.23847695391 2.58222473605e-19
9.25851703407 2.50618906448e-19
9.27855711423 2.43240373598e-19
9.29859719439 2.36080176765e-19
9.31863727455 2.29131818326e-19
9.33867735471 2.22388995276e-19
9.35871743487 2.15845593353e-19
9.37875751503 2.09495681345e-19
9.39879759519 2.03333505572e-19
9.41883767535 1.9735348453e-19
9.43887775551 1.91550203706e-19
9.45891783567 1.85918410543e-19
9.47895791583 1.80453009561e-19
9.49899799599 1.75149057631e-19
9.51903807615 1.70001759382e-19
9.53907815631 1.65006462755e-19
9.55911823647 1.60158654691e-19
9.57915831663 1.55453956949e-19
9.59919839679 1.50888122051e-19
9.61923847695 1.46457029346e-19
9.63927855711 1.42156681202e-19
9.65931863727 1.37983199306e-19
9.67935871743 1.33932821076e-19
9.6993987976 1.3000189619e-19
9.71943887776 1.26186883207e-19
9.73947895792 1.22484346303e-19
9.75951903808 1.18890952099e-19
9.77955911824 1.15403466582e-19
9.7995991984 1.1201875213e-19
9.81963927856 1.08733764613e-19
9.83967935872 1.05545550596e-19
9.85971943888 1.02451244613e-19
9.87975951904 9.94480665335e-20
9.8997995992 0.0
9.91983967936 0.0
9.93987975952 0.0
9.95991983968 0.0
9.97995991984 0.0
10.0 0.0
