0.0 0.0
0.0200400801603 0.0
0.0400801603206 0.0
0.060120240481 0.0
0.0801603206413 9.6323932041e-11
0.100200400802 6.44625683521e-11
0.120240480962 6.0201948059e-11
0.140280561122 4.85412747191e-11
0.160320641283 3.62478526915e-11
0.180360721443 3.06800757697e-11
0.200400801603 2.72777845847e-11
0.220440881764 1.8173388758e-10
0.240480961924 1.79230757093e-10
0.260521042084 2.29915532395e-11
0.280561122244 2.2167773393e-11
0.300601202405 2.14194330324e-11
0.320641282565 2.08325986521e-11
0.340681362725 2.04151258358e-11
0.360721442886 1.99108022585e-11
0.380761523046 1.94422153982e-11
0.400801603206 1.89914670228e-11
0.420841683367 1.85925952378e-11
0.440881763527 1.82377966757e-11
0.460921843687 1.78967749222e-11
0.480961923848 1.75773708532e-11
0.501002004008 1.72654958028e-11
0.521042084168 1.69859115785e-11
0.541082164329 1.67276863126e-11
0.561122244489 1.64847670583e-11
0.581162324649 1.62610107041e-11
0.60120240481 1.60595189877e-11
0.62124248497 1.58636824175e-11
0.64128256513 1.5675711515e-11
0.661322645291 1.55100144147e-11
0.681362725451 1.53423527726e-11
0.701402805611 1.51393260818e-11
0.721442885772 1.49477143036e-11
0.741482965932 1.47645773898e-11
0.761523046092 1.45757354432e-11
0.781563126253 1.43979598782e-11
0.801603206413 1.42380164371e-11
0.821643286573 1.40424011313e-11
0.841683366733 1.38255380355e-11
0.861723446894 1.3625755461e-11
0.881763527054 1.34104975373e-11
0.901803607214 1.3137905742e-11
0.921843687375 1.28790390265e-11
0.941883767535 1.26320973238e-11
0.961923847695 1.23592119048e-11
0.981963927856 1.20962329667e-11
1.00200400802 1.18488506389e-11
1.02204408818 1.16286402681e-11
1.04208416834 1.14277205051e-11
1.0621242485 1.12398803447e-11
1.08216432866 1.10527209941e-11
1.10220440882 1.08618278343e-11
1.12224448898 1.06751250151e-11
1.14228456914 1.04976667754e-11
1.1623246493 1.02866979567e-11
1.18236472946 1.00831591448e-11
1.20240480962 9.89428352664e-12
1.22244488978 9.70863632602e-12
1.24248496994 9.52712145248e-12
1.2625250501 9.35155415674e-12
1.28256513026 9.18316871319e-12
1.30260521042 9.02500201318e-12
1.32264529058 8.87280902959e-12
1.34268537074 8.72592205347e-12
1.3627254509 8.59666360034e-12
1.38276553106 8.47265692704e-12
1.40280561122 8.35358892685e-12
1.42284569138 8.22766722808e-12
1.44288577154 8.09929505765e-12
1.4629258517 7.97612075484e-12
1.48296593186 7.85754505532e-12
1.50300601202 7.74543736296e-12
1.52304609218 7.63718727087e-12
1.54308617234 7.53392513542e-12
1.56312625251 7.41735223963e-12
1.58316633267 7.30371312105e-12
1.60320641283 7.19446251151e-12
1.62324649299 7.08822690188e-12
1.64328657315 6.98479140189e-12
1.66332665331 6.88465529045e-12
1.68336673347 6.79020748857e-12
1.70340681363 6.70651460513e-12
1.72344689379 6.62560119354e-12
1.74348697395 6.54690171813e-12
1.76352705411 6.4329910958e-12
1.78356713427 6.32061081506e-12
1.80360721443 6.21095211728e-12
1.82364729459 6.11557955001e-12
1.84368737475 6.02894676928e-12
1.86372745491 5.94560625304e-12
1.88376753507 5.87435574452e-12
1.90380761523 5.82711652187e-12
1.92384769539 5.78127925263e-12
1.94388777555 5.73661172477e-12
1.96392785571 5.65387345735e-12
1.98396793587 5.57217946024e-12
2.00400801603 5.48996075962e-12
2.02404809619 5.41614641852e-12
2.04408817635 5.34204433161e-12
2.06412825651 5.27013421643e-12
2.08416833667 5.19994810605e-12
2.10420841683 5.13168811672e-12
2.12424849699 5.06521969299e-12
2.14428857715 5.00021312539e-12
2.16432865731 4.9338568699e-12
2.18436873747 4.86868785987e-12
2.20440881764 4.80477184105e-12
2.2244488978 4.73441294342e-12
2.24448897796 4.66152402057e-12
2.26452905812 4.59078388138e-12
2.28456913828 4.52016237709e-12
2.30460921844 4.44810974765e-12
2.3246492986 4.37764821325e-12
2.34468937876 4.30852464143e-12
2.36472945892 4.25388054756e-12
2.38476953908 4.20026715767e-12
2.40480961924 4.14765405077e-12
2.4248496994 4.09461746382e-12
2.44488977956 4.04186790468e-12
2.46492985972 3.99006771622e-12
2.48496993988 3.9327483611e-12
2.50501002004 3.86407348323e-12
2.5250501002 3.79656767856e-12
2.54509018036 3.7304846828e-12
2.56513026052 3.69089475756e-12
2.58517034068 3.65198625729e-12
2.60521042084 3.61374067127e-12
2.625250501 3.56258541946e-12
2.64529058116 3.50596554601e-12
2.66533066132 3.45025268802e-12
2.68537074148 3.39584867705e-12
2.70541082164 3.34307914974e-12
2.7254509018 3.29113353009e-12
2.74549098196 3.2401486056e-12
2.76553106212 3.19708587223e-12
2.78557114228 3.15468396837e-12
2.80561122244 3.11292704803e-12
2.82565130261 3.05580678112e-12
2.84569138277 2.99244028491e-12
2.86573146293 2.92999410812e-12
2.88577154309 2.8766128483e-12
2.90581162325 2.83831725596e-12
2.92585170341 2.80057551513e-12
2.94589178357 2.76303942248e-12
2.96593186373 2.71584226335e-12
2.98597194389 2.66930399558e-12
3.00601202405 2.62341041328e-12
3.02605210421 2.57743955588e-12
3.04609218437 2.5317965846e-12
3.06613226453 2.48677118334e-12
3.08617234469 2.4432853256e-12
3.10621242485 2.40194829115e-12
3.12625250501 2.36115932966e-12
3.14629258517 2.32106276871e-12
3.16633266533 2.28501474334e-12
3.18637274549 2.24943582636e-12
3.20641282565 2.2143165926e-12
3.22645290581 2.17278722673e-12
3.24649298597 2.12902784093e-12
3.26653306613 2.08581840454e-12
3.28657314629 2.04156801213e-12
3.30661322645 1.99532717721e-12
3.32665330661 1.94965479431e-12
3.34669338677 1.90508446609e-12
3.36673346693 1.87085036397e-12
3.38677354709 1.83703119408e-12
3.40681362725 1.8036192452e-12
3.42685370741 1.76889688691e-12
3.44689378758 1.73393364698e-12
3.46693386774 1.69938274953e-12
3.4869739479 1.6658063983e-12
3.50701402806 1.6334975801e-12
3.52705410822 1.60156298978e-12
3.54709418838 1.56975607952e-12
3.56713426854 1.53474515304e-12
3.5871743487 1.50013159725e-12
3.60721442886 1.46590854699e-12
3.62725450902 1.4336800221e-12
3.64729458918 1.4023951648e-12
3.66733466934 1.37145736452e-12
3.6873747495 1.34186944595e-12
3.70741482966 1.31409287645e-12
3.72745490982 1.2866194614e-12
3.74749498998 1.2595250883e-12
3.76753507014 1.23374501969e-12
3.7875751503 1.20824166631e-12
3.80761523046 1.18301050771e-12
3.82765531062 1.15469566934e-12
3.84769539078 1.12552674955e-12
3.86773547094 1.09666338307e-12
3.8877755511 1.06972577727e-12
3.90781563126 1.04536307137e-12
3.92785571142 1.02125182609e-12
3.94789579158 9.97556468475e-13
3.96793587174 9.75945378709e-13
3.9879759519 9.54553985356e-13
4.00801603206 9.33378897705e-13
4.02805611222 9.10418663698e-13
4.04809619238 8.87037384593e-13
4.06813627255 8.63888567762e-13
4.08817635271 8.42505697201e-13
4.10821643287 8.23414795299e-13
4.12825651303 8.04511078396e-13
4.14829659319 7.8572206272e-13
4.16833667335 7.66444330333e-13
4.18837675351 7.47352688414e-13
4.20841683367 7.28444418035e-13
4.22845691383 7.11028897927e-13
4.24849699399 6.94182926098e-13
4.26853707415 6.77496487267e-13
4.28857715431 6.60566052552e-13
4.30861723447 6.43273315133e-13
4.32865731463 6.26141889882e-13
4.34869739479 6.09357268217e-13
4.36873747495 5.94337644491e-13
4.38877755511 5.79456233437e-13
4.40881763527 5.64711111746e-13
4.42885771543 5.51123723987e-13
4.44889779559 5.37956897977e-13
4.46893787575 5.24909041786e-13
4.48897795591 5.11869488969e-13
4.50901803607 4.98810848626e-13
4.52905811623 4.85868549676e-13
4.54909819639 4.73104744975e-13
4.56913827655 4.60944936573e-13
4.58917835671 4.48892013186e-13
4.60921843687 4.36944555844e-13
4.62925851703 4.25232519137e-13
4.64929859719 4.13657986348e-13
4.66933867735 4.02183386974e-13
4.68937875752 3.91407803174e-13
4.70941883768 3.81441759094e-13
4.72945891784 3.71560684531e-13
4.749498998 3.61664198344e-13
4.76953907816 3.51157294476e-13
4.78957915832 3.40738768736e-13
4.80961923848 3.3040750029e-13
4.82965931864 3.21117449645e-13
4.8496993988 3.12150130464e-13
4.86973947896 3.03257000884e-13
4.88977955912 2.94630551217e-13
4.90981963928 2.86296576445e-13
4.92985971944 2.7803069785e-13
4.9498997996 2.69941140228e-13
4.96993987976 2.62612977476e-13
4.98997995992 2.55343976143e-13
5.01002004008 2.4826686167e-13
5.03006012024 2.41369753889e-13
5.0501002004 2.34527651687e-13
5.07014028056 2.28097431244e-13
5.09018036072 2.21725430304e-13
5.11022044088 2.15403642275e-13
5.13026052104 2.09131470578e-13
5.1503006012 2.0290832822e-13
5.17034068136 1.97173278353e-13
5.19038076152 1.91510966874e-13
5.21042084168 1.8589240558e-13
5.23046092184 1.8031708498e-13
5.250501002 1.747845036e-13
5.27054108216 1.69795432814e-13
5.29058116232 1.64900424295e-13
5.31062124248 1.60042518461e-13
5.33066132265 1.55221291479e-13
5.35070140281 1.50436326062e-13
5.37074148297 1.45824635532e-13
5.39078156313 1.41269916321e-13
5.41082164329 1.36749067178e-13
5.43086172345 1.32261708768e-13
5.45090180361 1.27807467486e-13
5.47094188377 1.23822342504e-13
5.49098196393 1.1996302028e-13
5.51102204409 1.16131874067e-13
5.53106212425 1.12328594019e-13
5.55110220441 1.08552874893e-13
5.57114228457 1.04963364201e-13
5.59118236473 1.01444934583e-13
5.61122244489 9.79517261873e-14
5.63126252505 9.44834668119e-14
5.65130260521 9.10398882179e-14
5.67134268537 8.79099046181e-14
5.69138276553 8.49046815953e-14
5.71142284569 8.19206219365e-14
5.73146292585 7.89575012411e-14
5.75150300601 7.60150983199e-14
5.77154308617 7.31979051319e-14
5.79158316633 7.044564312e-14
5.81162324649 6.77124237977e-14
5.83166332665 6.49980488685e-14
5.85170340681 6.23023228206e-14
5.87174348697 5.97530276211e-14
5.89178356713 5.72878427273e-14
5.91182364729 5.48394221693e-14
5.93186372745 5.24075944073e-14
5.95190380762 4.99921902672e-14
5.97194388778 4.7829339029e-14
5.99198396794 4.58277089283e-14
6.0120240481 4.38394655116e-14
6.03206412826 4.18644740135e-14
6.05210420842 3.99026014987e-14
6.07214428858 3.80517249032e-14
6.09218436874 3.62850399011e-14
6.1122244489 3.45299751562e-14
6.13226452906 3.27864156339e-14
6.15230460922 3.10542478355e-14
6.17234468938 2.93902360094e-14
6.19238476954 2.77862281424e-14
6.2124248497 2.61925983615e-14
6.23246492986 2.46092456363e-14
6.25250501002 2.30360702619e-14
6.27254509018 2.1592748358e-14
6.29258517034 2.0280468518e-14
6.3126252505 1.89765453402e-14
6.33266533066 1.76808987266e-14
6.35270541082 1.63934496149e-14
6.37274549098 1.51966845333e-14
6.39278557114 1.41062037869e-14
6.4128256513 1.30225592174e-14
6.43286573146 1.19456863022e-14
6.45290581162 1.08755213405e-14
6.47294589178 9.93443343798e-15
6.49298597194 9.17181801714e-15
6.5130260521 8.41391281724e-15
6.53306613226 7.66067396737e-15
6.55310621242 6.91205815024e-15
6.57314629259 6.25330241383e-15
6.59318637275 5.74104633224e-15
6.61322645291 5.23190917985e-15
6.63326653307 4.7258622517e-15
6.65330661323 4.22287720267e-15
6.67334669339 3.73986072161e-15
6.69338677355 3.29351953921e-15
6.71342685371 2.84985515512e-15
6.73346693387 2.4088433044e-15
6.75350701403 1.97046002172e-15
6.77354709419 1.58049757855e-15
6.79358717435 1.30311643667e-15
6.81362725451 1.02737705148e-15
6.83366733467 7.5326467485e-16
6.85370741483 4.80764740767e-16
6.87374749499 2.66050427714e-16
6.89378757515 2.18430675186e-16
6.91382765531 1.71095383585e-16
6.93386773547 1.24041832741e-16
6.95390781563 7.7267341829e-17
6.97394789579 3.95169105653e-17
6.99398797595 3.43885841838e-17
7.01402805611 2.92966445055e-17
7.03406813627 2.4240567697e-17
7.05410821643 1.92198425338e-17
7.07414829659 1.47800966602e-17
7.09418837675 1.29983811122e-17
7.11422845691 1.12326954791e-17
7.13426853707 9.48272566967e-18
7.15430861723 7.74816666755e-18
7.17434869739 6.22709458695e-18
7.19438877756 6.0282993963e-18
7.21442885772 5.83568487971e-18
7.23446893788 5.64904889527e-18
7.25450901804 5.46819617939e-18
7.2745490982 5.29345890463e-18
7.29458917836 5.12932403399e-18
7.31462925852 4.97039421714e-18
7.33466933868 4.81649960556e-18
7.35470941884 4.66747609181e-18
7.374749499 4.52316510722e-18
7.39478957916 4.38341342708e-18
7.41482965932 4.24807298304e-18
7.43486973948 4.11700068236e-18
7.45490981964 3.99005823378e-18
7.4749498998 3.86711197985e-18
7.49498997996 3.74803273524e-18
7.51503006012 3.63269563114e-18
7.53507014028 3.52097996514e-18
7.55511022044 3.4127690567e-18
7.5751503006 3.30795010778e-18
7.59519038076 3.2064140686e-18
7.61523046092 3.10805550814e-18
7.63527054108 3.01277248945e-18
7.65531062124 2.92046644929e-18
7.6753507014 2.83104208228e-18
7.69539078156 2.74440722904e-18
7.71543086172 2.66047276845e-18
7.73547094188 2.5791525137e-18
7.75551102204 2.50036311208e-18
7.7755511022 2.42402394835e-18
7.79559118236 2.35005705152e-18
7.81563126253 2.27838700494e-18
7.83567134269 2.20894085962e-18
7.85571142285 2.14164805054e-18
7.87575150301 2.07644031603e-18
7.89579158317 2.01325161984e-18
7.91583166333 1.95201807612e-18
7.93587174349 1.89267787692e-18
7.95591182365 1.83517122227e-18
7.97595190381 1.7794402527e-18
7.99599198397 1.72542898416e-18
8.01603206413 1.67308324515e-18
8.03607214429 1.62235061608e-18
8.05611222445 1.57318037076e-18
8.07615230461 1.52552341985e-18
8.09619238477 1.47933225635e-18
8.11623246493 1.43456090293e-18
8.13627254509 1.39116486108e-18
8.15631262525 1.34910106208e-18
8.17635270541 1.30832781955e-18
8.19639278557 1.26880478374e-18
8.21643286573 1.23049289729e-18
8.23647294589 1.19335435264e-18
8.25651302605 1.15735255072e-18
8.27655310621 1.12245206125e-18
8.29659318637 1.08861858422e-18
8.31663326653 1.05581891281e-18
8.33667334669 1.02402089749e-18
8.35671342685 9.93193411399e-19
8.37675350701 9.6330631685e-19
8.39679358717 9.34330433014e-19
8.41683366733 9.06237504665e-19
8.43687374749 8.79000171996e-19
8.45691382766 8.52591941451e-19
8.47695390782 8.2698715754e-19
8.49699398798 8.02160975599e-19
8.51703406814 7.78089335474e-19
8.5370741483 7.54748936075e-19
8.55711422846 7.32117210797e-19
8.57715430862 7.1017230375e-19
8.59719438878 6.88893046794e-19
8.61723446894 6.68258937335e-19
8.6372745491 6.4825011686e-19
8.65731462926 6.2884735019e-19
8.67735470942 6.10032005422e-19
8.69739478958 5.91786034533e-19
8.71743486974 5.74091954631e-19
8.7374749499 5.56932829825e-19
8.75751503006 5.40292253696e-19
8.77755511022 5.24154332346e-19
8.79759519038 5.08503668002e-19
8.81763527054 4.93325343169e-19
8.8376753507 4.78604905297e-19
8.85771543086 4.64328351953e-19
8.87775551102 4.50482116484e-19
8.89779559118 4.37053054142e-19
8.91783567134 4.24028428673e-19
8.9378757515 4.11395899337e-19
8.95791583166 3.99143508354e-19
8.97795591182 3.87259668761e-19
8.99799599198 3.75733152665e-19
9.01803607214 3.64553079877e-19
9.0380761523 3.53708906911e-19
9.05811623246 3.43190416354e-19
9.07815631263 3.32987706562e-19
9.09819639279 3.23091181708e-19
9.11823647295 3.1349154214e-19
9.13827655311 3.04179775053e-19
9.15831663327 2.95147145469e-19
9.17835671343 2.86385187498e-19
9.19839679359 2.7788569589e-19
9.21843687375 2.69640717851e-19
9.23847695391 2.61642545127e-19
9.25851703407 2.53883706342e-19
9.27855711423 2.46356959583e-19
9.29859719439 2.39055285216e-19
9.31863727455 2.3197187894e-19
9.33867735471 2.25100145063e-19
9.35871743487 2.18433689984e-19
9.37875751503 2.11966315895e-19
9.39879759519 2.05692014676e-19
9.41883767535 1.99604961988e-19
9.43887775551 1.93699511553e-19
9.45891783567 1.87970189614e-19
9.47895791583 1.82411689579e-19
9.49899799599 1.77018866822e-19
9.51903807615 1.71786733663e-19
9.53907815631 1.66710454496e-19
9.55911823647 1.61785341079e-19
9.57915831663 1.57006847968e-19
9.59919839679 1.52370568097e-19
9.61923847695 1.47872228501e-19
9.63927855711 1.43507686166e-19
9.65931863727 1.39272924021e-19
9.67935871743 1.35164047042e-19
9.6993987976 1.31177278497e-19
9.71943887776 1.27308956289e-19
9.73947895792 1.23555529431e-19
9.75951903808 1.1991355462e-19
9.77955911824 1.16379692927e-19
9.7995991984 1.12950706582e-19
9.81963927856 1.09623455871e-19
9.83967935872 1.06394896119e-19
9.85971943888 1.03262074772e-19
9.87975951904 1.00222128573e-19
9.8997995992 0.0
9.91983967936 0.0
9.93987975952 0.0
9.95991983968 0.0
9.97995991984 0.0
10.0 0.0
