0.0 0.0
0.0200400801603 0.0
0.0400801603206 0.0
0.060120240481 0.0
0.0801603206413 0.0
0.100200400802 0.0
0.120240480962 0.0
0.140280561122 0.0
0.160320641283 0.0
0.180360721443 0.0
0.200400801603 0.0
0.220440881764 0.0
0.240480961924 0.0
0.260521042084 0.0
0.280561122244 0.0
0.300601202405 0.0
0.320641282565 7.38976361792e-11
0.340681362725 5.89570613754e-11
0.360721442886 5.29548941898e-11
0.380761523046 4.9920024591e-11
0.400801603206 4.82150119417e-11
0.420841683367 4.72306895565e-11
0.440881763527 4.66618342098e-11
0.460921843687 4.63322751962e-11
0.480961923848 4.61269562213e-11
0.501002004008 4.59377739428e-11
0.521042084168 4.58332943031e-11
0.541082164329 4.57838950938e-11
0.561122244489 4.57617513041e-11
0.581162324649 4.57721230946e-11
0.60120240481 4.58062959899e-11
0.62124248497 4.58290193176e-11
0.64128256513 4.58478443789e-11
0.661322645291 4.58817450051e-11
0.681362725451 4.58656414162e-11
0.701402805611 4.56774567095e-11
0.721442885772 4.55121061936e-11
0.741482965932 4.53636120344e-11
0.761523046092 4.51700459241e-11
0.781563126253 4.49895712008e-11
0.801603206413 4.48276849019e-11
0.821643286573 4.45033438959e-11
0.841683366733 4.40800013225e-11
0.861723446894 4.36827019905e-11
0.881763527054 4.32142073902e-11
0.901803607214 4.25099995115e-11
0.921843687375 4.18431003494e-11
0.941883767535 4.12095288523e-11
0.961923847695 4.04665345762e-11
0.981963927856 3.97485478702e-11
1.00200400802 3.90658689181e-11
1.02204408818 3.84783771302e-11
1.04208416834 3.79584862867e-11
1.0621242485 3.74602497114e-11
1.08216432866 3.69652101266e-11
1.10220440882 3.6450121495e-11
1.12224448898 3.59559312871e-11
1.14228456914 3.54851047815e-11
1.1623246493 3.48802299345e-11
1.18236472946 3.42883179352e-11
1.20240480962 3.3718163175e-11
1.22244488978 3.31572476354e-11
1.24248496994 3.26090365805e-11
1.2625250501 3.20796770084e-11
1.28256513026 3.15753971681e-11
1.30260521042 3.11070501715e-11
1.32264529058 3.06541240443e-11
1.34268537074 3.02157806806e-11
1.3627254509 2.9841767094e-11
1.38276553106 2.94821589144e-11
1.40280561122 2.9133026829e-11
1.42284569138 2.87568225881e-11
1.44288577154 2.83692115431e-11
1.4629258517 2.79928191497e-11
1.48296593186 2.76320954695e-11
1.50300601202 2.72940632525e-11
1.52304609218 2.69655056738e-11
1.54308617234 2.66478747868e-11
1.56312625251 2.62785589121e-11
1.58316633267 2.5916595297e-11
1.60320641283 2.55641911553e-11
1.62324649299 2.52221019209e-11
1.64328657315 2.48894555251e-11
1.66332665331 2.45650115528e-11
1.68336673347 2.42620592564e-11
1.70340681363 2.39986301452e-11
1.72344689379 2.37416337208e-11
1.74348697395 2.34906907335e-11
1.76352705411 2.31068099611e-11
1.78356713427 2.27276087361e-11
1.80360721443 2.23571794316e-11
1.82364729459 2.20397056485e-11
1.84368737475 2.17541742822e-11
1.86372745491 2.14750228456e-11
1.88376753507 2.12403166046e-11
1.90380761523 2.10950738875e-11
1.92384769539 2.09529955803e-11
1.94388777555 2.0813978235e-11
1.96392785571 2.05319710577e-11
1.98396793587 2.02529012477e-11
2.00400801603 1.99770929227e-11
2.02404809619 1.97180272079e-11
2.04408817635 1.94646842175e-11
2.06412825651 1.92164303012e-11
2.08416833667 1.89741253815e-11
2.10420841683 1.87387194111e-11
2.12424849699 1.8507900569e-11
2.14428857715 1.82815348251e-11
2.16432865731 1.80498879314e-11
2.18436873747 1.78225282326e-11
2.20440881764 1.75994261972e-11
2.2244488978 1.73520430591e-11
2.24448897796 1.70947212598e-11
2.26452905812 1.68420754019e-11
2.28456913828 1.65896486883e-11
2.30460921844 1.63330338759e-11
2.3246492986 1.60809534892e-11
2.34468937876 1.58333204115e-11
2.36472945892 1.56391904146e-11
2.38476953908 1.54484059503e-11
2.40480961924 1.52608805974e-11
2.4248496994 1.50713303531e-11
2.44488977956 1.4882430508e-11
2.46492985972 1.46966740415e-11
2.48496993988 1.44899683045e-11
2.50501002004 1.42405867311e-11
2.5250501002 1.39952431513e-11
2.54509018036 1.37549002181e-11
2.56513026052 1.36129922435e-11
2.58517034068 1.34733341126e-11
2.60521042084 1.33358723666e-11
2.625250501 1.31500617553e-11
2.64529058116 1.29436618434e-11
2.66533066132 1.27404225548e-11
2.68537074148 1.25418519486e-11
2.70541082164 1.23491731554e-11
2.7254509018 1.21593776451e-11
2.74549098196 1.19729845199e-11
2.76553106212 1.18159193221e-11
2.78557114228 1.16611537767e-11
2.80561122244 1.15086374312e-11
2.82565130261 1.12987964828e-11
2.84569138277 1.10655828844e-11
2.86573146293 1.08356786386e-11
2.88577154309 1.06393967e-11
2.90581162325 1.0499138497e-11
2.92585170341 1.03608319618e-11
2.94589178357 1.02231874565e-11
2.96593186373 1.00495059737e-11
2.98597194389 9.87818848679e-12
3.00601202405 9.70918679211e-12
3.02605210421 9.53982006052e-12
3.04609218437 9.37159976272e-12
3.06613226453 9.20560730107e-12
3.08617234469 9.04527485498e-12
3.10621242485 8.89287085878e-12
3.12625250501 8.7424456731e-12
3.14629258517 8.59453906965e-12
3.16633266533 8.4616313933e-12
3.18637274549 8.33041645088e-12
3.20641282565 8.20086194598e-12
3.22645290581 8.04743392633e-12
3.24649298597 7.88567632627e-12
3.26653306613 7.72592557079e-12
3.28657314629 7.5622708551e-12
3.30661322645 7.39118621719e-12
3.32665330661 7.22218438772e-12
3.34669338677 7.0572499431e-12
3.36673346693 6.93069783702e-12
3.38677354709 6.80565929127e-12
3.40681362725 6.68210719133e-12
3.42685370741 6.55366121889e-12
3.44689378758 6.42429717181e-12
3.46693386774 6.29644344766e-12
3.4869739479 6.17218981921e-12
3.50701402806 6.05262555493e-12
3.52705410822 5.93443299403e-12
3.54709418838 5.81669735155e-12
3.56713426854 5.68704446861e-12
3.5871743487 5.55885322758e-12
3.60721442886 5.43209895081e-12
3.62725450902 5.31273970631e-12
3.64729458918 5.19687285486e-12
3.66733466934 5.08228323191e-12
3.6873747495 4.97269558204e-12
3.70741482966 4.86982379212e-12
3.72745490982 4.76806748829e-12
3.74749498998 4.66770904604e-12
3.76753507014 4.57222170125e-12
3.7875751503 4.47775308107e-12
3.80761523046 4.38428690785e-12
3.82765531062 4.27936419871e-12
3.84769539078 4.171264196e-12
3.86773547094 4.06429283339e-12
3.8877755511 3.96446532285e-12
3.90781563126 3.87419126593e-12
3.92785571142 3.78484523751e-12
3.94789579158 3.69703793653e-12
3.96793587174 3.61696260136e-12
3.9879759519 3.53769792261e-12
4.00801603206 3.45923160917e-12
4.02805611222 3.3741352145e-12
4.04809619238 3.28747254302e-12
4.06813627255 3.20166949008e-12
4.08817635271 3.12241760895e-12
4.10821643287 3.05166888856e-12
4.12825651303 2.98161169514e-12
4.14829659319 2.91197723538e-12
4.16833667335 2.84052642615e-12
4.18837675351 2.76976378158e-12
4.20841683367 2.69967937573e-12
4.22845691383 2.63513214181e-12
4.24849699399 2.57269619653e-12
4.26853707415 2.51085018655e-12
4.28857715431 2.4480969547e-12
4.30861723447 2.38399775973e-12
4.32865731463 2.32049563567e-12
4.34869739479 2.25827891376e-12
4.36873747495 2.20260941602e-12
4.38877755511 2.14745132059e-12
4.40881763527 2.09279759159e-12
4.42885771543 2.04243783932e-12
4.44889779559 1.99363710238e-12
4.46893787575 1.94527655439e-12
4.48897795591 1.89694573545e-12
4.50901803607 1.84854313634e-12
4.52905811623 1.80057124631e-12
4.54909819639 1.75326069194e-12
4.56913827655 1.70818990924e-12
4.58917835671 1.66351487711e-12
4.60921843687 1.61923039119e-12
4.62925851703 1.57581854304e-12
4.64929859719 1.53291616646e-12
4.66933867735 1.4903839497e-12
4.68937875752 1.45044397998e-12
4.70941883768 1.4135061248e-12
4.72945891784 1.37688289922e-12
4.749498998 1.34020204344e-12
4.76953907816 1.30125683775e-12
4.78957915832 1.2626391177e-12
4.80961923848 1.22434475907e-12
4.82965931864 1.18991170596e-12
4.8496993988 1.15667524487e-12
4.86973947896 1.12371363557e-12
4.88977955912 1.09174075534e-12
4.90981963928 1.06085225848e-12
4.92985971944 1.03021605297e-12
4.9498997996 1.00023349684e-12
4.96993987976 9.73074211825e-13
4.98997995992 9.46134072438e-13
5.01002004008 9.19905270429e-13
5.03006012024 8.94343753809e-13
5.0501002004 8.68986011386e-13
5.07014028056 8.45155367663e-13
5.09018036072 8.21540418158e-13
5.11022044088 7.98111492155e-13
5.13026052104 7.748663947e-13
5.1503006012 7.51802965328e-13
5.17034068136 7.30549170196e-13
5.19038076152 7.09564938501e-13
5.21042084168 6.8874280134e-13
5.23046092184 6.68080883156e-13
5.250501002 6.47577337297e-13
5.27054108216 6.29088814542e-13
5.29058116232 6.10948924196e-13
5.31062124248 5.92946494528e-13
5.33066132265 5.75079965166e-13
5.35070140281 5.57347799333e-13
5.37074148297 5.40257962341e-13
5.39078156313 5.23379273527e-13
5.41082164329 5.06626096459e-13
5.43086172345 4.89997033067e-13
5.45090180361 4.73490706024e-13
5.47094188377 4.5872343419e-13
5.49098196393 4.44422473942e-13
5.51102204409 4.30225912447e-13
5.53106212425 4.16132608008e-13
5.55110220441 4.02141435562e-13
5.57114228457 3.88840500122e-13
5.59118236473 3.7580302225e-13
5.61122244489 3.62859005633e-13
5.63126252505 3.50007446593e-13
5.65130260521 3.37247355811e-13
5.67134268537 3.25649677347e-13
5.69138276553 3.14514425515e-13
5.71142284569 3.03457590107e-13
5.73146292585 2.92478343822e-13
5.75150300601 2.81575870991e-13
5.77154308617 2.71137485634e-13
5.79158316633 2.60939754395e-13
5.81162324649 2.50812589098e-13
5.83166332665 2.40755258211e-13
5.85170340681 2.30767040307e-13
5.87174348697 2.21321554532e-13
5.89178356713 2.12187806255e-13
5.91182364729 2.03116182529e-13
5.93186372745 1.94106050317e-13
5.95190380762 1.85156785175e-13
5.97194388778 1.77143551954e-13
5.99198396794 1.69727832844e-13
6.0120240481 1.62361709398e-13
6.03206412826 1.55044684647e-13
6.05210420842 1.47776268256e-13
6.07214428858 1.40919207909e-13
6.09218436874 1.34374157518e-13
6.1122244489 1.27872157758e-13
6.13226452906 1.21412784347e-13
6.15230460922 1.14995618576e-13
6.17234468938 1.08831030494e-13
6.19238476954 1.02888806037e-13
6.2124248497 9.69850321481e-14
6.23246492986 9.11193360393e-14
6.25250501002 8.52913497377e-14
6.27254509018 7.99445783344e-14
6.29258517034 7.50834186256e-14
6.3126252505 7.02532133124e-14
6.33266533066 6.54536670323e-14
6.35270541082 6.06844881795e-14
6.37274549098 5.62513516235e-14
6.39278557114 5.22120627695e-14
6.4128256513 4.81980915643e-14
6.43286573146 4.4209200197e-14
6.45290581162 4.02451538352e-14
6.47294589178 3.67594068467e-14
6.49298597194 3.39349911179e-14
6.5130260521 3.11280072391e-14
6.53306613226 2.83382939285e-14
6.55310621242 2.55656918947e-14
6.57314629259 2.31260484469e-14
6.59318637275 2.12292357972e-14
6.61322645291 1.93439542617e-14
6.63326653307 1.74700987046e-14
6.65330661323 1.56075652701e-14
6.67334669339 1.38190010062e-14
6.69338677355 1.21663105399e-14
6.71342685371 1.05235164086e-14
6.73346693387 8.89052973047e-15
6.75350701403 7.26726268942e-15
6.77354709419 5.82338976168e-15
6.79358717435 4.79664067658e-15
6.81362725451 3.77595122117e-15
6.83366733467 2.7612677112e-15
6.85370741483 1.75253709866e-15
6.87374749499 9.57892391876e-16
6.89378757515 7.82339035647e-16
6.91382765531 6.07812141218e-16
6.93386773547 4.34302597811e-16
6.95390781563 2.61801405117e-16
6.97394789579 1.22710476538e-16
6.99398797595 1.04462633636e-16
7.01402805611 8.63250928376e-17
7.03406813627 6.82967497888e-17
7.05410821643 5.03765170615e-17
7.07414829659 3.45867220321e-17
7.09418837675 2.86235183691e-17
7.11422845691 2.26989777749e-17
7.13426853707 1.68126371063e-17
7.15430861723 1.09640421454e-17
7.17434869739 5.88769905262e-18
7.19438877756 5.69217420112e-18
7.21442885772 5.50203532805e-18
7.23446893788 5.31712041579e-18
7.25450901804 5.13727243518e-18
7.2745490982 4.96426867054e-18
7.29458917836 4.81526004931e-18
7.31462925852 4.67075953871e-18
7.33466933868 4.53062950685e-18
7.35470941884 4.39473656796e-18
7.374749499 4.26295144989e-18
7.39478957916 4.1351488656e-18
7.41482965932 4.01120738891e-18
7.43486973948 3.89100933404e-18
7.45490981964 3.77444063904e-18
7.4749498998 3.66139075287e-18
7.49498997996 3.55175252602e-18
7.51503006012 3.4454221047e-18
7.53507014028 3.3422988282e-18
7.55511022044 3.24228512961e-18
7.5751503006 3.14528643966e-18
7.59519038076 3.0512110935e-18
7.61523046092 2.95997024054e-18
7.63527054108 2.87147775704e-18
7.65531062124 2.78565016147e-18
7.6753507014 2.70240653255e-18
7.69539078156 2.62166842986e-18
7.71543086172 2.54335981692e-18
7.73547094188 2.46740698671e-18
7.75551102204 2.39373848951e-18
7.7755511022 2.32228506307e-18
7.79559118236 2.25297956481e-18
7.81563126253 2.18575690635e-18
7.83567134269 2.12055398994e-18
7.85571142285 2.0573096469e-18
7.87575150301 1.9959645781e-18
7.89579158317 1.93646129612e-18
7.91583166333 1.87874406939e-18
7.93587174349 1.82275886795e-18
7.95591182365 1.76845331101e-18
7.97595190381 1.71577661602e-18
7.99599198397 1.66467954946e-18
8.01603206413 1.61511437908e-18
8.03607214429 1.56703482768e-18
8.05611222445 1.52039602826e-18
8.07615230461 1.47515448067e-18
8.09619238477 1.43126800951e-18
8.11623246493 1.3886957234e-18
8.13627254509 1.3473979755e-18
8.15631262525 1.30733632526e-18
8.17635270541 1.26847350137e-18
8.19639278557 1.23077336581e-18
8.21643286573 1.1942008791e-18
8.23647294589 1.15872206655e-18
8.25651302605 1.12430398562e-18
8.27655310621 1.09091469423e-18
8.29659318637 1.05852322014e-18
8.31663326653 1.02709953116e-18
8.33667334669 9.96614506399e-19
8.35671342685 9.6703990833e-19
8.37675350701 9.38348355754e-19
8.39679358717 9.10513297586e-19
8.41683366733 8.83508987458e-19
8.43687374749 8.57310459105e-19
8.45691382766 8.31893502513e-19
8.47695390782 8.07234640805e-19
8.49699398798 7.83311107836e-19
8.51703406814 7.60100826486e-19
8.5370741483 7.3758238762e-19
8.55711422846 7.15735029696e-19
8.57715430862 6.94538619001e-19
8.59719438878 6.73973630504e-19
8.61723446894 6.54021129286e-19
8.6372745491 6.34662752554e-19
8.65731462926 6.15880692204e-19
8.67735470942 5.97657677919e-19
8.69739478958 5.79976960788e-19
8.71743486974 5.62822297434e-19
8.7374749499 5.46177934619e-19
8.75751503006 5.30028594337e-19
8.77755511022 5.14359459349e-19
8.79759519038 4.99156159176e-19
8.81763527054 4.84404756514e-19
8.8376753507 4.70091734069e-19
8.85771543086 4.56203981793e-19
8.87775551102 4.42728784516e-19
8.89779559118 4.29653809956e-19
8.91783567134 4.16967097091e-19
8.9378757515 4.04657044897e-19
8.95791583166 3.9271240142e-19
8.97795591182 3.81122253195e-19
8.99799599198 3.69876014975e-19
9.01803607214 3.58963419788e-19
9.0380761523 3.48374509286e-19
9.05811623246 3.38099624398e-19
9.07815631263 3.28129396265e-19
9.09819639279 3.18454737452e-19
9.11823647295 3.09066833428e-19
9.13827655311 2.9995713431e-19
9.15831663327 2.91117346852e-19
9.17835671343 2.82539426687e-19
9.19839679359 2.74215570798e-19
9.21843687375 2.66138210224e-19
9.23847695391 2.58300002985e-19
9.25851703407 2.50693827226e-19
9.27855711423 2.43312774565e-19
9.29859719439 2.3615014365e-19
9.31863727455 2.29199433906e-19
9.33867735471 2.22454339478e-19
9.35871743487 2.15908743353e-19
9.37875751503 2.09556711664e-19
9.39879759519 2.03392488168e-19
9.41883767535 1.97410488889e-19
9.43887775551 1.91605296926e-19
9.45891783567 1.85971657418e-19
9.47895791583 1.80504472664e-19
9.49899799599 1.75198797387e-19
9.51903807615 1.70049834142e-19
9.53907815631 1.65052928874e-19
9.55911823647 1.60203566592e-19
9.57915831663 1.55497367192e-19
9.59919839679 1.50930081396e-19
9.61923847695 1.46497586819e-19
9.63927855711 1.42195884151e-19
9.65931863727 1.3802109346e-19
9.67935871743 1.33969450605e-19
9.6993987976 1.30037303753e-19
9.71943887776 1.26221110009e-19
9.73947895792 1.22517432142e-19
9.75951903808 1.18922935416e-19
9.77955911824 1.1543438451e-19
9.7995991984 1.12048640533e-19
9.81963927856 1.08762658138e-19
9.83967935872 1.05573482707e-19
9.85971943888 1.02478247638e-19
9.87975951904 9.94741717005e-20
9.8997995992 0.0
9.91983967936 0.0
9.93987975952 0.0
9.95991983968 0.0
9.97995991984 0.0
10.0 0.0
