0.0 0.0
0.0200400801603 0.0
0.0400801603206 0.0
0.060120240481 0.0
0.0801603206413 0.0
0.100200400802 0.0
0.120240480962 0.0
0.140280561122 0.0
0.160320641283 0.0
0.180360721443 0.0
0.200400801603 0.0
0.220440881764 1.59051788442e-09
0.240480961924 1.02717232305e-09
0.260521042084 2.77696102377e-11
0.280561122244 2.80194725431e-11
0.300601202405 2.85072908047e-11
0.320641282565 2.95607821943e-11
0.340681362725 3.11873138039e-11
0.360721442886 3.2066229169e-11
0.380761523046 3.28198269376e-11
0.400801603206 3.35179811542e-11
0.420841683367 3.41884468336e-11
0.440881763527 3.48276430154e-11
0.460921843687 3.54214367552e-11
0.480961923848 3.59504735387e-11
0.501002004008 3.63726334972e-11
0.521042084168 3.67699749878e-11
0.541082164329 3.71395313792e-11
0.561122244489 3.74742946486e-11
0.581162324649 3.77896671062e-11
0.60120240481 3.80868522491e-11
0.62124248497 3.83430373146e-11
0.64128256513 3.85694382366e-11
0.661322645291 3.87860772743e-11
0.681362725451 3.89412657066e-11
0.701402805611 3.89329509262e-11
0.721442885772 3.89284404932e-11
0.741482965932 3.89245596945e-11
0.761523046092 3.88700986503e-11
0.781563126253 3.8816339189e-11
0.801603206413 3.87695417781e-11
0.821643286573 3.85739352473e-11
0.841683366733 3.82844954514e-11
0.861723446894 3.80102755583e-11
0.881763527054 3.76673394898e-11
0.901803607214 3.71126465326e-11
0.921843687375 3.65844835815e-11
0.941883767535 3.60799955978e-11
0.961923847695 3.54748053871e-11
0.981963927856 3.48869594457e-11
1.00200400802 3.43261666213e-11
1.02204408818 3.38454712145e-11
1.04208416834 3.34210467675e-11
1.0621242485 3.30127467777e-11
1.08216432866 3.26044143013e-11
1.10220440882 3.21760383814e-11
1.12224448898 3.17639258879e-11
1.14228456914 3.13708306325e-11
1.1623246493 3.08573767768e-11
1.18236472946 3.03535471132e-11
1.20240480962 2.98672818181e-11
1.22244488978 2.93876481315e-11
1.24248496994 2.89178450182e-11
1.2625250501 2.84634248658e-11
1.28256513026 2.80300052791e-11
1.30260521042 2.76273816302e-11
1.32264529058 2.72374507916e-11
1.34268537074 2.6859544415e-11
1.3627254509 2.65379718144e-11
1.38276553106 2.62284534448e-11
1.40280561122 2.59274935547e-11
1.42284569138 2.56017525161e-11
1.44288577154 2.52652291195e-11
1.4629258517 2.49380882037e-11
1.48296593186 2.46243212822e-11
1.50300601202 2.43302643912e-11
1.52304609218 2.40441822177e-11
1.54308617234 2.37675848157e-11
1.56312625251 2.34444771643e-11
1.58316633267 2.31275123737e-11
1.60320641283 2.28186888111e-11
1.62324649299 2.25187072069e-11
1.64328657315 2.2226813907e-11
1.66332665331 2.19419027969e-11
1.68336673347 2.16758394256e-11
1.70340681363 2.1444809402e-11
1.72344689379 2.1219278853e-11
1.74348697395 2.09989103338e-11
1.76352705411 2.06594869776e-11
1.78356713427 2.03239953493e-11
1.80360721443 1.99961105548e-11
1.82364729459 1.97153639527e-11
1.84368737475 1.94629915922e-11
1.86372745491 1.92161464825e-11
1.88376753507 1.90088998457e-11
1.90380761523 1.88815645484e-11
1.92384769539 1.87569396563e-11
1.94388777555 1.86349390641e-11
1.96392785571 1.83848117115e-11
1.98396793587 1.81371763306e-11
2.00400801603 1.78920838374e-11
2.02404809619 1.76623850044e-11
2.04408817635 1.74374313949e-11
2.06412825651 1.72169279644e-11
2.08416833667 1.70016511269e-11
2.10420841683 1.6792457983e-11
2.12424849699 1.658728276e-11
2.14428857715 1.63860102897e-11
2.16432865731 1.61799205074e-11
2.18436873747 1.59775921974e-11
2.20440881764 1.57790031238e-11
2.2244488978 1.55585711216e-11
2.24448897796 1.53291530048e-11
2.26452905812 1.5103854201e-11
2.28456913828 1.48786818016e-11
2.30460921844 1.46496858651e-11
2.3246492986 1.44246913605e-11
2.34468937876 1.42036234912e-11
2.36472945892 1.4030490923e-11
2.38476953908 1.38603091806e-11
2.40480961924 1.36930031636e-11
2.4248496994 1.35238341551e-11
2.44488977956 1.33552039445e-11
2.46492985972 1.3189351304e-11
2.48496993988 1.30046570685e-11
2.50501002004 1.27816200647e-11
2.5250501002 1.25621617582e-11
2.54509018036 1.2347148404e-11
2.56513026052 1.22204522336e-11
2.58517034068 1.20957456096e-11
2.60521042084 1.19729818578e-11
2.625250501 1.18067834389e-11
2.64529058116 1.16220677906e-11
2.66533066132 1.14401576243e-11
2.68537074148 1.12624085333e-11
2.70541082164 1.10899204624e-11
2.7254509018 1.09199934162e-11
2.74549098196 1.07530948282e-11
2.76553106212 1.06125096272e-11
2.78557114228 1.0473967071e-11
2.80561122244 1.03374228125e-11
2.82565130261 1.01493675762e-11
2.84569138277 9.94029294774e-12
2.86573146293 9.73416529698e-12
2.88577154309 9.55821676887e-12
2.90581162325 9.43257637025e-12
2.92585170341 9.30867229205e-12
2.94589178357 9.18534657493e-12
2.96593186373 9.02962687822e-12
2.98597194389 8.87601340092e-12
3.00601202405 8.72446357023e-12
3.02605210421 8.57256919588e-12
3.04609218437 8.42168891259e-12
3.06613226453 8.27279505362e-12
3.08617234469 8.12897260203e-12
3.10621242485 7.99226107928e-12
3.12625250501 7.8573145357e-12
3.14629258517 7.72461862033e-12
3.16633266533 7.60539084949e-12
3.18637274549 7.48767321262e-12
3.20641282565 7.37143711763e-12
3.22645290581 7.23373180453e-12
3.24649298597 7.08852777375e-12
3.26653306613 6.94511611468e-12
3.28657314629 6.79818391135e-12
3.30661322645 6.64456151265e-12
3.32665330661 6.49280036295e-12
3.34669338677 6.3446850232e-12
3.36673346693 6.23106584525e-12
3.38677354709 6.11879912228e-12
3.40681362725 6.00786078655e-12
3.42685370741 5.8925146858e-12
3.44689378758 5.77633536673e-12
3.46693386774 5.6615064042e-12
3.4869739479 5.54990709546e-12
3.50701402806 5.4425172763e-12
3.52705410822 5.33635419684e-12
3.54709418838 5.23059551802e-12
3.56713426854 5.11411424262e-12
3.5871743487 4.99894075325e-12
3.60721442886 4.88505309784e-12
3.62725450902 4.77780949641e-12
3.64729458918 4.67370084736e-12
3.66733466934 4.57073533312e-12
3.6873747495 4.47226294622e-12
3.70741482966 4.37982545723e-12
3.72745490982 4.28838651395e-12
3.74749498998 4.19820024445e-12
3.76753507014 4.11239065929e-12
3.7875751503 4.02749319615e-12
3.80761523046 3.94349335625e-12
3.82765531062 3.84918504203e-12
3.84769539078 3.75201470774e-12
3.86773547094 3.65585540648e-12
3.8877755511 3.56611793652e-12
3.90781563126 3.48497016076e-12
3.92785571142 3.40465379357e-12
3.94789579158 3.32571829539e-12
3.96793587174 3.25373494452e-12
3.9879759519 3.18247795215e-12
4.00801603206 3.11193635624e-12
4.02805611222 3.03542767006e-12
4.04809619238 2.95750711989e-12
4.06813627255 2.88035708686e-12
4.08817635271 2.8090979656e-12
4.10821643287 2.74548615608e-12
4.12825651303 2.68249423767e-12
4.14829659319 2.61988045732e-12
4.16833667335 2.55563041509e-12
4.18837675351 2.4919973834e-12
4.20841683367 2.42897249956e-12
4.22845691383 2.37092748861e-12
4.24849699399 2.31478021929e-12
4.26853707415 2.25916197954e-12
4.28857715431 2.2027257579e-12
4.30861723447 2.14507679699e-12
4.32865731463 2.08796337306e-12
4.34869739479 2.03200488638e-12
4.36873747495 1.98193595507e-12
4.38877755511 1.93232576593e-12
4.40881763527 1.88316803126e-12
4.42885771543 1.83787276939e-12
4.44889779559 1.79397912686e-12
4.46893787575 1.75048040592e-12
4.48897795591 1.70700728878e-12
4.50901803607 1.663468454e-12
4.52905811623 1.62031609615e-12
4.54909819639 1.57775778425e-12
4.56913827655 1.53721397348e-12
4.58917835671 1.49702531336e-12
4.60921843687 1.45718714935e-12
4.62925851703 1.41813335112e-12
4.64929859719 1.37953713661e-12
4.66933867735 1.3412731643e-12
4.68937875752 1.30534120693e-12
4.70941883768 1.2721102047e-12
4.72945891784 1.2391616238e-12
4.749498998 1.20616046411e-12
4.76953907816 1.17112074767e-12
4.78957915832 1.13637503736e-12
4.80961923848 1.10191964206e-12
4.82965931864 1.07093872082e-12
4.8496993988 1.04103411965e-12
4.86973947896 1.01137629908e-12
4.88977955912 9.82607779038e-13
4.90981963928 9.54814682775e-13
4.92985971944 9.2724813224e-13
4.9498997996 9.00269380719e-13
4.96993987976 8.75831215208e-13
4.98997995992 8.51589846488e-13
5.01002004008 8.27988289874e-13
5.03006012024 8.04986917482e-13
5.0501002004 7.82168554717e-13
5.07014028056 7.6072431345e-13
5.09018036072 7.39473849756e-13
5.11022044088 7.1839046748e-13
5.13026052104 6.97472200468e-13
5.1503006012 6.76717113358e-13
5.17034068136 6.57590571053e-13
5.19038076152 6.38706363165e-13
5.21042084168 6.19967764004e-13
5.23046092184 6.01373093102e-13
5.250501002 5.82920695804e-13
5.27054108216 5.66281833919e-13
5.29058116232 5.49956544738e-13
5.31062124248 5.33754750717e-13
5.33066132265 5.1767505347e-13
5.35070140281 5.01716075686e-13
5.37074148297 4.86335080092e-13
5.39078156313 4.71143941181e-13
5.41082164329 4.56065577214e-13
5.43086172345 4.41098734968e-13
5.45090180361 4.26242179759e-13
5.47094188377 4.12950927467e-13
5.49098196393 4.00079277481e-13
5.51102204409 3.87301441886e-13
5.53106212425 3.74616397061e-13
5.55110220441 3.62023134257e-13
5.57114228457 3.50051084828e-13
5.59118236473 3.38316061358e-13
5.61122244489 3.26665033168e-13
5.63126252505 3.15097100199e-13
5.65130260521 3.03611375235e-13
5.67134268537 2.93171979207e-13
5.69138276553 2.83148764936e-13
5.71142284569 2.73196031791e-13
5.73146292585 2.63313037745e-13
5.75150300601 2.53499051173e-13
5.77154308617 2.44102763135e-13
5.79158316633 2.34923029343e-13
5.81162324649 2.2580672712e-13
5.83166332665 2.16753200216e-13
5.85170340681 2.07761801421e-13
5.87174348697 1.99258929919e-13
5.89178356713 1.91036629627e-13
5.91182364729 1.82870178297e-13
5.93186372745 1.74759007939e-13
5.95190380762 1.66702558254e-13
5.97194388778 1.59488755773e-13
5.99198396794 1.52812838606e-13
6.0120240481 1.46181510866e-13
6.03206412826 1.39594326575e-13
6.05210420842 1.33050845695e-13
6.07214428858 1.26877664211e-13
6.09218436874 1.20985342474e-13
6.1122244489 1.15131729125e-13
6.13226452906 1.09316443355e-13
6.15230460922 1.03539109346e-13
6.17234468938 9.79891357912e-14
6.19238476954 9.26393226434e-14
6.2124248497 8.73240847105e-14
6.23246492986 8.20430873497e-14
6.25250501002 7.67960002329e-14
6.27254509018 7.19821439084e-14
6.29258517034 6.7605482707e-14
6.3126252505 6.32566582711e-14
6.33266533066 5.89354054208e-14
6.35270541082 5.4641462342e-14
6.37274549098 5.06500560739e-14
6.39278557114 4.70132379136e-14
6.4128256513 4.33991892534e-14
6.43286573146 3.9807696552e-14
6.45290581162 3.62385489369e-14
6.47294589178 3.31000396865e-14
6.49298597194 3.0556977106e-14
6.5130260521 2.80295931805e-14
6.53306613226 2.55177430602e-14
6.55310621242 2.30212836805e-14
6.57314629259 2.08246108856e-14
6.59318637275 1.91167018225e-14
6.61322645291 1.74191650461e-14
6.63326653307 1.57319061122e-14
6.65330661323 1.40548317246e-14
6.67334669339 1.24443517309e-14
6.69338677355 1.09562081934e-14
6.71342685371 9.47696706745e-15
6.73346693387 8.00654849933e-15
6.75350701403 6.54487359186e-15
6.77354709419 5.24472585939e-15
6.79358717435 4.3201712077e-15
6.81362725451 3.4010682042e-15
6.83366733467 2.48736860341e-15
6.85370741483 1.57902473108e-15
6.87374749499 8.63452813507e-16
6.89378757515 7.05348192741e-16
6.91382765531 5.4816776068e-16
6.93386773547 3.91903307927e-16
6.95390781563 2.3654672494e-16
6.97394789579 1.11275160596e-16
6.99398797595 9.4820256176e-17
7.01402805611 7.84652943456e-17
7.03406813627 6.22092608381e-17
7.05410821643 4.60511572635e-17
7.07414829659 3.18120479305e-17
7.09418837675 2.64222472717e-17
7.11422845691 2.10678421405e-17
7.13426853707 1.57483974696e-17
7.15430861723 1.04634867927e-17
7.17434869739 5.87451641372e-18
7.19438877756 5.68125088493e-18
7.21442885772 5.49335577018e-18
7.23446893788 5.31066927987e-18
7.25450901804 5.13303460702e-18
7.2745490982 4.96203729219e-18
7.29458917836 4.8131075369e-18
7.31462925852 4.66868305763e-18
7.33466933868 4.52862632621e-18
7.35470941884 4.39280405681e-18
7.374749499 4.2610870734e-18
7.39478957916 4.13335018157e-18
7.41482965932 4.00947204424e-18
7.43486973948 3.88933506145e-18
7.45490981964 3.77282525389e-18
7.4749498998 3.65983215005e-18
7.49498997996 3.55024867705e-18
7.51503006012 3.44397105483e-18
7.53507014028 3.3408986937e-18
7.55511022044 3.24093409518e-18
7.5751503006 3.14398275582e-18
7.59519038076 3.04995307422e-18
7.61523046092 2.95875626088e-18
7.63527054108 2.87030625087e-18
7.65531062124 2.78451961933e-18
7.6753507014 2.70131549954e-18
7.69539078156 2.62061550364e-18
7.71543086172 2.54234364578e-18
7.73547094188 2.4664262677e-18
7.75551102204 2.39279196667e-18
7.7755511022 2.32137152565e-18
7.79559118236 2.25209784569e-18
7.81563126253 2.18490588037e-18
7.83567134269 2.1197325724e-18
7.85571142285 2.05651679207e-18
7.87575150301 1.99519927779e-18
7.89579158317 1.93572257832e-18
7.91583166333 1.87803099694e-18
7.93587174349 1.82207053727e-18
7.95591182365 1.76778885087e-18
7.97595190381 1.71513518636e-18
7.99599198397 1.66406034028e-18
8.01603206413 1.61451660931e-18
8.03607214429 1.56645774415e-18
8.05611222445 1.51983890469e-18
8.07615230461 1.47461661666e-18
8.09619238477 1.43074872965e-18
8.11623246493 1.38819437633e-18
8.13627254509 1.34691393305e-18
8.15631262525 1.30686898162e-18
8.17635270541 1.26802227224e-18
8.19639278557 1.23033768768e-18
8.21643286573 1.19378020845e-18
8.23647294589 1.15831587916e-18
8.25651302605 1.12391177586e-18
8.27655310621 1.0905359744e-18
8.29659318637 1.0581575198e-18
8.31663326653 1.02674639653e-18
8.33667334669 9.9627349976e-19
8.35671342685 9.66710607433e-19
8.37675350701 9.38030353274e-19
8.39679358717 9.10206200582e-19
8.41683366733 8.83212416859e-19
8.43687374749 8.5702404921e-19
8.45691382766 8.31616900516e-19
8.47695390782 8.06967506328e-19
8.49699398798 7.83053112488e-19
8.51703406814 7.59851653432e-19
8.5370741483 7.37341731169e-19
8.55711422846 7.15502594901e-19
8.57715430862 6.94314121278e-19
8.59719438878 6.73756795261e-19
8.61723446894 6.53811691566e-19
8.6372745491 6.34460456693e-19
8.65731462926 6.156852915e-19
8.67735470942 5.97468934311e-19
8.69739478958 5.79794644551e-19
8.71743486974 5.62646186881e-19
8.7374749499 5.46007815817e-19
8.75751503006 5.2986426083e-19
8.77755511022 5.14200711894e-19
8.79759519038 4.99002805487e-19
8.81763527054 4.84256611014e-19
8.8376753507 4.69948617654e-19
8.85771543086 4.56065721604e-19
8.87775551102 4.42595213715e-19
8.89779559118 4.29524767513e-19
8.91783567134 4.16842427584e-19
8.9378757515 4.04536598307e-19
8.95791583166 3.92596032947e-19
8.97795591182 3.81009823067e-19
8.99799599198 3.69767388277e-19
9.01803607214 3.58858466286e-19
9.0380761523 3.48273103266e-19
9.05811623246 3.38001644504e-19
9.07815631263 3.28034725348e-19
9.09819639279 3.1836326242e-19
9.11823647295 3.08978445106e-19
9.13827655311 2.998717273e-19
9.15831663327 2.91034819402e-19
9.17835671343 2.82459680562e-19
9.19839679359 2.74138511158e-19
9.21843687375 2.66063745503e-19
9.23847695391 2.58228044779e-19
9.25851703407 2.5062429018e-19
9.27855711423 2.43245576269e-19
9.29859719439 2.36085204534e-19
9.31863727455 2.2913667714e-19
9.33867735471 2.22393690879e-19
9.35871743487 2.15850131289e-19
9.37875751503 2.0950006697e-19
9.39879759519 2.03337744055e-19
9.41883767535 1.97357580864e-19
9.43887775551 1.91554162712e-19
9.45891783567 1.85922236877e-19
9.47895791583 1.8045670772e-19
9.49899799599 1.75152631955e-19
9.51903807615 1.70005214064e-19
9.53907815631 1.65009801844e-19
9.55911823647 1.60161882099e-19
9.57915831663 1.55457076452e-19
9.59919839679 1.50891137295e-19
9.61923847695 1.46459943855e-19
9.63927855711 1.42159498378e-19
9.65931863727 1.37985922434e-19
9.67935871743 1.33935453331e-19
9.6993987976 1.30004440636e-19
9.71943887776 1.26189342806e-19
9.73947895792 1.22486723914e-19
9.75951903808 1.18893250484e-19
9.77955911824 1.1540568841e-19
9.7995991984 1.12020899977e-19
9.81963927856 1.08735840969e-19
9.83967935872 1.05547557866e-19
9.85971943888 1.02453185119e-19
9.87975951904 9.944994252e-20
9.8997995992 0.0
9.91983967936 0.0
9.93987975952 0.0
9.95991983968 0.0
9.97995991984 0.0
10.0 0.0
