0.0 0.0
0.0200400801603 0.0
0.0400801603206 0.0
0.060120240481 0.0
0.0801603206413 0.0
0.100200400802 0.0
0.120240480962 0.0
0.140280561122 0.0
0.160320641283 0.0
0.180360721443 4.70990048652e-11
0.200400801603 2.06082378076e-11
0.220440881764 6.93322113511e-10
0.240480961924 6.17527134017e-10
0.260521042084 1.87757846722e-11
0.280561122244 2.00444649729e-11
0.300601202405 2.11068032483e-11
0.320641282565 2.23954616598e-11
0.340681362725 2.40155584856e-11
0.360721442886 2.49959389768e-11
0.380761523046 2.58258614135e-11
0.400801603206 2.65726339958e-11
0.420841683367 2.72677475488e-11
0.440881763527 2.79153124575e-11
0.460921843687 2.8508672063e-11
0.480961923848 2.90355097799e-11
0.501002004008 2.94641305217e-11
0.521042084168 2.98625418023e-11
0.541082164329 3.02291830501e-11
0.561122244489 3.05603972707e-11
0.581162324649 3.08697989047e-11
0.60120240481 3.11589636621e-11
0.62124248497 3.14100158825e-11
0.64128256513 3.16328224484e-11
0.661322645291 3.18443547094e-11
0.681362725451 3.20028139928e-11
0.701402805611 3.20242474518e-11
0.721442885772 3.20462110002e-11
0.741482965932 3.20659901682e-11
0.761523046092 3.20420902692e-11
0.781563126253 3.20169472648e-11
0.801603206413 3.19962551483e-11
0.821643286573 3.18515695812e-11
0.841683366733 3.16279954342e-11
0.861723446894 3.14155219912e-11
0.881763527054 3.11447969714e-11
0.901803607214 3.06979343966e-11
0.921843687375 3.02718469749e-11
0.941883767535 2.98641470973e-11
0.961923847695 2.93722039216e-11
0.981963927856 2.88937260756e-11
1.00200400802 2.84371292303e-11
1.02204408818 2.80463087603e-11
1.04208416834 2.77014509986e-11
1.0621242485 2.73692045527e-11
1.08216432866 2.703595726e-11
1.10220440882 2.66856456675e-11
1.12224448898 2.63483927673e-11
1.14228456914 2.6027131558e-11
1.1623246493 2.56057206379e-11
1.18236472946 2.51919120308e-11
1.20240480962 2.47923160885e-11
1.22244488978 2.43978969907e-11
1.24248496994 2.40113391548e-11
1.2625250501 2.36372445373e-11
1.28256513026 2.32802568594e-11
1.30260521042 2.29486070288e-11
1.32264529058 2.26272892417e-11
1.34268537074 2.23157538275e-11
1.3627254509 2.20508236896e-11
1.38276553106 2.17957501368e-11
1.40280561122 2.15475394791e-11
1.42284569138 2.12785530931e-11
1.44288577154 2.10004848428e-11
1.4629258517 2.07300706322e-11
1.48296593186 2.04706063998e-11
1.50300601202 2.02274208608e-11
1.52304609218 1.99907711742e-11
1.54308617234 1.97622235732e-11
1.56312625251 1.94949408414e-11
1.58316633267 1.92326761729e-11
1.60320641283 1.897709856e-11
1.62324649299 1.87287952833e-11
1.64328657315 1.84871440415e-11
1.66332665331 1.82511935498e-11
1.68336673347 1.80307710098e-11
1.70340681363 1.78394234481e-11
1.72344689379 1.76525990571e-11
1.74348697395 1.7469996822e-11
1.76352705411 1.71883386279e-11
1.78356713427 1.69098993452e-11
1.80360721443 1.66377407829e-11
1.82364729459 1.64047461524e-11
1.84368737475 1.61953133958e-11
1.86372745491 1.59904424429e-11
1.88376753507 1.58184783435e-11
1.90380761523 1.57129629131e-11
1.92384769539 1.56096790656e-11
1.94388777555 1.55085564701e-11
1.96392785571 1.53008122452e-11
1.98396793587 1.50951140105e-11
2.00400801603 1.4891092171e-11
2.02404809619 1.47007335785e-11
2.04408817635 1.4513856898e-11
2.06412825651 1.43306644004e-11
2.08416833667 1.41518032784e-11
2.10420841683 1.39779878877e-11
2.12424849699 1.38075001849e-11
2.14428857715 1.36402452233e-11
2.16432865731 1.34689665992e-11
2.18436873747 1.33008044064e-11
2.20440881764 1.31357409076e-11
2.2244488978 1.29524845399e-11
2.24448897796 1.27617355868e-11
2.26452905812 1.25744023043e-11
2.28456913828 1.23871618313e-11
2.30460921844 1.2196726746e-11
2.3246492986 1.20096108074e-11
2.34468937876 1.18257523754e-11
2.36472945892 1.16817865368e-11
2.38476953908 1.15402684894e-11
2.40480961924 1.1401136149e-11
2.4248496994 1.12604450092e-11
2.44488977956 1.112019474e-11
2.46492985972 1.09822494331e-11
2.48496993988 1.08286108211e-11
2.50501002004 1.06430427177e-11
2.5250501002 1.04604458723e-11
2.54509018036 1.0281541917e-11
2.56513026052 1.01761621263e-11
2.58517034068 1.007243386e-11
2.60521042084 9.97031848107e-12
2.625250501 9.83203378313e-12
2.64529058116 9.67832548525e-12
2.66533066132 9.52694740419e-12
2.68537074148 9.37902855769e-12
2.70541082164 9.23548514222e-12
2.7254509018 9.09406925135e-12
2.74549098196 8.95517034182e-12
2.76553106212 8.83817806927e-12
2.78557114228 8.7228828176e-12
2.80561122244 8.60924782911e-12
2.82565130261 8.45271433749e-12
2.84569138277 8.27867258993e-12
2.86573146293 8.1070801588e-12
2.88577154309 7.96061513362e-12
2.90581162325 7.85604130011e-12
2.92585170341 7.75291051792e-12
2.94589178357 7.65025857446e-12
2.96593186373 7.52062631534e-12
2.98597194389 7.3927449253e-12
3.00601202405 7.26657908516e-12
3.02605210421 7.14012333413e-12
3.04609218437 7.01450925092e-12
3.06613226453 6.89054672805e-12
3.08617234469 6.77080519149e-12
3.10621242485 6.65698344049e-12
3.12625250501 6.54462927437e-12
3.14629258517 6.43414727053e-12
3.16633266533 6.33488029524e-12
3.18637274549 6.23686909783e-12
3.20641282565 6.14008994211e-12
3.22645290581 6.02542738007e-12
3.24649298597 5.90451705783e-12
3.26653306613 5.78509748297e-12
3.28657314629 5.66274354931e-12
3.30661322645 5.53481518168e-12
3.32665330661 5.40843501131e-12
3.34669338677 5.2850895348e-12
3.36673346693 5.19047522272e-12
3.38677354709 5.09698594375e-12
3.40681362725 5.00460170668e-12
3.42685370741 4.90854462292e-12
3.44689378758 4.81179209861e-12
3.46693386774 4.71616298908e-12
3.4869739479 4.62322274118e-12
3.50701402806 4.53378761119e-12
3.52705410822 4.44537312357e-12
3.54709418838 4.35729432748e-12
3.56713426854 4.2602825938e-12
3.5871743487 4.16435901968e-12
3.60721442886 4.06950536361e-12
3.62725450902 3.98018507949e-12
3.64729458918 3.89347517571e-12
3.66733466934 3.80771650932e-12
3.6873747495 3.72569971358e-12
3.70741482966 3.64870919321e-12
3.72745490982 3.57254963879e-12
3.74749498998 3.49743277579e-12
3.76753507014 3.42596103971e-12
3.7875751503 3.35524839101e-12
3.80761523046 3.28528277703e-12
3.82765531062 3.20672903962e-12
3.84769539078 3.12579033218e-12
3.86773547094 3.045693094e-12
3.8877755511 2.97094485166e-12
3.90781563126 2.90335165111e-12
3.92785571142 2.83645045318e-12
3.94789579158 2.77069901585e-12
3.96793587174 2.71073863432e-12
3.9879759519 2.65138284706e-12
4.00801603206 2.59262253866e-12
4.02805611222 2.52889067187e-12
4.04809619238 2.46398208403e-12
4.06813627255 2.39971488561e-12
4.08817635271 2.34035484793e-12
4.10821643287 2.28736528282e-12
4.12825651303 2.23489174544e-12
4.14829659319 2.18273284388e-12
4.16833667335 2.12921038487e-12
4.18837675351 2.07620157586e-12
4.20841683367 2.02369904532e-12
4.22845691383 1.97534494275e-12
4.24849699399 1.92857154706e-12
4.26853707415 1.88223858124e-12
4.28857715431 1.83522383161e-12
4.30861723447 1.78719841479e-12
4.32865731463 1.73961886067e-12
4.34869739479 1.6930012189e-12
4.36873747495 1.65129006335e-12
4.38877755511 1.60996084868e-12
4.40881763527 1.56900834387e-12
4.42885771543 1.53127357645e-12
4.44889779559 1.49470633929e-12
4.46893787575 1.45846792162e-12
4.48897795591 1.42225063353e-12
4.50901803607 1.38597839385e-12
4.52905811623 1.35002795164e-12
4.54909819639 1.31457224945e-12
4.56913827655 1.28079475514e-12
4.58917835671 1.24731298347e-12
4.60921843687 1.21412306137e-12
4.62925851703 1.18158647774e-12
4.64929859719 1.14943097672e-12
4.66933867735 1.11755213314e-12
4.68937875752 1.08761610068e-12
4.70941883768 1.05993028669e-12
4.72945891784 1.03247965163e-12
4.749498998 1.00498508501e-12
4.76953907816 9.75791915801e-13
4.78957915832 9.4684357724e-13
4.80961923848 9.18136997497e-13
4.82965931864 8.92325168921e-13
4.8496993988 8.67410006254e-13
4.86973947896 8.42700355243e-13
4.88977955912 8.18731559316e-13
4.90981963928 7.95575381857e-13
4.92985971944 7.72607869541e-13
4.9498997996 7.50130019096e-13
4.96993987976 7.29768890221e-13
4.98997995992 7.09571656199e-13
5.01002004008 6.89907439355e-13
5.03006012024 6.7074322586e-13
5.0501002004 6.51731428275e-13
5.07014028056 6.33864488932e-13
5.09018036072 6.16158944799e-13
5.11022044088 5.98592554053e-13
5.13026052104 5.81163679961e-13
5.1503006012 5.6387071141e-13
5.17034068136 5.47934611426e-13
5.19038076152 5.32200377136e-13
5.21042084168 5.16587416766e-13
5.23046092184 5.01094331314e-13
5.250501002 4.85719743257e-13
5.27054108216 4.71856184238e-13
5.29058116232 4.58253860115e-13
5.31062124248 4.44754395498e-13
5.33066132265 4.31356626138e-13
5.35070140281 4.18059405325e-13
5.37074148297 4.05243738188e-13
5.39078156313 3.92586229824e-13
5.41082164329 3.8002265446e-13
5.43086172345 3.67551968664e-13
5.45090180361 3.55173144433e-13
5.47094188377 3.44098552914e-13
5.49098196393 3.33373561105e-13
5.51102204409 3.22726712097e-13
5.53106212425 3.12157153565e-13
5.55110220441 3.0166404556e-13
5.57114228457 2.9168853291e-13
5.59118236473 2.81910496739e-13
5.61122244489 2.72202426205e-13
5.63126252505 2.62563571837e-13
5.65130260521 2.52993194853e-13
5.67134268537 2.44294647381e-13
5.69138276553 2.35942863839e-13
5.71142284569 2.27649790729e-13
5.73146292585 2.19414810131e-13
5.75150300601 2.11237312785e-13
5.77154308617 2.0340784715e-13
5.79158316633 1.9575881033e-13
5.81162324649 1.88162612791e-13
5.83166332665 1.80618708027e-13
5.85170340681 1.73126557056e-13
5.87174348697 1.66041461218e-13
5.89178356713 1.59190140653e-13
5.91182364729 1.52385343991e-13
5.93186372745 1.45626598203e-13
5.95190380762 1.3891343667e-13
5.97194388778 1.32902410799e-13
5.99198396794 1.27339575695e-13
6.0120240481 1.21813886124e-13
6.03206412826 1.16324970643e-13
6.05210420842 1.10872462755e-13
6.07214428858 1.05728505087e-13
6.09218436874 1.00818571348e-13
6.1122244489 9.59408845854e-14
6.13226452906 9.10951276217e-14
6.15230460922 8.62809874351e-14
6.17234468938 8.16562935397e-14
6.19238476954 7.71983814721e-14
6.2124248497 7.2769273635e-14
6.23246492986 6.8368691294e-14
6.25250501002 6.39963593088e-14
6.27254509018 5.99850231137e-14
6.29258517034 5.63379872734e-14
6.3126252505 5.27141426145e-14
6.33266533066 4.91132682443e-14
6.35270541082 4.5535146074e-14
6.37274549098 4.22091182079e-14
6.39278557114 3.91785589231e-14
6.4128256513 3.61669697281e-14
6.43286573146 3.31741727328e-14
6.45290581162 3.01999922711e-14
6.47294589178 2.75846539472e-14
6.49298597194 2.54654915741e-14
6.5130260521 2.33593923814e-14
6.53306613226 2.12662356821e-14
6.55310621242 1.91859022767e-14
6.57314629259 1.73553767108e-14
6.59318637275 1.59321327757e-14
6.61322645291 1.45175314915e-14
6.63326653307 1.31114941495e-14
6.65330661323 1.17139429986e-14
6.67334669339 1.03718840687e-14
6.69338677355 9.13176709297e-15
6.71342685371 7.89906813657e-15
6.73346693387 6.67372064764e-15
6.75350701403 5.45565887223e-15
6.77354709419 4.37219707004e-15
6.79358717435 3.60171649479e-15
6.81362725451 2.83577909727e-15
6.83366733467 2.07434465268e-15
6.85370741483 1.3173734132e-15
6.87374749499 7.2103965677e-16
6.89378757515 5.89245307184e-16
6.91382765531 4.58222270267e-16
6.93386773547 3.27963666728e-16
6.95390781563 1.98462701727e-16
6.97394789579 9.40328089767e-17
6.99398797595 8.02815457296e-17
7.01402805611 6.66147399235e-17
7.03406813627 5.30315101232e-17
7.05410821643 3.95309892532e-17
7.07414829659 2.76306513781e-17
7.09418837675 2.31055599868e-17
7.11422845691 1.86109809804e-17
7.13426853707 1.41465206068e-17
7.15430861723 9.7117932492e-18
7.17434869739 5.85792699484e-18
7.19438877756 5.66795263648e-18
7.21442885772 5.48332957628e-18
7.23446893788 5.30389621067e-18
7.25450901804 5.12949591566e-18
7.2745490982 4.96142479201e-18
7.29458917836 4.81251668217e-18
7.31462925852 4.66811307047e-18
7.33466933868 4.52807645723e-18
7.35470941884 4.39227358401e-18
7.374749499 4.26057530118e-18
7.39478957916 4.13285643972e-18
7.41482965932 4.00899568701e-18
7.43486973948 3.88887546665e-18
7.45490981964 3.77238182197e-18
7.4749498998 3.65940430331e-18
7.49498997996 3.5498358588e-18
7.51503006012 3.44357272862e-18
7.53507014028 3.34051434258e-18
7.55511022044 3.24056322094e-18
7.5751503006 3.14362487835e-18
7.59519038076 3.04960773081e-18
7.61523046092 2.95842300555e-18
7.63527054108 2.86998465382e-18
7.65531062124 2.78420926628e-18
7.6753507014 2.70101599121e-18
7.69539078156 2.62032645516e-18
7.71543086172 2.54206468616e-18
7.73547094188 2.46615703935e-18
7.75551102204 2.39253212487e-18
7.7755511022 2.32112073812e-18
7.79559118236 2.25185579209e-18
7.81563126253 2.1846722519e-18
7.83567134269 2.11950707134e-18
7.85571142285 2.05629913142e-18
7.87575150301 1.99498918083e-18
7.89579158317 1.93551977827e-18
7.91583166333 1.87783523658e-18
7.93587174349 1.8218815686e-18
7.95591182365 1.76760643475e-18
7.97595190381 1.71495909224e-18
7.99599198397 1.66389034581e-18
8.01603206413 1.61435250013e-18
8.03607214429 1.56629931352e-18
8.05611222445 1.51968595326e-18
8.07615230461 1.47446895221e-18
8.09619238477 1.43060616677e-18
8.11623246493 1.38805673624e-18
8.13627254509 1.34678104333e-18
8.15631262525 1.30674067598e-18
8.17635270541 1.2678983903e-18
8.19639278557 1.23021807476e-18
8.21643286573 1.19366471537e-18
8.23647294589 1.15820436203e-18
8.25651302605 1.12380409588e-18
8.27655310621 1.0904319977e-18
8.29659318637 1.05805711725e-18
8.31663326653 1.02664944357e-18
8.33667334669 9.96179876238e-19
8.35671342685 9.66620197444e-19
8.37675350701 9.37943045008e-19
8.39679358717 9.10121886177e-19
8.41683366733 8.8313099226e-19
8.43687374749 8.56945414033e-19
8.45691382766 8.31540957913e-19
8.47695390782 8.06894162865e-19
8.49699398798 7.82982278019e-19
8.51703406814 7.59783240984e-19
8.5370741483 7.37275656828e-19
8.55711422846 7.15438777701e-19
8.57715430862 6.94252483099e-19
8.59719438878 6.73697260723e-19
8.61723446894 6.53754187936e-19
8.6372745491 6.34404913789e-19
8.65731462926 6.15631641598e-19
8.67735470942 5.97417112059e-19
8.69739478958 5.79744586886e-19
8.71743486974 5.62597832946e-19
8.7374749499 5.45961106884e-19
8.75751503006 5.29819140222e-19
8.77755511022 5.14157124916e-19
8.79759519038 4.98960699351e-19
8.81763527054 4.84215934776e-19
8.8376753507 4.69909322146e-19
8.85771543086 4.5602775937e-19
8.87775551102 4.42558538955e-19
8.89779559118 4.29489336021e-19
8.91783567134 4.1680819669e-19
8.9378757515 4.04503526829e-19
8.95791583166 3.92564081131e-19
8.97795591182 3.80978952542e-19
8.99799599198 3.69737562005e-19
9.01803607214 3.58829648513e-19
9.0380761523 3.48245259479e-19
9.05811623246 3.37974741387e-19
9.07815631263 3.2800873074e-19
9.09819639279 3.18338145273e-19
9.11823647295 3.08954175447e-19
9.13827655311 2.99848276193e-19
9.15831663327 2.91012158912e-19
9.17835671343 2.8243778372e-19
9.19839679359 2.74117351926e-19
9.21843687375 2.66043298743e-19
9.23847695391 2.5820828622e-19
9.25851703407 2.50605196389e-19
9.27855711423 2.4322712462e-19
9.29859719439 2.36067373181e-19
9.31863727455 2.2911944499e-19
9.33867735471 2.22377037565e-19
9.35871743487 2.15834037146e-19
9.37875751503 2.09484513007e-19
9.39879759519 2.03322711937e-19
9.41883767535 1.97343052883e-19
9.43887775551 1.9154012177e-19
9.45891783567 1.85908666463e-19
9.47895791583 1.80443591888e-19
9.49899799599 1.75139955309e-19
9.51903807615 1.69992961733e-19
9.53907815631 1.64997959468e-19
9.55911823647 1.60150435809e-19
9.57915831663 1.55446012854e-19
9.59919839679 1.50880443455e-19
9.61923847695 1.46449607279e-19
9.63927855711 1.42149507e-19
9.65931863727 1.37976264601e-19
9.67935871743 1.33926117787e-19
9.6993987976 1.2999541651e-19
9.71943887776 1.26180619597e-19
9.73947895792 1.22478291481e-19
9.75951903808 1.1888509903e-19
9.77955911824 1.15397808473e-19
9.7995991984 1.12013282417e-19
9.81963927856 1.08728476958e-19
9.83967935872 1.05540438874e-19
9.85971943888 1.02446302909e-19
9.87975951904 9.94432891337e-20
9.8997995992 0.0
9.91983967936 0.0
9.93987975952 0.0
9.95991983968 0.0
9.97995991984 0.0
10.0 0.0
