0.0 0.0
0.0200400801603 0.0
0.0400801603206 0.0
0.060120240481 0.0
0.0801603206413 0.0
0.100200400802 0.0
0.120240480962 0.0
0.140280561122 0.0
0.160320641283 0.0
0.180360721443 0.0
0.200400801603 0.0
0.220440881764 0.0
0.240480961924 0.0
0.260521042084 0.0
0.280561122244 0.0
0.300601202405 0.0
0.320641282565 0.0
0.340681362725 0.0
0.360721442886 0.0
0.380761523046 1.56491219536e-10
0.400801603206 4.81332841684e-11
0.420841683367 3.73404323073e-11
0.440881763527 3.2806683421e-11
0.460921843687 3.03000648332e-11
0.480961923848 2.87085109774e-11
0.501002004008 2.75775275801e-11
0.521042084168 2.67686443492e-11
0.541082164329 2.61641874769e-11
0.561122244489 2.56957747351e-11
0.581162324649 2.53320407509e-11
0.60120240481 2.50444442321e-11
0.62124248497 2.4798922375e-11
0.64128256513 2.45896805512e-11
0.661322645291 2.44193857813e-11
0.681362725451 2.42485661177e-11
0.701402805611 2.40081798858e-11
0.721442885772 2.37974442187e-11
0.741482965932 2.36087624184e-11
0.761523046092 2.34092635453e-11
0.781563126253 2.3227366013e-11
0.801603206413 2.30654223078e-11
0.821643286573 2.28292025361e-11
0.841683366733 2.25498586647e-11
0.861723446894 2.22900465798e-11
0.881763527054 2.1999036748e-11
0.901803607214 2.15940880759e-11
0.921843687375 2.12131335824e-11
0.941883767535 2.08529792539e-11
0.961923847695 2.04417361533e-11
0.981963927856 2.00468263686e-11
1.00200400802 1.96739302078e-11
1.02204408818 1.93522782192e-11
1.04208416834 1.90669796424e-11
1.0621242485 1.87941332659e-11
1.08216432866 1.85233868912e-11
1.10220440882 1.82445287381e-11
1.12224448898 1.79778379017e-11
1.14228456914 1.77263344465e-11
1.1623246493 1.74095957656e-11
1.18236472946 1.7100655771e-11
1.20240480962 1.68037375002e-11
1.22244488978 1.65125177458e-11
1.24248496994 1.62286376646e-11
1.2625250501 1.59549610333e-11
1.28256513026 1.569435259e-11
1.30260521042 1.54523478428e-11
1.32264529058 1.52187073134e-11
1.34268537074 1.49929173989e-11
1.3627254509 1.47995625839e-11
1.38276553106 1.46138798893e-11
1.40280561122 1.443355697e-11
1.42284569138 1.42401537851e-11
1.44288577154 1.404158778e-11
1.4629258517 1.38489309318e-11
1.48296593186 1.36642523247e-11
1.50300601202 1.349115532e-11
1.52304609218 1.33230900433e-11
1.54308617234 1.3161707878e-11
1.56312625251 1.29751793577e-11
1.58316633267 1.27925590776e-11
1.60320641283 1.26149212101e-11
1.62324649299 1.24426159694e-11
1.64328657315 1.22751928789e-11
1.66332665331 1.21119104897e-11
1.68336673347 1.19591556843e-11
1.70340681363 1.18260374312e-11
1.72344689379 1.16962628471e-11
1.74348697395 1.15695603619e-11
1.76352705411 1.13776858077e-11
1.78356713427 1.1188292035e-11
1.80360721443 1.10033861196e-11
1.82364729459 1.08446566078e-11
1.84368737475 1.0701757864e-11
1.86372745491 1.05621239007e-11
1.88376753507 1.04444336065e-11
1.90380761523 1.03707667038e-11
1.92384769539 1.02987460285e-11
1.94388777555 1.02283160813e-11
1.96392785571 1.00878201273e-11
1.98396793587 9.94886642527e-12
2.00400801603 9.81031795832e-12
2.02404809619 9.68281809065e-12
2.04408817635 9.55682443618e-12
2.06412825651 9.4334159781e-12
2.08416833667 9.31300947816e-12
2.10420841683 9.19606587295e-12
2.12424849699 9.08144757668e-12
2.14428857715 8.96908494114e-12
2.16432865731 8.85420467692e-12
2.18436873747 8.74149251824e-12
2.20440881764 8.63093060278e-12
2.2244488978 8.50853679216e-12
2.24448897796 8.38133671455e-12
2.26452905812 8.25648650567e-12
2.28456913828 8.13180076454e-12
2.30460921844 8.00511929212e-12
2.3246492986 7.88071099846e-12
2.34468937876 7.75853062349e-12
2.36472945892 7.66258895417e-12
2.38476953908 7.56832714539e-12
2.40480961924 7.47570092636e-12
2.4248496994 7.38212247283e-12
2.44488977956 7.28889975111e-12
2.46492985972 7.19725118325e-12
2.48496993988 7.09538698355e-12
2.50501002004 6.97267835814e-12
2.5250501002 6.85198150754e-12
2.54509018036 6.73376565351e-12
2.56513026052 6.66373259296e-12
2.58517034068 6.59482587979e-12
2.60521042084 6.52701825983e-12
2.625250501 6.43558902585e-12
2.64529058116 6.33411685253e-12
2.66533066132 6.23421637756e-12
2.68537074148 6.13662385167e-12
2.70541082164 6.04193609421e-12
2.7254509018 5.94868089816e-12
2.74549098196 5.85711106295e-12
2.76553106212 5.77989981644e-12
2.78557114228 5.70383164763e-12
2.80561122244 5.62888110778e-12
2.82565130261 5.52592794528e-12
2.84569138277 5.41157041142e-12
2.86573146293 5.29885032848e-12
2.88577154309 5.20258165457e-12
2.90581162325 5.13370932379e-12
2.92585170341 5.06580495807e-12
2.94589178357 4.99823778698e-12
2.96593186373 4.91307456994e-12
2.98597194389 4.82908071822e-12
3.00601202405 4.74623209947e-12
3.02605210421 4.66321834339e-12
3.04609218437 4.58077752128e-12
3.06613226453 4.49943749729e-12
3.08617234469 4.42087449994e-12
3.10621242485 4.34619602817e-12
3.12625250501 4.27249495717e-12
3.14629258517 4.20003453204e-12
3.16633266533 4.13491048775e-12
3.18637274549 4.07062244678e-12
3.20641282565 4.00715428294e-12
3.22645290581 3.93203453697e-12
3.24649298597 3.85285569246e-12
3.26653306613 3.77466599835e-12
3.28657314629 3.69457845959e-12
3.30661322645 3.61087108453e-12
3.32665330661 3.52818938426e-12
3.34669338677 3.44750214676e-12
3.36673346693 3.3855653308e-12
3.38677354709 3.32437423088e-12
3.40681362725 3.26391536096e-12
3.42685370741 3.20107316191e-12
3.44689378758 3.13778886532e-12
3.46693386774 3.07524798971e-12
3.4869739479 3.01447060929e-12
3.50701402806 2.95598823668e-12
3.52705410822 2.89818084206e-12
3.54709418838 2.84060163868e-12
3.56713426854 2.77720959478e-12
3.5871743487 2.71453620132e-12
3.60721442886 2.65256922641e-12
3.62725450902 2.59421693001e-12
3.64729458918 2.53757390945e-12
3.66733466934 2.48155864713e-12
3.6873747495 2.42798910968e-12
3.70741482966 2.37770159712e-12
3.72745490982 2.32796226666e-12
3.74749498998 2.27890881297e-12
3.76753507014 2.23223631535e-12
3.7875751503 2.18606431843e-12
3.80761523046 2.14038476434e-12
3.82765531062 2.08911693237e-12
3.84769539078 2.03630167198e-12
3.86773547094 1.98404042238e-12
3.8877755511 1.93526863598e-12
3.90781563126 1.89116196723e-12
3.92785571142 1.84751083946e-12
3.94789579158 1.80461318221e-12
3.96793587174 1.76549112368e-12
3.9879759519 1.72676694679e-12
4.00801603206 1.68843457739e-12
4.02805611222 1.64686912464e-12
4.04809619238 1.60454160881e-12
4.06813627255 1.56263572519e-12
4.08817635271 1.52392854343e-12
4.10821643287 1.48937230486e-12
4.12825651303 1.45515527332e-12
4.14829659319 1.42114624119e-12
4.16833667335 1.38625268346e-12
4.18837675351 1.35169656178e-12
4.20841683367 1.31747297903e-12
4.22845691383 1.2859525093e-12
4.24849699399 1.25546357009e-12
4.26853707415 1.22526385126e-12
4.28857715431 1.19462288979e-12
4.30861723447 1.16332662568e-12
4.32865731463 1.13232297684e-12
4.34869739479 1.10194770408e-12
4.36873747495 1.07476770476e-12
4.38877755511 1.04783832329e-12
4.40881763527 1.02115609182e-12
4.42885771543 9.96569647412e-13
4.44889779559 9.72744719345e-13
4.46893787575 9.49135477734e-13
4.48897795591 9.25541667224e-13
4.50901803607 9.0191374969e-13
4.52905811623 8.78496818745e-13
4.54909819639 8.55403344993e-13
4.56913827655 8.33403237792e-13
4.58917835671 8.11596963728e-13
4.60921843687 7.89981960176e-13
4.62925851703 7.68793353784e-13
4.64929859719 7.4785397448e-13
4.66933867735 7.27095847686e-13
4.68937875752 7.07602786514e-13
4.70941883768 6.89574650001e-13
4.72945891784 6.71700571984e-13
4.749498998 6.53798968588e-13
4.76953907816 6.34793532429e-13
4.78957915832 6.1594840102e-13
4.80961923848 5.97261545728e-13
4.82965931864 5.80458480925e-13
4.8496993988 5.64239516301e-13
4.86973947896 5.48155080764e-13
4.88977955912 5.32553323841e-13
4.90981963928 5.17480873385e-13
4.92985971944 5.0253189508e-13
4.9498997996 4.87902116709e-13
4.96993987976 4.74649625117e-13
4.98997995992 4.61504379657e-13
5.01002004008 4.48706402837e-13
5.03006012024 4.36234195025e-13
5.0501002004 4.23861698304e-13
5.07014028056 4.12234248947e-13
5.09018036072 4.0071229434e-13
5.11022044088 3.89281356145e-13
5.13026052104 3.77940355495e-13
5.1503006012 3.66688230588e-13
5.17034068136 3.56318852523e-13
5.19038076152 3.46081184183e-13
5.21042084168 3.35922810678e-13
5.23046092184 3.25842810408e-13
5.250501002 3.15840276067e-13
5.27054108216 3.0682056467e-13
5.29058116232 2.97971069457e-13
5.31062124248 2.89188809599e-13
5.33066132265 2.8047301853e-13
5.35070140281 2.71822941349e-13
5.37074148297 2.63486264453e-13
5.39078156313 2.55252728567e-13
5.41082164329 2.4708057077e-13
5.43086172345 2.38969104502e-13
5.45090180361 2.3091765345e-13
5.47094188377 2.23714329012e-13
5.49098196393 2.16738526545e-13
5.51102204409 2.0981377244e-13
5.53106212425 2.02939506111e-13
5.55110220441 1.96115175188e-13
5.57114228457 1.89627526556e-13
5.59118236473 1.8326846181e-13
5.61122244489 1.76955089582e-13
5.63126252505 1.70686917207e-13
5.65130260521 1.64463459109e-13
5.67134268537 1.58806871775e-13
5.69138276553 1.53375853444e-13
5.71142284569 1.47983168635e-13
5.73146292585 1.42628411314e-13
5.75150300601 1.3731118119e-13
5.77154308617 1.32220312877e-13
5.79158316633 1.27246865191e-13
5.81162324649 1.22307907896e-13
5.83166332665 1.17403082069e-13
5.85170340681 1.12532033772e-13
5.87174348697 1.07925670365e-13
5.89178356713 1.03471367008e-13
5.91182364729 9.90474241728e-14
5.93186372745 9.4653531335e-14
5.95190380762 9.02893822096e-14
5.97194388778 8.63816442736e-14
5.99198396794 8.2765272609e-14
6.0120240481 7.91731375695e-14
6.03206412826 7.56049953726e-14
6.05210420842 7.20606055111e-14
6.07214428858 6.87168127233e-14
6.09218436874 6.55251803118e-14
6.1122244489 6.23545837653e-14
6.13226452906 5.92048149962e-14
6.15230460922 5.60756686666e-14
6.17234468938 5.30697004938e-14
6.19238476954 5.01721784397e-14
6.2124248497 4.72934420931e-14
6.23246492986 4.44333086647e-14
6.25250501002 4.15915977417e-14
6.27254509018 3.89845154763e-14
6.29258517034 3.66142015392e-14
6.3126252505 3.42590103008e-14
6.33266533066 3.19187969349e-14
6.35270541082 2.95934184686e-14
6.37274549098 2.74318863987e-14
6.39278557114 2.54623773544e-14
6.4128256513 2.35052365727e-14
6.43286573146 2.1560347448e-14
6.45290581162 1.96275948447e-14
6.47294589178 1.79280264779e-14
6.49298597194 1.6550862549e-14
6.5130260521 1.51822154697e-14
6.53306613226 1.38220061182e-14
6.55310621242 1.24701563563e-14
6.57314629259 1.12806309248e-14
6.59318637275 1.03557330985e-14
6.61322645291 9.436470336e-15
6.63326653307 8.52279101576e-15
6.65330661323 7.61464415034e-15
6.67334669339 6.74256721591e-15
6.69338677355 5.93673536721e-15
6.71342685371 5.13573929647e-15
6.73346693387 4.33953536715e-15
6.75350701403 3.54808047076e-15
6.77354709419 2.84408212057e-15
6.79358717435 2.3434201324e-15
6.81362725451 1.84572037328e-15
6.83366733467 1.35095644493e-15
6.85370741483 8.59102265591e-16
6.87374749499 4.71610346744e-16
6.89378757515 3.85895436768e-16
6.91382765531 3.0068573782e-16
6.93386773547 2.15976664297e-16
6.95390781563 1.31763688818e-16
6.97394789579 6.38404711818e-17
6.99398797595 5.48243347044e-17
7.01402805611 4.58657076416e-17
7.03406813627 3.69639372693e-17
7.05410821643 2.81183826554e-17
7.07414829659 2.03146725436e-17
7.09418837675 1.7303993065e-17
7.11422845691 1.43153328886e-17
7.13426853707 1.1348369169e-17
7.15430861723 8.40278641666e-18
7.17434869739 5.83650607817e-18
7.19438877756 5.65202642596e-18
7.21442885772 5.47287453661e-18
7.23446893788 5.29888876942e-18
7.25450901804 5.12991247162e-18
7.2745490982 4.96673427584e-18
7.29458917836 4.81763849157e-18
7.31462925852 4.67305395158e-18
7.33466933868 4.53284290922e-18
7.35470941884 4.39687186828e-18
7.374749499 4.26501145023e-18
7.39478957916 4.13713626568e-18
7.41482965932 4.01312478989e-18
7.43486973948 3.89285924219e-18
7.45490981964 3.77622546927e-18
7.4749498998 3.66311283212e-18
7.49498997996 3.55341409655e-18
7.51503006012 3.4470253272e-18
7.53507014028 3.34384578484e-18
7.55511022044 3.24377782694e-18
7.5751503006 3.14672681141e-18
7.59519038076 3.05260100327e-18
7.61523046092 2.9613114844e-18
7.63527054108 2.87277206602e-18
7.65531062124 2.78689920396e-18
7.6753507014 2.70361191661e-18
7.69539078156 2.62283170543e-18
7.71543086172 2.54448247798e-18
7.73547094188 2.46849047333e-18
7.75551102204 2.39478418985e-18
7.7755511022 2.32329431523e-18
7.79559118236 2.25395365874e-18
7.81563126253 2.18669708556e-18
7.83567134269 2.12146145323e-18
7.85571142285 2.05818555e-18
7.87575150301 1.99681003521e-18
7.89579158317 1.93727738148e-18
7.91583166333 1.8795318187e-18
7.93587174349 1.8235192798e-18
7.95591182365 1.76918734822e-18
7.97595190381 1.71648520694e-18
7.99599198397 1.66536358925e-18
8.01603206413 1.6157747309e-18
8.03607214429 1.56767232385e-18
8.05611222445 1.52101147139e-18
8.07615230461 1.47574864473e-18
8.09619238477 1.43184164088e-18
8.11623246493 1.38924954187e-18
8.13627254509 1.34793267523e-18
8.15631262525 1.30785257571e-18
8.17635270541 1.26897194818e-18
8.19639278557 1.23125463169e-18
8.21643286573 1.19466556463e-18
8.23647294589 1.15917075101e-18
8.25651302605 1.12473722771e-18
8.27655310621 1.09133303288e-18
8.29659318637 1.05892717516e-18
8.31663326653 1.02748960396e-18
8.33667334669 9.96991180646e-19
8.35671342685 9.67403650588e-19
8.37675350701 9.38699616095e-19
8.39679358717 9.10852510184e-19
8.41683366733 8.83836571159e-19
8.43687374749 8.57626817978e-19
8.45691382766 8.32199026381e-19
8.47695390782 8.07529705751e-19
8.49699398798 7.83596076699e-19
8.51703406814 7.60376049335e-19
8.5370741483 7.37848202207e-19
8.55711422846 7.15991761899e-19
8.57715430862 6.94786583248e-19
8.59719438878 6.7421313018e-19
8.61723446894 6.54252457128e-19
8.6372745491 6.34886191033e-19
8.65731462926 6.16096513885e-19
8.67735470942 5.97866145818e-19
8.69739478958 5.80178328711e-19
8.71743486974 5.63016810303e-19
8.7374749499 5.46365828791e-19
8.75751503006 5.30210097902e-19
8.77755511022 5.14534792431e-19
8.79759519038 4.99325534211e-19
8.81763527054 4.84568378523e-19
8.8376753507 4.7024980092e-19
8.85771543086 4.56356684456e-19
8.87775551102 4.42876307308e-19
8.89779559118 4.29796330772e-19
8.91783567134 4.17104787636e-19
8.9378757515 4.047900709e-19
8.95791583166 3.9284092285e-19
8.97795591182 3.81246424459e-19
8.99799599198 3.69995985118e-19
9.01803607214 3.5907933268e-19
9.0380761523 3.48486503805e-19
9.05811623246 3.38207834605e-19
9.07815631263 3.28233951574e-19
9.09819639279 3.18555762795e-19
9.11823647295 3.09164449409e-19
9.13827655311 3.00051457359e-19
9.15831663327 2.91208489372e-19
9.17835671343 2.82627497195e-19
9.19839679359 2.74300674059e-19
9.21843687375 2.66220447386e-19
9.23847695391 2.58379471704e-19
9.25851703407 2.50770621787e-19
9.27855711423 2.43386986003e-19
9.29859719439 2.3622185986e-19
9.31863727455 2.29268739756e-19
9.33867735471 2.22521316912e-19
9.35871743487 2.15973471494e-19
9.37875751503 2.09619266915e-19
9.39879759519 2.03452944302e-19
9.41883767535 1.97468917145e-19
9.43887775551 1.91661766095e-19
9.45891783567 1.8602623393e-19
9.47895791583 1.80557220666e-19
9.49899799599 1.75249778827e-19
9.51903807615 1.70099108845e-19
9.53907815631 1.65100554612e-19
9.55911823647 1.60249599159e-19
9.57915831663 1.55541860472e-19
9.59919839679 1.50973087428e-19
9.61923847695 1.46539155862e-19
9.63927855711 1.42236064745e-19
9.65931863727 1.38059932487e-19
9.67935871743 1.34006993344e-19
9.6993987976 1.30073593937e-19
9.71943887776 1.26256189878e-19
9.73947895792 1.22551342497e-19
9.75951903808 1.18955715663e-19
9.77955911824 1.15466072714e-19
9.7995991984 1.12079273463e-19
9.81963927856 1.08792271308e-19
9.83967935872 1.05602110424e-19
9.85971943888 1.02505923041e-19
9.87975951904 9.95009268016e-20
9.8997995992 0.0
9.91983967936 0.0
9.93987975952 0.0
9.95991983968 0.0
9.97995991984 0.0
10.0 0.0
