0.0 0.0
0.0200400801603 0.0
0.0400801603206 0.0
0.060120240481 0.0
0.0801603206413 0.0
0.100200400802 0.0
0.120240480962 9.06347431528e-11
0.140280561122 3.62471929324e-11
0.160320641283 1.45424978468e-11
0.180360721443 9.2607341904e-12
0.200400801603 7.63295948737e-12
0.220440881764 2.92965706109e-10
0.240480961924 2.86060698629e-10
0.260521042084 9.43949137219e-12
0.280561122244 1.0422135123e-11
0.300601202405 1.12423305367e-11
0.320641282565 1.21419728849e-11
0.340681362725 1.31935984009e-11
0.360721442886 1.3880924596e-11
0.380761523046 1.44675230816e-11
0.400801603206 1.49921088509e-11
0.420841683367 1.54749417512e-11
0.440881763527 1.59209580932e-11
0.460921843687 1.63278893183e-11
0.480961923848 1.66898072361e-11
0.501002004008 1.69894863039e-11
0.521042084168 1.72664079638e-11
0.541082164329 1.75185390408e-11
0.561122244489 1.77461745481e-11
0.581162324649 1.79578148257e-11
0.60120240481 1.81541881067e-11
0.62124248497 1.83254962768e-11
0.64128256513 1.84781512046e-11
0.661322645291 1.86225173288e-11
0.681362725451 1.87349742602e-11
0.701402805611 1.87658550157e-11
0.721442885772 1.87953900385e-11
0.741482965932 1.88211792971e-11
0.761523046092 1.88200962191e-11
0.781563126253 1.88171395716e-11
0.801603206413 1.88165630545e-11
0.821643286573 1.87428939356e-11
0.841683366733 1.86219807537e-11
0.861723446894 1.85064140308e-11
0.881763527054 1.83551742987e-11
0.901803607214 1.80996989654e-11
0.921843687375 1.78556520756e-11
0.941883767535 1.76213379892e-11
0.961923847695 1.73368256433e-11
0.981963927856 1.70596455803e-11
1.00200400802 1.67955095112e-11
1.02204408818 1.65700557332e-11
1.04208416834 1.63712282961e-11
1.0621242485 1.61790015476e-11
1.08216432866 1.59847148008e-11
1.10220440882 1.57800862045e-11
1.12224448898 1.55828994054e-11
1.14228456914 1.53963864309e-11
1.1623246493 1.51505871142e-11
1.18236472946 1.49090010607e-11
1.20240480962 1.4675534713e-11
1.22244488978 1.44448832254e-11
1.24248496994 1.42186623195e-11
1.2625250501 1.39995354127e-11
1.28256513026 1.37901599974e-11
1.30260521042 1.35956014509e-11
1.32264529058 1.34070080914e-11
1.34268537074 1.32240387606e-11
1.3627254509 1.30685038261e-11
1.38276553106 1.29186934057e-11
1.40280561122 1.27725968761e-11
1.42284569138 1.26139838748e-11
1.44288577154 1.24499231472e-11
1.4629258517 1.22902636376e-11
1.48296593186 1.21368896891e-11
1.50300601202 1.19930930878e-11
1.52304609218 1.18531144636e-11
1.54308617234 1.17186243854e-11
1.56312625251 1.1561167359e-11
1.58316633267 1.14066183037e-11
1.60320641283 1.12559745169e-11
1.62324649299 1.11095856102e-11
1.64328657315 1.09670842886e-11
1.66332665331 1.08278219967e-11
1.68336673347 1.06975171126e-11
1.70340681363 1.05843980398e-11
1.72344689379 1.04739278863e-11
1.74348697395 1.0365873179e-11
1.76352705411 1.01991117702e-11
1.78356713427 1.00342261513e-11
1.80360721443 9.87303762625e-12
1.82364729459 9.73503012575e-12
1.84368737475 9.61096064792e-12
1.86372745491 9.48957378989e-12
1.88376753507 9.38766856491e-12
1.90380761523 9.32512723947e-12
1.92384769539 9.26389719145e-12
1.94388777555 9.20393753975e-12
1.96392785571 9.08077049158e-12
1.98396793587 8.95880098414e-12
2.00400801603 8.83680578783e-12
2.02404809619 8.72503448426e-12
2.04408817635 8.61423628013e-12
2.06412825651 8.50561737282e-12
2.08416833667 8.39956190298e-12
2.10420841683 8.29649386712e-12
2.12424849699 8.19539506786e-12
2.14428857715 8.09620954281e-12
2.16432865731 7.99463478278e-12
2.18436873747 7.89490463323e-12
2.20440881764 7.79700885901e-12
2.2244488978 7.68832121842e-12
2.24448897796 7.5751865326e-12
2.26452905812 7.46407380456e-12
2.28456913828 7.35301258867e-12
2.30460921844 7.24005321131e-12
2.3246492986 7.12905903272e-12
2.34468937876 7.01999374926e-12
2.36472945892 6.93458775538e-12
2.38476953908 6.85063198724e-12
2.40480961924 6.76808975609e-12
2.4248496994 6.68462131967e-12
2.44488977956 6.60141285651e-12
2.46492985972 6.51957023351e-12
2.48496993988 6.42841626711e-12
2.50501002004 6.31831815173e-12
2.5250501002 6.20998011728e-12
2.54509018036 6.10383046894e-12
2.56513026052 6.04129979491e-12
2.58517034068 5.97974846136e-12
2.60521042084 5.91915358945e-12
2.625250501 5.83709794108e-12
2.64529058116 5.74588952662e-12
2.66533066132 5.65606209811e-12
2.68537074148 5.56828567502e-12
2.70541082164 5.48310403898e-12
2.7254509018 5.39918347629e-12
2.74549098196 5.31675517089e-12
2.76553106212 5.24732512326e-12
2.78557114228 5.1789013179e-12
2.80561122244 5.11146199036e-12
2.82565130261 5.01856452285e-12
2.84569138277 4.91527538118e-12
2.86573146293 4.81343797028e-12
2.88577154309 4.72651094174e-12
2.90581162325 4.66444377321e-12
2.92585170341 4.6032324759e-12
2.94589178357 4.54230483388e-12
2.96593186373 4.46536400185e-12
2.98597194389 4.38946135186e-12
3.00601202405 4.31457597129e-12
3.02605210421 4.23951763075e-12
3.04609218437 4.16495795146e-12
3.06613226453 4.09137765714e-12
3.08617234469 4.02030184776e-12
3.10621242485 3.95273893703e-12
3.12625250501 3.88604643194e-12
3.14629258517 3.82046450663e-12
3.16633266533 3.76153882333e-12
3.18637274549 3.70335805179e-12
3.20641282565 3.64590812508e-12
3.22645290581 3.57784238526e-12
3.24649298597 3.50606733638e-12
3.26653306613 3.43517644058e-12
3.28657314629 3.3625429654e-12
3.30661322645 3.28659968762e-12
3.32665330661 3.21157463192e-12
3.34669338677 3.1383502516e-12
3.36673346693 3.08218075227e-12
3.38677354709 3.02667868756e-12
3.40681362725 2.97183220753e-12
3.42685370741 2.91480496332e-12
3.44689378758 2.8573644325e-12
3.46693386774 2.80059037669e-12
3.4869739479 2.74541215619e-12
3.50701402806 2.69231439398e-12
3.52705410822 2.63982218474e-12
3.54709418838 2.58752890539e-12
3.56713426854 2.52993197309e-12
3.5871743487 2.47298062226e-12
3.60721442886 2.41666404014e-12
3.62725450902 2.36363216105e-12
3.64729458918 2.3121496894e-12
3.66733466934 2.26123162517e-12
3.6873747495 2.21253479434e-12
3.70741482966 2.16682180723e-12
3.72745490982 2.12160191412e-12
3.74749498998 2.07700082934e-12
3.76753507014 2.03456368609e-12
3.7875751503 1.99257701154e-12
3.80761523046 1.95103365712e-12
3.82765531062 1.9043910393e-12
3.84769539078 1.85633210047e-12
3.86773547094 1.80877248192e-12
3.8877755511 1.76438851026e-12
3.90781563126 1.72425257866e-12
3.92785571142 1.68452732668e-12
3.94789579158 1.64548455648e-12
3.96793587174 1.60988008425e-12
3.9879759519 1.57463444792e-12
4.00801603206 1.53974223953e-12
4.02805611222 1.50189793663e-12
4.04809619238 1.4633547541e-12
4.06813627255 1.42519222706e-12
4.08817635271 1.38994327865e-12
4.10821643287 1.35847683922e-12
4.12825651303 1.3273166946e-12
4.14829659319 1.29634326421e-12
4.16833667335 1.26456005656e-12
4.18837675351 1.23308172924e-12
4.20841683367 1.20190390843e-12
4.22845691383 1.17318929711e-12
4.24849699399 1.14541321498e-12
4.26853707415 1.11789857367e-12
4.28857715431 1.08997899839e-12
4.30861723447 1.06145918872e-12
4.32865731463 1.03320403917e-12
4.34869739479 1.0055199896e-12
4.36873747495 9.80749398154e-13
4.38877755511 9.56205541424e-13
4.40881763527 9.31885314687e-13
4.42885771543 9.09475788578e-13
4.44889779559 8.87759518939e-13
4.46893787575 8.6623846248e-13
4.48897795591 8.4472990443e-13
4.50901803607 8.23188664095e-13
4.52905811623 8.01838466749e-13
4.54909819639 7.80782013198e-13
4.56913827655 7.60722095885e-13
4.58917835671 7.40837747087e-13
4.60921843687 7.21126667605e-13
4.62925851703 7.01803527057e-13
4.64929859719 6.82706649869e-13
4.66933867735 6.63774024479e-13
4.68937875752 6.4599510109e-13
4.70941883768 6.29552445816e-13
4.72945891784 6.13249426879e-13
4.749498998 5.96920292445e-13
4.76953907816 5.79582397601e-13
4.78957915832 5.62389863329e-13
4.80961923848 5.45340865969e-13
4.82965931864 5.30010928344e-13
4.8496993988 5.15213467016e-13
4.86973947896 5.00538030404e-13
4.88977955912 4.86302543996e-13
4.90981963928 4.72549629282e-13
4.92985971944 4.5890873935e-13
4.9498997996 4.45558629345e-13
4.96993987976 4.33465576954e-13
4.98997995992 4.21469846842e-13
5.01002004008 4.09790654066e-13
5.03006012024 3.98408394075e-13
5.0501002004 3.87116641436e-13
5.07014028056 3.76504794607e-13
5.09018036072 3.6598879091e-13
5.11022044088 3.55555421116e-13
5.13026052104 3.45203713071e-13
5.1503006012 3.34932709852e-13
5.17034068136 3.25467534918e-13
5.19038076152 3.16122241856e-13
5.21042084168 3.06848967589e-13
5.23046092184 2.97646881106e-13
5.250501002 2.88515164167e-13
5.27054108216 2.80280844182e-13
5.29058116232 2.72201669819e-13
5.31062124248 2.64183581609e-13
5.33066132265 2.56225887901e-13
5.35070140281 2.4832790748e-13
5.37074148297 2.407159226e-13
5.39078156313 2.33197867044e-13
5.41082164329 2.25735596452e-13
5.43086172345 2.18328490961e-13
5.45090180361 2.10975939886e-13
5.47094188377 2.04397989375e-13
5.49098196393 1.98027671196e-13
5.51102204409 1.91703762965e-13
5.53106212425 1.85425758274e-13
5.55110220441 1.7919315808e-13
5.57114228457 1.73267967815e-13
5.59118236473 1.67460062906e-13
5.61122244489 1.61693711839e-13
5.63126252505 1.5596846931e-13
5.65130260521 1.5028389638e-13
5.67134268537 1.45117126124e-13
5.69138276553 1.40156309479e-13
5.71142284569 1.35230363584e-13
5.73146292585 1.30338921254e-13
5.75150300601 1.25481620459e-13
5.77154308617 1.20831027496e-13
5.79158316633 1.16287598009e-13
5.81162324649 1.11775552276e-13
5.83166332665 1.07294565549e-13
5.85170340681 1.02844317561e-13
5.87174348697 9.86358354294e-14
5.89178356713 9.45662023141e-14
5.91182364729 9.05242024029e-14
5.93186372745 8.6509554604e-14
5.95190380762 8.25219816379e-14
5.97194388778 7.89514380629e-14
5.99198396794 7.5647096432e-14
6.0120240481 7.2364819193e-14
6.03206412826 6.91043855727e-14
6.05210420842 6.58655777442e-14
6.07214428858 6.28100343209e-14
6.09218436874 5.98934910714e-14
6.1122244489 5.69961028838e-14
6.13226452906 5.41176812287e-14
6.15230460922 5.12580400524e-14
6.17234468938 4.85109225815e-14
6.19238476954 4.58628674649e-14
6.2124248497 4.32319224546e-14
6.23246492986 4.0617921873e-14
6.25250501002 3.80207021829e-14
6.27254509018 3.56378999598e-14
6.29258517034 3.34714787193e-14
6.3126252505 3.13188342341e-14
6.33266533066 2.91798351816e-14
6.35270541082 2.70543519102e-14
6.37274549098 2.50786047523e-14
6.39278557114 2.32783568563e-14
6.4128256513 2.14893787932e-14
6.43286573146 1.97115647878e-14
6.45290581162 1.79448103907e-14
6.47294589178 1.6391197849e-14
6.49298597194 1.51322995344e-14
6.5130260521 1.38811632639e-14
6.53306613226 1.26377172323e-14
6.55310621242 1.14018905228e-14
6.57314629259 1.03144446208e-14
6.59318637275 9.46891469117e-15
6.61322645291 8.62852150086e-15
6.63326653307 7.79321817901e-15
6.65330661323 6.96295842786e-15
6.67334669339 6.16566245471e-15
6.69338677355 5.42892017784e-15
6.71342685371 4.69658687773e-15
6.73346693387 3.96862291984e-15
6.75350701403 3.24498914721e-15
6.77354709419 2.60130715299e-15
6.79358717435 2.14353151011e-15
6.81362725451 1.68845734284e-15
6.83366733467 1.23606065873e-15
6.85370741483 7.86317752001e-16
6.87374749499 4.31992911402e-16
6.89378757515 3.53598178478e-16
6.91382765531 2.75664824303e-16
6.93386773547 1.98188661708e-16
6.95390781563 1.21165556865e-16
6.97394789579 5.90371828875e-17
6.99398797595 5.07733113165e-17
7.01402805611 4.25625027433e-17
7.03406813627 3.4404144577e-17
7.05410821643 2.62976355225e-17
7.07414829659 1.91442504876e-17
7.09418837675 1.63742219912e-17
7.11422845691 1.3624805792e-17
7.13426853707 1.08956917489e-17
7.15430861723 8.18657691547e-18
7.17434869739 5.82475370656e-18
7.19438877756 5.64144178987e-18
7.21442885772 5.46344304706e-18
7.23446893788 5.29059622785e-18
7.25450901804 5.12274505643e-18
7.2745490982 4.96059811704e-18
7.29458917836 4.81171921958e-18
7.31462925852 4.66734377053e-18
7.33466933868 4.52733430863e-18
7.35470941884 4.39155761243e-18
7.374749499 4.25988456791e-18
7.39478957916 4.13219004031e-18
7.41482965932 4.00835275002e-18
7.43486973948 3.88825515241e-18
7.45490981964 3.77178332141e-18
7.4749498998 3.65882683681e-18
7.49498997996 3.54927867509e-18
7.51503006012 3.44303510375e-18
7.53507014028 3.3399955789e-18
7.55511022044 3.24006264612e-18
7.5751503006 3.14314184443e-18
7.59519038076 3.04914161334e-18
7.61523046092 2.9579732027e-18
7.63527054108 2.86955058552e-18
7.65531062124 2.78379037346e-18
7.6753507014 2.700611735e-18
7.69539078156 2.61993631615e-18
7.71543086172 2.54168816369e-18
7.73547094188 2.46579365081e-18
7.75551102204 2.39218140506e-18
7.7755511022 2.32078223858e-18
7.79559118236 2.25152908051e-18
7.81563126253 2.18435691151e-18
7.83567134269 2.11920270036e-18
7.85571142285 2.05600534249e-18
7.87575150301 1.99470560051e-18
7.89579158317 1.93524604651e-18
7.91583166333 1.87757100623e-18
7.93587174349 1.82162650495e-18
7.95591182365 1.76736021507e-18
7.97595190381 1.71472140535e-18
7.99599198397 1.66366089166e-18
8.01603206413 1.61413098938e-18
8.03607214429 1.56608546717e-18
8.05611222445 1.51947950226e-18
8.07615230461 1.4742696371e-18
8.09619238477 1.43041373735e-18
8.11623246493 1.38787095122e-18
8.13627254509 1.34660166999e-18
8.15631262525 1.30656748989e-18
8.17635270541 1.26773117502e-18
8.19639278557 1.23005662152e-18
8.21643286573 1.19350882281e-18
8.23647294589 1.15805383595e-18
8.25651302605 1.12365874896e-18
8.27655310621 1.09029164925e-18
8.29659318637 1.057921593e-18
8.31663326653 1.0265185754e-18
8.33667334669 9.96053501973e-19
8.35671342685 9.66498160655e-19
8.37675350701 9.37825194786e-19
8.39679358717 9.10008076944e-19
8.41683366733 8.83021083573e-19
8.43687374749 8.56839270403e-19
8.45691382766 8.31438448627e-19
8.47695390782 8.06795161813e-19
8.49699398798 7.82886663534e-19
8.51703406814 7.59690895677e-19
8.5370741483 7.37186467439e-19
8.55711422846 7.15352634951e-19
8.57715430862 6.94169281547e-19
8.59719438878 6.73616898629e-19
8.61723446894 6.53676567131e-19
8.6372745491 6.34329939545e-19
8.65731462926 6.15559222507e-19
8.67735470942 5.97347159915e-19
8.69739478958 5.79677016571e-19
8.71743486974 5.62532562319e-19
8.7374749499 5.45898056678e-19
8.75751503006 5.29758233938e-19
8.77755511022 5.14098288728e-19
8.79759519038 4.98903862012e-19
8.81763527054 4.84161027523e-19
8.8376753507 4.69856278614e-19
8.85771543086 4.55976515507e-19
8.87775551102 4.42509032941e-19
8.89779559118 4.29441508189e-19
8.91783567134 4.16761989448e-19
8.9378757515 4.04458884587e-19
8.95791583166 3.92520950234e-19
8.97795591182 3.80937281198e-19
8.99799599198 3.69697300219e-19
9.01803607214 3.58790748028e-19
9.0380761523 3.4820767371e-19
9.05811623246 3.37938425365e-19
9.07815631263 3.27973641053e-19
9.09819639279 3.18304240014e-19
9.11823647295 3.08921414159e-19
9.13827655311 2.99816619819e-19
9.15831663327 2.90981569746e-19
9.17835671343 2.82408225359e-19
9.19839679359 2.74088789225e-19
9.21843687375 2.6601569777e-19
9.23847695391 2.58181614215e-19
9.25851703407 2.50579421721e-19
9.27855711423 2.43202216749e-19
9.29859719439 2.3604330262e-19
9.31863727455 2.29096183268e-19
9.33867735471 2.2235455719e-19
9.35871743487 2.15812311573e-19
9.37875751503 2.09463516603e-19
9.39879759519 2.03302419951e-19
9.41883767535 1.97323441415e-19
9.43887775551 1.91521167741e-19
9.45891783567 1.85890347584e-19
9.47895791583 1.80425886638e-19
9.49899799599 1.75122842902e-19
9.51903807615 1.69976422098e-19
9.53907815631 1.64981973221e-19
9.55911823647 1.6013498423e-19
9.57915831663 1.55431077864e-19
9.59919839679 1.50866007592e-19
9.61923847695 1.46435653681e-19
9.63927855711 1.4213601938e-19
9.65931863727 1.37963227227e-19
9.67935871743 1.33913515468e-19
9.6993987976 1.2998323457e-19
9.71943887776 1.26168843864e-19
9.73947895792 1.22466908264e-19
9.75951903808 1.18874095105e-19
9.77955911824 1.15387171067e-19
9.7995991984 1.12002999193e-19
9.81963927856 1.08718535998e-19
9.83967935872 1.05530828667e-19
9.85971943888 1.02437012334e-19
9.87975951904 9.94343074479e-20
9.8997995992 0.0
9.91983967936 0.0
9.93987975952 0.0
9.95991983968 0.0
9.97995991984 0.0
10.0 0.0
