0.0 0.0
0.0200400801603 0.0
0.0400801603206 0.0
0.060120240481 0.0
0.0801603206413 0.0
0.100200400802 9.12627474374e-11
0.120240480962 7.36329024939e-11
0.140280561122 5.56565859386e-11
0.160320641283 3.96104335512e-11
0.180360721443 3.28287684834e-11
0.200400801603 2.89012765052e-11
0.220440881764 2.18507036335e-10
0.240480961924 2.14779796128e-10
0.260521042084 2.43973720118e-11
0.280561122244 2.36206266593e-11
0.300601202405 2.29178978696e-11
0.320641282565 2.23986902316e-11
0.340681362725 2.20763733875e-11
0.360721442886 2.16301272111e-11
0.380761523046 2.12124744696e-11
0.400801603206 2.0809006858e-11
0.420841683367 2.04555040561e-11
0.440881763527 2.01439115599e-11
0.460921843687 1.98430756116e-11
0.480961923848 1.95599031418e-11
0.501002004008 1.92779719439e-11
0.521042084168 1.90265608386e-11
0.541082164329 1.87948350472e-11
0.561122244489 1.85761136641e-11
0.581162324649 1.83751170075e-11
0.60120240481 1.819514176e-11
0.62124248497 1.80182621442e-11
0.64128256513 1.78472751543e-11
0.661322645291 1.76977260204e-11
0.681362725451 1.75423797545e-11
0.701402805611 1.73421661727e-11
0.721442885772 1.71533432407e-11
0.741482965932 1.69729562196e-11
0.761523046092 1.67837934265e-11
0.781563126253 1.66055503984e-11
0.801603206413 1.64452628845e-11
0.821643286573 1.62405713564e-11
0.841683366733 1.60091113563e-11
0.861723446894 1.57954971103e-11
0.881763527054 1.55624236169e-11
0.901803607214 1.52597381554e-11
0.921843687375 1.49721595929e-11
0.941883767535 1.46977923798e-11
0.961923847695 1.43915805489e-11
0.981963927856 1.40961573254e-11
1.00200400802 1.38176858086e-11
1.02204408818 1.35708393421e-11
1.04208416834 1.33464440882e-11
1.0621242485 1.313605442e-11
1.08216432866 1.29264356338e-11
1.10220440882 1.27118592937e-11
1.12224448898 1.25023444334e-11
1.14228456914 1.2302902297e-11
1.1623246493 1.20629442949e-11
1.18236472946 1.18309258575e-11
1.20240480962 1.16145488122e-11
1.22244488978 1.14017428965e-11
1.24248496994 1.1193598192e-11
1.2625250501 1.09922643829e-11
1.28256513026 1.0799318057e-11
1.30260521042 1.06183392752e-11
1.32264529058 1.04440398198e-11
1.34268537074 1.02757192746e-11
1.3627254509 1.01282616235e-11
1.38276553106 9.98673106592e-12
1.40280561122 9.85064990591e-12
1.42284569138 9.70628008412e-12
1.44288577154 9.55881444416e-12
1.4629258517 9.41707884459e-12
1.48296593186 9.28071590648e-12
1.50300601202 9.15194451053e-12
1.52304609218 9.02747611019e-12
1.54308617234 8.90842394253e-12
1.56312625251 8.77334937834e-12
1.58316633267 8.64155240383e-12
1.60320641283 8.51460402312e-12
1.62324649299 8.39117174365e-12
1.64328657315 8.27099811451e-12
1.66332665331 8.15453201327e-12
1.68336673347 8.04486578223e-12
1.70340681363 7.94797709657e-12
1.72344689379 7.85417845984e-12
1.74348697395 7.76289328101e-12
1.76352705411 7.62948065777e-12
1.78356713427 7.49781753841e-12
1.80360721443 7.36930819234e-12
1.82364729459 7.25781231764e-12
1.84368737475 7.15669594489e-12
1.86372745491 7.05918639237e-12
1.88376753507 6.97605933804e-12
1.90380761523 6.92157738165e-12
1.92384769539 6.86864993375e-12
1.94388777555 6.81703994029e-12
1.96392785571 6.71991402901e-12
1.98396793587 6.62397180254e-12
2.00400801603 6.52779120276e-12
2.02404809619 6.44059854707e-12
2.04408817635 6.35354340262e-12
2.06412825651 6.26893358101e-12
2.08416833667 6.18634629626e-12
2.10420841683 6.10603370572e-12
2.12424849699 6.02774160603e-12
2.14428857715 5.95113374239e-12
2.16432865731 5.8728920423e-12
2.18436873747 5.79605206562e-12
2.20440881764 5.72067847643e-12
2.2244488978 5.63758888146e-12
2.24448897796 5.55144332514e-12
2.26452905812 5.46768253917e-12
2.28456913828 5.38404428132e-12
2.30460921844 5.29874925917e-12
2.3246492986 5.21527477875e-12
2.34468937876 5.1333634594e-12
2.36472945892 5.06871524885e-12
2.38476953908 5.00526667957e-12
2.40480961924 4.94298307872e-12
2.4248496994 4.88016529257e-12
2.44488977956 4.8176635443e-12
2.46492985972 4.75627043002e-12
2.48496993988 4.68826048485e-12
2.50501002004 4.6066634101e-12
2.5250501002 4.52644130098e-12
2.54509018036 4.44789836242e-12
2.56513026052 4.40098222751e-12
2.58517034068 4.35486156918e-12
2.60521042084 4.30951522957e-12
2.625250501 4.24873170436e-12
2.64529058116 4.18140502646e-12
2.66533066132 4.11514691795e-12
2.68537074148 4.0504381207e-12
2.70541082164 3.98766831795e-12
2.7254509018 3.92586996443e-12
2.74549098196 3.86520709459e-12
2.76553106212 3.8139956716e-12
2.78557114228 3.76356270167e-12
2.80561122244 3.7138898069e-12
2.82565130261 3.64585602616e-12
2.84569138277 3.57035207322e-12
2.86573146293 3.49593866014e-12
2.88577154309 3.43234465273e-12
2.90581162325 3.38676196872e-12
2.92585170341 3.3418332447e-12
2.94589178357 3.29714294456e-12
2.96593186373 3.24090607784e-12
2.98597194389 3.18544975493e-12
3.00601202405 3.13075732791e-12
3.02605210421 3.07596675515e-12
3.04609218437 3.0215622728e-12
3.06613226453 2.96789016755e-12
3.08617234469 2.91605194437e-12
3.10621242485 2.86677559378e-12
3.12625250501 2.81814934031e-12
3.14629258517 2.77034579649e-12
3.16633266533 2.72737386419e-12
3.18637274549 2.68495833171e-12
3.20641282565 2.64308813184e-12
3.22645290581 2.59355791733e-12
3.24649298597 2.54136074599e-12
3.26653306613 2.48981726881e-12
3.28657314629 2.43702741824e-12
3.30661322645 2.38185725586e-12
3.32665330661 2.32736333773e-12
3.34669338677 2.27418314246e-12
3.36673346693 2.23334628772e-12
3.38677354709 2.19300265585e-12
3.40681362725 2.15314315019e-12
3.42685370741 2.11171631069e-12
3.44689378758 2.06999970833e-12
3.46693386774 2.02877366391e-12
3.4869739479 1.98870977396e-12
3.50701402806 1.95015807158e-12
3.52705410822 1.91205166347e-12
3.54709418838 1.87409615016e-12
3.56713426854 1.83231220023e-12
3.5871743487 1.79100142301e-12
3.60721442886 1.75015568698e-12
3.62725450902 1.71169090731e-12
3.64729458918 1.67435199115e-12
3.66733466934 1.63742640177e-12
3.6873747495 1.60211197139e-12
3.70741482966 1.5689599274e-12
3.72745490982 1.53616892796e-12
3.74749498998 1.50382966154e-12
3.76753507014 1.47305925002e-12
3.7875751503 1.44261844053e-12
3.80761523046 1.41250187577e-12
3.82765531062 1.37870135462e-12
3.84769539078 1.34387994433e-12
3.86773547094 1.3094227442e-12
3.8877755511 1.27726495204e-12
3.90781563126 1.24818192245e-12
3.92785571142 1.21939858587e-12
3.94789579158 1.19111136202e-12
3.96793587174 1.16531297386e-12
3.9879759519 1.1397764215e-12
4.00801603206 1.11449768092e-12
4.02805611222 1.08708626916e-12
4.04809619238 1.05917147766e-12
4.06813627255 1.03153386956e-12
4.08817635271 1.0060050351e-12
4.10821643287 9.83213263288e-13
4.12825651303 9.6064465145e-13
4.14829659319 9.38212644754e-13
4.16833667335 9.15196549911e-13
4.18837675351 8.92402361695e-13
4.20841683367 8.6982684864e-13
4.22845691383 8.49033920516e-13
4.24849699399 8.28920936603e-13
4.26853707415 8.08998196872e-13
4.28857715431 7.8878374898e-13
4.30861723447 7.68136303527e-13
4.32865731463 7.47681266472e-13
4.34869739479 7.27640195616e-13
4.36873747495 7.09706956572e-13
4.38877755511 6.91938567102e-13
4.40881763527 6.74332740101e-13
4.42885771543 6.58109470484e-13
4.44889779559 6.42388307778e-13
4.46893787575 6.26809047464e-13
4.48897795591 6.11239521158e-13
4.50901803607 5.95647022179e-13
4.52905811623 5.80193310572e-13
4.54909819639 5.64952627063e-13
4.56913827655 5.50433184722e-13
4.58917835671 5.36041255613e-13
4.60921843687 5.21775151321e-13
4.62925851703 5.07790091366e-13
4.64929859719 4.93969132912e-13
4.66933867735 4.80267408517e-13
4.68937875752 4.67400446389e-13
4.70941883768 4.55500256808e-13
4.72945891784 4.43701442801e-13
4.749498998 4.31884117429e-13
4.76953907816 4.19337631923e-13
4.78957915832 4.06896607231e-13
4.80961923848 3.94559708712e-13
4.82965931864 3.83466314221e-13
4.8496993988 3.72758293801e-13
4.86973947896 3.62138801987e-13
4.88977955912 3.51837744992e-13
4.90981963928 3.41885934304e-13
4.92985971944 3.32015383879e-13
4.9498997996 3.22355355973e-13
4.96993987976 3.1360464137e-13
4.98997995992 3.04924523608e-13
5.01002004008 2.96473526984e-13
5.03006012024 2.8823746468e-13
5.0501002004 2.80067043005e-13
5.07014028056 2.72388501674e-13
5.09018036072 2.6477944377e-13
5.11022044088 2.57230308689e-13
5.13026052104 2.49740385934e-13
5.1503006012 2.4230897637e-13
5.17034068136 2.35460478951e-13
5.19038076152 2.28698815034e-13
5.21042084168 2.21989364129e-13
5.23046092184 2.15331519366e-13
5.250501002 2.08724683381e-13
5.27054108216 2.02766955335e-13
5.29058116232 1.96921536454e-13
5.31062124248 1.91120398279e-13
5.33066132265 1.85363035937e-13
5.35070140281 1.79648952316e-13
5.37074148297 1.74141790636e-13
5.39078156313 1.68702644685e-13
5.41082164329 1.63303924582e-13
5.43086172345 1.57945178345e-13
5.45090180361 1.52625960795e-13
5.47094188377 1.47867008228e-13
5.49098196393 1.43258284992e-13
5.51102204409 1.38683191538e-13
5.53106212425 1.34141358683e-13
5.55110220441 1.29632422703e-13
5.57114228457 1.25345864706e-13
5.59118236473 1.21144183255e-13
5.61122244489 1.16972606476e-13
5.63126252505 1.12830809979e-13
5.65130260521 1.08718474084e-13
5.67134268537 1.04980663054e-13
5.69138276553 1.01391843648e-13
5.71142284569 9.78282855077e-14
5.73146292585 9.42897212091e-14
5.75150300601 9.07758871396e-14
5.77154308617 8.74115832714e-14
5.79158316633 8.41248166711e-14
5.81162324649 8.08607811504e-14
5.83166332665 7.76192403555e-14
5.85170340681 7.43999612392e-14
5.87174348697 7.13555598039e-14
5.89178356713 6.84116042565e-14
5.91182364729 6.54876607699e-14
5.93186372745 6.25835248608e-14
5.95190380762 5.96989948558e-14
5.97194388778 5.71160902841e-14
5.99198396794 5.47257299607e-14
6.0120240481 5.23513492612e-14
6.03206412826 4.99927875562e-14
6.05210420842 4.76498863895e-14
6.07214428858 4.54395444995e-14
6.09218436874 4.33297486077e-14
6.1122244489 4.12338240556e-14
6.13226452906 3.91516337219e-14
6.15230460922 3.70830423096e-14
6.17234468938 3.5095845871e-14
6.19238476954 3.31803083346e-14
6.2124248497 3.12771597634e-14
6.23246492986 2.93862797149e-14
6.25250501002 2.75075493212e-14
6.27254509018 2.57839026142e-14
6.29258517034 2.42167592975e-14
6.3126252505 2.26595916087e-14
6.33266533066 2.11123040691e-14
6.35270541082 1.95748024295e-14
6.37274549098 1.8145603631e-14
6.39278557114 1.68433398174e-14
6.4128256513 1.55492364444e-14
6.43286573146 1.42632166045e-14
6.45290581162 1.29852043661e-14
6.47294589178 1.18613497851e-14
6.49298597194 1.09506476838e-14
6.5130260521 1.00455675191e-14
6.53306613226 9.14605702427e-15
6.55310621242 8.25206458922e-15
6.57314629259 7.46539198734e-15
6.59318637275 6.85368594442e-15
6.61322645291 6.24570182234e-15
6.63326653307 5.64140544737e-15
6.65330661323 5.0407630716e-15
6.67334669339 4.46396704413e-15
6.69338677355 3.93097088144e-15
6.71342685371 3.40116907929e-15
6.73346693387 2.87453274871e-15
6.75350701403 2.35103335532e-15
6.77354709419 1.88536224893e-15
6.79358717435 1.55414849554e-15
6.81362725451 1.22489329098e-15
6.83366733467 8.97579098389e-16
6.85370741483 5.72188595666e-16
6.87374749499 3.15811342471e-16
6.89378757515 2.58998650262e-16
6.91382765531 2.02523732804e-16
6.93386773547 1.46383407382e-16
6.95390781563 9.05745359681e-17
6.97394789579 4.5541615955e-17
6.99398797595 3.94686072497e-17
7.01402805611 3.34373857462e-17
7.03406813627 2.74473814181e-17
7.05410821643 2.14980373736e-17
7.07414829659 1.62410657542e-17
7.09418837675 1.41572036517e-17
7.11422845691 1.20910745245e-17
7.13426853707 1.00423499151e-17
7.15430861723 8.01071060189e-18
7.17434869739 6.23276851913e-18
7.19438877756 6.03282750147e-18
7.21442885772 5.83907368144e-18
7.23446893788 5.65130485734e-18
7.25450901804 5.46932570664e-18
7.2745490982 5.29356955138e-18
7.29458917836 5.12943066155e-18
7.31462925852 4.97049697543e-18
7.33466933868 4.81659863877e-18
7.35470941884 4.66757153856e-18
7.374749499 4.52325710083e-18
7.39478957916 4.38350209576e-18
7.41482965932 4.24815845011e-18
7.43486973948 4.1170830664e-18
7.45490981964 3.99013764888e-18
7.4749498998 3.86718853572e-18
7.49498997996 3.74810653744e-18
7.51503006012 3.63276678121e-18
7.53507014028 3.52104856077e-18
7.55511022044 3.41283519187e-18
7.5751503006 3.30801387293e-18
7.59519038076 3.20647555073e-18
7.61523046092 3.10811479099e-18
7.63527054108 3.01282965357e-18
7.65531062124 2.92052157224e-18
7.6753507014 2.83109523867e-18
7.69539078156 2.74445849069e-18
7.71543086172 2.66052220447e-18
7.73547094188 2.57920019063e-18
7.75551102204 2.50040909396e-18
7.7755511022 2.42406829684e-18
7.79559118236 2.35009982596e-18
7.81563126253 2.27842826247e-18
7.83567134269 2.20898065523e-18
7.85571142285 2.14168643721e-18
7.87575150301 2.07647734473e-18
7.89579158317 2.01328733968e-18
7.91583166333 1.95205253438e-18
7.93587174349 1.89271111912e-18
7.95591182365 1.83520329225e-18
7.97595190381 1.77947119269e-18
7.99599198397 1.72545883482e-18
8.01603206413 1.67311204565e-18
8.03607214429 1.62237840414e-18
8.05611222445 1.57320718271e-18
8.07615230461 1.5255492907e-18
8.09619238477 1.4793572198e-18
8.11623246493 1.43458499146e-18
8.13627254509 1.39118810598e-18
8.15631262525 1.34912349349e-18
8.17635270541 1.30834946651e-18
8.19639278557 1.26882567423e-18
8.21643286573 1.23051305827e-18
8.23647294589 1.19337381008e-18
8.25651302605 1.15737132966e-18
8.27655310621 1.1224701858e-18
8.29659318637 1.08863607763e-18
8.31663326653 1.05583579748e-18
8.33667334669 1.024037195e-18
8.35671342685 9.9320914255e-19
8.37675350701 9.63321501697e-19
8.39679358717 9.34345090882e-19
8.41683366733 9.06251654182e-19
8.43687374749 8.79013831116e-19
8.45691382766 8.52605127482e-19
8.47695390782 8.26999887165e-19
8.49699398798 8.02173264901e-19
8.51703406814 7.78101199956e-19
8.5370741483 7.54760390685e-19
8.55711422846 7.32128269945e-19
8.57715430862 7.10182981329e-19
8.59719438878 6.889033562e-19
8.61723446894 6.68268891483e-19
8.6372745491 6.48259728204e-19
8.65731462926 6.28856630738e-19
8.67735470942 6.10040966753e-19
8.69739478958 5.91794687813e-19
8.71743486974 5.74100310628e-19
8.7374749499 5.56940898923e-19
8.75751503006 5.4030004591e-19
8.77755511022 5.24161857333e-19
8.79759519038 5.08510935077e-19
8.81763527054 4.93332361317e-19
8.8376753507 4.78611683182e-19
8.85771543086 4.64334897935e-19
8.87775551102 4.50488438623e-19
8.89779559118 4.37059160215e-19
8.91783567134 4.24034326181e-19
8.9378757515 4.11401595516e-19
8.95791583166 3.99149010185e-19
8.97795591182 3.87264982979e-19
8.99799599198 3.75738285766e-19
9.01803607214 3.64558038128e-19
9.0380761523 3.5371369636e-19
9.05811623246 3.43195042834e-19
9.07815631263 3.32992175703e-19
9.09819639279 3.23095498942e-19
9.11823647295 3.13495712706e-19
9.13827655311 3.04183804008e-19
9.15831663327 2.95151037693e-19
9.17835671343 2.863889477e-19
9.19839679359 2.77889328612e-19
9.21843687375 2.69644227478e-19
9.23847695391 2.61645935891e-19
9.25851703407 2.53886982326e-19
9.27855711423 2.46360124728e-19
9.29859719439 2.39058343325e-19
9.31863727455 2.31974833684e-19
9.33867735471 2.25102999985e-19
9.35871743487 2.18436448503e-19
9.37875751503 2.11968981312e-19
9.39879759519 2.05694590176e-19
9.41883767535 1.99607450647e-19
9.43887775551 1.93701916338e-19
9.45891783567 1.87972513391e-19
9.47895791583 1.82413935113e-19
9.49899799599 1.77021036783e-19
9.51903807615 1.71788830629e-19
9.53907815631 1.66712480955e-19
9.55911823647 1.61787299433e-19
9.57915831663 1.57008740536e-19
9.59919839679 1.52372397118e-19
9.61923847695 1.47873996136e-19
9.63927855711 1.43509394502e-19
9.65931863727 1.39274575072e-19
9.67935871743 1.35165642756e-19
9.6993987976 1.3117882075e-19
9.71943887776 1.27310446896e-19
9.73947895792 1.23556970143e-19
9.75951903808 1.19914947128e-19
9.77955911824 1.16381038864e-19
9.7995991984 1.12952007526e-19
9.81963927856 1.09624713344e-19
9.83967935872 1.0639611159e-19
9.85971943888 1.03263249662e-19
9.87975951904 1.00223264255e-19
9.8997995992 0.0
9.91983967936 0.0
9.93987975952 0.0
9.95991983968 0.0
9.97995991984 0.0
10.0 0.0
