0.0 0.0
0.0200400801603 0.0
0.0400801603206 3.84826031548e-09
0.060120240481 2.5437098928e-09
0.0801603206413 1.95583021001e-09
0.100200400802 1.52635910329e-09
0.120240480962 1.20695054254e-09
0.140280561122 1.02055671878e-09
0.160320641283 9.14020175439e-10
0.180360721443 8.3884538304e-10
0.200400801603 7.9222682778e-10
0.220440881764 8.46484658244e-10
0.240480961924 8.17021429938e-10
0.260521042084 6.93872058854e-10
0.280561122244 6.58524411502e-10
0.300601202405 6.28137913741e-10
0.320641282565 6.00199159442e-10
0.340681362725 5.751018556e-10
0.360721442886 5.52740544715e-10
0.380761523046 5.32540603187e-10
0.400801603206 5.14200269159e-10
0.420841683367 4.97636440304e-10
0.440881763527 4.82042138619e-10
0.460921843687 4.64709867475e-10
0.480961923848 4.48866845275e-10
0.501002004008 4.34332912635e-10
0.521042084168 4.1863609147e-10
0.541082164329 4.03555371221e-10
0.561122244489 3.89580508025e-10
0.581162324649 3.7568243096e-10
0.60120240481 3.6176604534e-10
0.62124248497 3.48765253882e-10
0.64128256513 3.36572765967e-10
0.661322645291 3.24977011968e-10
0.681362725451 3.14085876254e-10
0.701402805611 3.03794770034e-10
0.721442885772 2.92388890195e-10
0.741482965932 2.81204236005e-10
0.761523046092 2.706091264e-10
0.781563126253 2.60309757987e-10
0.801603206413 2.50313130549e-10
0.821643286573 2.40790947465e-10
0.841683366733 2.31588649976e-10
0.861723446894 2.22178018441e-10
0.881763527054 2.13173294181e-10
0.901803607214 2.0451972651e-10
0.921843687375 1.95975486852e-10
0.941883767535 1.87760387864e-10
0.961923847695 1.79869798806e-10
0.981963927856 1.7214789563e-10
1.00200400802 1.6458151595e-10
1.02204408818 1.57323827551e-10
1.04208416834 1.50270875929e-10
1.0621242485 1.43096889487e-10
1.08216432866 1.36186441158e-10
1.10220440882 1.29528150998e-10
1.12224448898 1.23191942758e-10
1.14228456914 1.17093858095e-10
1.1623246493 1.11176022356e-10
1.18236472946 1.05477074789e-10
1.20240480962 9.99879241389e-11
1.22244488978 9.46802666091e-11
1.24248496994 8.9527723373e-11
1.2625250501 8.44629118827e-11
1.28256513026 7.95578899569e-11
1.30260521042 7.48105240393e-11
1.32264529058 7.0439213139e-11
1.34268537074 6.62387195872e-11
1.3627254509 6.2170177494e-11
1.38276553106 5.83137654628e-11
1.40280561122 5.46515473978e-11
1.42284569138 5.10862944254e-11
1.44288577154 4.76913406166e-11
1.4629258517 4.46928157823e-11
1.48296593186 4.17762049901e-11
1.50300601202 3.89395086679e-11
1.52304609218 3.64766180759e-11
1.54308617234 3.41272965226e-11
1.56312625251 3.18285481923e-11
1.58316633267 2.96782530723e-11
1.60320641283 2.76596546909e-11
1.62324649299 2.56911553288e-11
1.64328657315 2.38264680071e-11
1.66332665331 2.22275872744e-11
1.68336673347 2.06687477316e-11
1.70340681363 1.91520214641e-11
1.72344689379 1.79221517912e-11
1.74348697395 1.67562125068e-11
1.76352705411 1.55941838297e-11
1.78356713427 1.45478027782e-11
1.80360721443 1.35996211686e-11
1.82364729459 1.26796150876e-11
1.84368737475 1.18192612499e-11
1.86372745491 1.11071653848e-11
1.88376753507 1.04166258778e-11
1.90380761523 9.75455736431e-12
1.92384769539 9.22341245399e-12
1.94388777555 8.71837719211e-12
1.96392785571 8.19980752949e-12
1.98396793587 7.73473667138e-12
2.00400801603 7.3116465699e-12
2.02404809619 6.90313258654e-12
2.04408817635 6.51785707951e-12
2.06412825651 6.19863363436e-12
2.08416833667 5.88580961452e-12
2.10420841683 5.57942579193e-12
2.12424849699 5.33410281748e-12
2.14428857715 5.09985083818e-12
2.16432865731 4.86839861434e-12
2.18436873747 4.66369009534e-12
2.20440881764 4.47989968525e-12
2.2244488978 4.29479054539e-12
2.24448897796 4.11711859447e-12
2.26452905812 3.96381458016e-12
2.28456913828 3.8125406233e-12
2.30460921844 3.66222073588e-12
2.3246492986 3.53729734194e-12
2.34468937876 3.41555354498e-12
2.36472945892 3.30408310485e-12
2.38476953908 3.20539673203e-12
2.40480961924 3.11623309056e-12
2.4248496994 3.02779980944e-12
2.44488977956 2.94371137071e-12
2.46492985972 2.87049542466e-12
2.48496993988 2.79460898021e-12
2.50501002004 2.71246687613e-12
2.5250501002 2.64017368018e-12
2.54509018036 2.57005464e-12
2.56513026052 2.51666461657e-12
2.58517034068 2.4676049049e-12
2.60521042084 2.42169435739e-12
2.625250501 2.36824688006e-12
2.64529058116 2.31344102069e-12
2.66533066132 2.26377787018e-12
2.68537074148 2.21517377039e-12
2.70541082164 2.16782217053e-12
2.7254509018 2.12466500979e-12
2.74549098196 2.08221011962e-12
2.76553106212 2.04520311386e-12
2.78557114228 2.0101823778e-12
2.80561122244 1.97667321284e-12
2.82565130261 1.93392857501e-12
2.84569138277 1.88799746954e-12
2.86573146293 1.84408759852e-12
2.88577154309 1.80586176316e-12
2.90581162325 1.77700281168e-12
2.92585170341 1.74961217478e-12
2.94589178357 1.72251651357e-12
2.96593186373 1.68959400439e-12
2.98597194389 1.65808333106e-12
3.00601202405 1.6276372058e-12
3.02605210421 1.59720418466e-12
3.04609218437 1.56756936689e-12
3.06613226453 1.53834233288e-12
3.08617234469 1.51026799828e-12
3.10621242485 1.4836898766e-12
3.12625250501 1.45760174173e-12
3.14629258517 1.4320704199e-12
3.16633266533 1.4091339709e-12
3.18637274549 1.38658341158e-12
3.20641282565 1.36439956894e-12
3.22645290581 1.33836148868e-12
3.24649298597 1.31102074899e-12
3.26653306613 1.28407241753e-12
3.28657314629 1.25653448546e-12
3.30661322645 1.22781899258e-12
3.32665330661 1.19948864596e-12
3.34669338677 1.17186588303e-12
3.36673346693 1.15060517745e-12
3.38677354709 1.12962377046e-12
3.40681362725 1.10891403014e-12
3.42685370741 1.0874209323e-12
3.44689378758 1.0657976666e-12
3.46693386774 1.0444426167e-12
3.4869739479 1.02369864094e-12
3.50701402806 1.00374384242e-12
3.52705410822 9.84029577071e-13
3.54709418838 9.64403669732e-13
3.56713426854 9.42823570088e-13
3.5871743487 9.21495270699e-13
3.60721442886 9.00413818105e-13
3.62725450902 8.80561463822e-13
3.64729458918 8.61293681285e-13
3.66733466934 8.42244358979e-13
3.6873747495 8.24027546793e-13
3.70741482966 8.06925612447e-13
3.72745490982 7.90013987991e-13
3.74749498998 7.73338841037e-13
3.76753507014 7.57472986647e-13
3.7875751503 7.41780331642e-13
3.80761523046 7.26257857887e-13
3.82765531062 7.08848892648e-13
3.84769539078 6.90919499286e-13
3.86773547094 6.73180101898e-13
3.8877755511 6.566233801e-13
3.90781563126 6.41646968625e-13
3.92785571142 6.26826936707e-13
3.94789579158 6.12263910093e-13
3.96793587174 5.98980142092e-13
3.9879759519 5.85832918075e-13
4.00801603206 5.72820053213e-13
4.02805611222 5.58714960805e-13
4.04809619238 5.4435346401e-13
4.06813627255 5.30135944416e-13
4.08817635271 5.17002041834e-13
4.10821643287 5.05274031617e-13
4.12825651303 4.93662030923e-13
4.14829659319 4.82121554913e-13
4.16833667335 4.70282764068e-13
4.18837675351 4.58559123129e-13
4.20841683367 4.46948910626e-13
4.22845691383 4.36254469543e-13
4.24849699399 4.25910009091e-13
4.26853707415 4.15664223286e-13
4.28857715431 4.05269782543e-13
4.30861723447 3.94654145178e-13
4.32865731463 3.84138147003e-13
4.34869739479 3.73835421888e-13
4.36873747495 3.64615019388e-13
4.38877755511 3.55479997119e-13
4.40881763527 3.46429144818e-13
4.42885771543 3.38088386231e-13
4.44889779559 3.30005946084e-13
4.46893787575 3.21996978223e-13
4.48897795591 3.13993638963e-13
4.50901803607 3.05979118121e-13
4.52905811623 2.98036385112e-13
4.54909819639 2.90203506077e-13
4.56913827655 2.82741214641e-13
4.58917835671 2.75344853473e-13
4.60921843687 2.68013533941e-13
4.62925851703 2.60826876377e-13
4.64929859719 2.53724858545e-13
4.66933867735 2.46684440117e-13
4.68937875752 2.40072734501e-13
4.70941883768 2.33957459007e-13
4.72945891784 2.27894569096e-13
4.749498998 2.21822535486e-13
4.76953907816 2.15376712691e-13
4.78957915832 2.08985324556e-13
4.80961923848 2.02647672395e-13
4.82965931864 1.96948353495e-13
4.8496993988 1.9144705339e-13
4.86973947896 1.85991449815e-13
4.88977955912 1.80699495598e-13
4.90981963928 1.75586989388e-13
4.92985971944 1.70516417643e-13
4.9498997996 1.65554094663e-13
4.96993987976 1.6105856067e-13
4.98997995992 1.56599461727e-13
5.01002004008 1.52258127986e-13
5.03006012024 1.48027271942e-13
5.0501002004 1.43830282783e-13
5.07014028056 1.39885857538e-13
5.09018036072 1.3597725619e-13
5.11022044088 1.32099566064e-13
5.13026052104 1.28252415804e-13
5.1503006012 1.24435440179e-13
5.17034068136 1.20917704807e-13
5.19038076152 1.17444663703e-13
5.21042084168 1.13998547217e-13
5.23046092184 1.10579038492e-13
5.250501002 1.07185825783e-13
5.27054108216 1.04125793259e-13
5.29058116232 1.01123501195e-13
5.31062124248 9.81440390979e-14
5.33066132265 9.51871434984e-14
5.35070140281 9.22525550965e-14
5.37074148297 8.9424236766e-14
5.39078156313 8.66309106533e-14
5.41082164329 8.38584164142e-14
5.43086172345 8.11065185668e-14
5.45090180361 7.83749852703e-14
5.47094188377 7.59310091677e-14
5.49098196393 7.35641934692e-14
5.51102204409 7.12147066026e-14
5.53106212425 6.88823562412e-14
5.55110220441 6.65669529791e-14
5.57114228457 6.43657195099e-14
5.59118236473 6.22080995754e-14
5.61122244489 6.0065986546e-14
5.63126252505 5.79392116246e-14
5.65130260521 5.58276085242e-14
5.67134268537 5.39082329226e-14
5.69138276553 5.20653584249e-14
5.71142284569 5.02354951075e-14
5.73146292585 4.8418503835e-14
5.75150300601 4.66142475053e-14
5.77154308617 4.48867613792e-14
5.79158316633 4.31991030478e-14
5.81162324649 4.1523148899e-14
5.83166332665 3.98587760939e-14
5.85170340681 3.82058635525e-14
5.87174348697 3.66427200004e-14
5.89178356713 3.51311518161e-14
5.91182364729 3.3629885574e-14
5.93186372745 3.21388150732e-14
5.95190380762 3.0657835605e-14
5.97194388778 2.93316560048e-14
5.99198396794 2.81043035719e-14
6.0120240481 2.68851783331e-14
6.03206412826 2.56741968165e-14
6.05210420842 2.44712767068e-14
6.07214428858 2.33364003545e-14
6.09218436874 2.22531402033e-14
6.1122244489 2.11770207044e-14
6.13226452906 2.0107970636e-14
6.15230460922 1.9045919746e-14
6.17234468938 1.80256549839e-14
6.19238476954 1.70421798319e-14
6.2124248497 1.60650807742e-14
6.23246492986 1.50942953005e-14
6.25250501002 1.4129761736e-14
6.27254509018 1.32448224264e-14
6.29258517034 1.24402053416e-14
6.3126252505 1.16407228791e-14
6.33266533066 1.0846325461e-14
6.35270541082 1.00569641629e-14
6.37274549098 9.32319005935e-15
6.39278557114 8.65456334875e-15
6.4128256513 7.99013723646e-15
6.43286573146 7.32987177486e-15
6.45290581162 6.67372753558e-15
6.47294589178 6.09669766285e-15
6.49298597194 5.62905370254e-15
6.5130260521 5.1643056863e-15
6.53306613226 4.70242639152e-15
6.55310621242 4.24338894755e-15
6.57314629259 3.83943037639e-15
6.59318637275 3.52526186999e-15
6.61322645291 3.2130126077e-15
6.63326653307 2.90266471801e-15
6.65330661323 2.59420056035e-15
6.67334669339 2.29798111661e-15
6.69338677355 2.02424484575e-15
6.71342685371 1.75215557827e-15
6.73346693387 1.48169821148e-15
6.75350701403 1.21285783489e-15
6.77354709419 9.73698002935e-16
6.79358717435 8.03539246826e-16
6.81362725451 6.34392142304e-16
6.83366733467 4.6624745758e-16
6.85370741483 2.99096079546e-16
6.87374749499 1.67363576863e-16
6.89378757515 1.38039834314e-16
6.91382765531 1.0889509368e-16
6.93386773547 7.99275257628e-17
6.95390781563 5.11353313339e-17
6.97394789579 2.7877742002e-17
6.99398797595 2.46167068241e-17
7.01402805611 2.13818988375e-17
7.03406813627 1.81728617616e-17
7.05410821643 1.4989151884e-17
7.07414829659 1.2165032334e-17
7.09418837675 1.09733068252e-17
7.11422845691 9.79470410478e-18
7.13426853707 8.62891888059e-18
7.15430861723 7.47565542779e-18
7.17434869739 6.45620024994e-18
7.19438877756 6.24997705793e-18
7.21442885772 6.05031553357e-18
7.23446893788 5.85699758821e-18
7.25450901804 5.66981266875e-18
7.2745490982 5.48887666131e-18
7.29458917836 5.31685481057e-18
7.31462925852 5.15035769678e-18
7.33466933868 4.98920245074e-18
7.35470941884 4.83321247761e-18
7.374749499 4.68221723259e-18
7.39478957916 4.53605200513e-18
7.41482965932 4.39455771103e-18
7.43486973948 4.25758069238e-18
7.45490981964 4.1249725249e-18
7.4749498998 3.99658983242e-18
7.49498997996 3.87229410823e-18
7.51503006012 3.75195154305e-18
7.53507014028 3.63543285933e-18
7.55511022044 3.52261315163e-18
7.5751503006 3.41337173291e-18
7.59519038076 3.30759198646e-18
7.61523046092 3.20516122322e-18
7.63527054108 3.10597054432e-18
7.65531062124 3.00991470869e-18
7.6753507014 2.91689200542e-18
7.69539078156 2.82680413083e-18
7.71543086172 2.73955606999e-18
7.73547094188 2.65505598248e-18
7.75551102204 2.57321509236e-18
7.7755511022 2.49394758209e-18
7.79559118236 2.41717049025e-18
7.81563126253 2.34280361298e-18
7.83567134269 2.27076940895e-18
7.85571142285 2.20099290774e-18
7.87575150301 2.13340162149e-18
7.89579158317 2.06792545975e-18
7.91583166333 2.00449664733e-18
7.93587174349 1.94304964508e-18
7.95591182365 1.88352107355e-18
7.97595190381 1.82584963929e-18
7.99599198397 1.76997606378e-18
8.01603206413 1.71584301493e-18
8.03607214429 1.66339504094e-18
8.05611222445 1.61257850652e-18
8.07615230461 1.56334153138e-18
8.09619238477 1.51563393085e-18
8.11623246493 1.46940715861e-18
8.13627254509 1.4246142514e-18
8.15631262525 1.38120977573e-18
8.17635270541 1.33914977638e-18
8.19639278557 1.29839172675e-18
8.21643286573 1.25889448091e-18
8.23647294589 1.22061822737e-18
8.25651302605 1.18352444437e-18
8.27655310621 1.1475758568e-18
8.29659318637 1.1127363946e-18
8.31663326653 1.07897115257e-18
8.33667334669 1.04624635158e-18
8.35671342685 1.01452930116e-18
8.37675350701 9.83788363284e-19
8.39679358717 9.53992917529e-19
8.41683366733 9.25113327315e-19
8.43687374749 8.97120907365e-19
8.45691382766 8.6998789227e-19
8.47695390782 8.4368740612e-19
8.49699398798 8.18193433177e-19
8.51703406814 7.93480789555e-19
8.5370741483 7.69525095853e-19
8.55711422846 7.46302750729e-19
8.57715430862 7.23790905362e-19
8.59719438878 7.01967438796e-19
8.61723446894 6.80810934099e-19
8.6372745491 6.60300655347e-19
8.65731462926 6.40416525373e-19
8.67735470942 6.21139104274e-19
8.69739478958 6.0244956864e-19
8.71743486974 5.8432969148e-19
8.7374749499 5.66761822826e-19
8.75751503006 5.49728870987e-19
8.77755511022 5.33214284431e-19
8.79759519038 5.17202034272e-19
8.81763527054 5.01676597345e-19
8.8376753507 4.86622939845e-19
8.85771543086 4.72026501515e-19
8.87775551102 4.57873180352e-19
8.89779559118 4.44149317832e-19
8.91783567134 4.30841684619e-19
8.9378757515 4.17937466752e-19
8.95791583166 4.05424252289e-19
8.97795591182 3.9329001839e-19
8.99799599198 3.81523118832e-19
9.01803607214 3.70112271932e-19
9.0380761523 3.59046548874e-19
9.05811623246 3.48315362413e-19
9.07815631263 3.37908455959e-19
9.09819639279 3.27815893011e-19
9.11823647295 3.18028046946e-19
9.13827655311 3.0853559114e-19
9.15831663327 2.99329489408e-19
9.17835671343 2.90400986765e-19
9.19839679359 2.81741600485e-19
9.21843687375 2.73343111448e-19
9.23847695391 2.65197555777e-19
9.25851703407 2.57297216743e-19
9.27855711423 2.49634616932e-19
9.29859719439 2.42202510672e-19
9.31863727455 2.34993876699e-19
9.33867735471 2.28001911067e-19
9.35871743487 2.21220020286e-19
9.37875751503 2.14641814679e-19
9.39879759519 2.08261101958e-19
9.41883767535 2.02071881006e-19
9.43887775551 1.9606833586e-19
9.45891783567 1.90244829885e-19
9.47895791583 1.84595900143e-19
9.49899799599 1.79116251933e-19
9.51903807615 1.73800753518e-19
9.53907815631 1.6864443101e-19
9.55911823647 1.63642463428e-19
9.57915831663 1.58790177909e-19
9.59919839679 1.54083045076e-19
9.61923847695 1.49516674552e-19
9.63927855711 1.45086810616e-19
9.65931863727 1.40789328004e-19
9.67935871743 1.36620227835e-19
9.6993987976 1.32575633675e-19
9.71943887776 1.28651787721e-19
9.73947895792 1.2484504711e-19
9.75951903808 1.21151880342e-19
9.77955911824 1.17568863819e-19
9.7995991984 1.14092678492e-19
9.81963927856 1.10720106621e-19
9.83967935872 1.07448028625e-19
9.85971943888 1.04273420041e-19
9.87975951904 1.01193348582e-19
9.8997995992 0.0
9.91983967936 0.0
9.93987975952 0.0
9.95991983968 0.0
9.97995991984 0.0
10.0 0.0
