0.0 0.0
0.0200400801603 0.0
0.0400801603206 0.0
0.060120240481 0.0
0.0801603206413 0.0
0.100200400802 0.0
0.120240480962 0.0
0.140280561122 0.0
0.160320641283 3.90703644116e-11
0.180360721443 1.74038164788e-11
0.200400801603 1.28116203145e-11
0.220440881764 4.79582824423e-10
0.240480961924 4.51680363889e-10
0.260521042084 1.42885177021e-11
0.280561122244 1.55532848913e-11
0.300601202405 1.6599786454e-11
0.320641282565 1.77857042307e-11
0.340681362725 1.9211012172e-11
0.360721442886 2.01103731839e-11
0.380761523046 2.0873671874e-11
0.400801603206 2.15572231737e-11
0.420841683367 2.21888587108e-11
0.440881763527 2.27739575711e-11
0.460921843687 2.3308410391e-11
0.480961923848 2.37831064739e-11
0.501002004008 2.41728376757e-11
0.521042084168 2.45337719082e-11
0.541082164329 2.48644224639e-11
0.561122244489 2.5163001424e-11
0.581162324649 2.54411362073e-11
0.60120240481 2.57001932276e-11
0.62124248497 2.59258015987e-11
0.64128256513 2.61264672819e-11
0.661322645291 2.63164768977e-11
0.681362725451 2.64616971188e-11
0.701402805611 2.64925228003e-11
0.721442885772 2.65226117513e-11
0.741482965932 2.65494403849e-11
0.761523046092 2.65392054408e-11
0.781563126253 2.65271173622e-11
0.801603206413 2.65183074278e-11
0.821643286573 2.64063688698e-11
0.841683366733 2.6228406352e-11
0.861723446894 2.60588980639e-11
0.881763527054 2.58402715613e-11
0.901803607214 2.54750968701e-11
0.921843687375 2.5126601356e-11
0.941883767535 2.47927093216e-11
0.961923847695 2.4388492311e-11
0.981963927856 2.39950288238e-11
1.00200400802 2.36196320825e-11
1.02204408818 2.32986615387e-11
1.04208416834 2.30155334872e-11
1.0621242485 2.2742422914e-11
1.08216432866 2.24677754327e-11
1.10220440882 2.21787502131e-11
1.12224448898 2.19003770785e-11
1.14228456914 2.16357191582e-11
1.1623246493 2.12877162938e-11
1.18236472946 2.09458433368e-11
1.20240480962 2.0615600296e-11
1.22244488978 2.02894973984e-11
1.24248496994 1.99697827093e-11
1.2625250501 1.96602628306e-11
1.28256513026 1.93647665616e-11
1.30260521042 1.90902232847e-11
1.32264529058 1.8824170221e-11
1.34268537074 1.85661469792e-11
1.3627254509 1.83467887398e-11
1.38276553106 1.81355525205e-11
1.40280561122 1.79298524974e-11
1.42284569138 1.77067549041e-11
1.44288577154 1.74760476172e-11
1.4629258517 1.72516291904e-11
1.48296593186 1.70362156552e-11
1.50300601202 1.68342981192e-11
1.52304609218 1.66377769702e-11
1.54308617234 1.64482624425e-11
1.56312625251 1.62264915644e-11
1.58316633267 1.60088522885e-11
1.60320641283 1.57967380403e-11
1.62324649299 1.55906393065e-11
1.64328657315 1.53900398532e-11
1.66332665331 1.5194114054e-11
1.68336673347 1.50109980423e-11
1.70340681363 1.48520498683e-11
1.72344689379 1.46968427196e-11
1.74348697395 1.45451040497e-11
1.76352705411 1.43109116662e-11
1.78356713427 1.4079374626e-11
1.80360721443 1.38530446732e-11
1.82364729459 1.36592901158e-11
1.84368737475 1.34851277464e-11
1.86372745491 1.33147460667e-11
1.88376753507 1.3171738563e-11
1.90380761523 1.30840264792e-11
1.92384769539 1.29981620447e-11
1.94388777555 1.29140873182e-11
1.96392785571 1.27412512912e-11
1.98396793587 1.25701062332e-11
2.00400801603 1.23999318692e-11
2.02404809619 1.22419996973e-11
2.04408817635 1.20865124979e-11
2.06412825651 1.19340856003e-11
2.08416833667 1.178525823e-11
2.10420841683 1.16406255426e-11
2.12424849699 1.14987576528e-11
2.14428857715 1.13595758633e-11
2.16432865731 1.12170390867e-11
2.18436873747 1.10770920192e-11
2.20440881764 1.09397201914e-11
2.2244488978 1.0787196484e-11
2.24448897796 1.06284295921e-11
2.26452905812 1.04725019144e-11
2.28456913828 1.03166469939e-11
2.30460921844 1.01581277179e-11
2.3246492986 1.00023678767e-11
2.34468937876 9.84931639443e-12
2.36472945892 9.72947887394e-12
2.38476953908 9.61167667929e-12
2.40480961924 9.49585827536e-12
2.4248496994 9.37873917931e-12
2.44488977956 9.26198459259e-12
2.46492985972 9.14714688955e-12
2.48496993988 9.01923834015e-12
2.50501002004 8.86473794417e-12
2.5250501002 8.71270878868e-12
2.54509018036 8.56375199081e-12
2.56513026052 8.47602135209e-12
2.58517034068 8.38966452529e-12
2.60521042084 8.30464941033e-12
2.625250501 8.18951117852e-12
2.64529058116 8.06152617638e-12
2.66533066132 7.93547970061e-12
2.68537074148 7.8123121243e-12
2.70541082164 7.69278660486e-12
2.7254509018 7.57503115186e-12
2.74549098196 7.4593702086e-12
2.76553106212 7.36195245914e-12
2.78557114228 7.26594674309e-12
2.80561122244 7.17132250883e-12
2.82565130261 7.04096840312e-12
2.84569138277 6.8960304692e-12
2.86573146293 6.75313063105e-12
2.88577154309 6.63115715207e-12
2.90581162325 6.5440728516e-12
2.92585170341 6.45818947684e-12
2.94589178357 6.37270397978e-12
2.96593186373 6.26474555172e-12
2.98597194389 6.15824425483e-12
3.00601202405 6.05317072411e-12
3.02605210421 5.94785462352e-12
3.04609218437 5.84323849151e-12
3.06613226453 5.73999694603e-12
3.08617234469 5.64027019324e-12
3.10621242485 5.54547330698e-12
3.12625250501 5.4518979596e-12
3.14629258517 5.35988117956e-12
3.16633266533 5.27720516009e-12
3.18637274549 5.19557444738e-12
3.20641282565 5.11496929859e-12
3.22645290581 5.01946726501e-12
3.24649298597 4.9187602612e-12
3.26653306613 4.81929418678e-12
3.28657314629 4.71738306979e-12
3.30661322645 4.61082776402e-12
3.32665330661 4.50556125481e-12
3.34669338677 4.40282180789e-12
3.36673346693 4.32401438637e-12
3.38677354709 4.24614356892e-12
3.40681362725 4.16919272382e-12
3.42685370741 4.08918188582e-12
3.44689378758 4.00859121829e-12
3.46693386774 3.92893584344e-12
3.4869739479 3.85151981517e-12
3.50701402806 3.77702312054e-12
3.52705410822 3.70337618984e-12
3.54709418838 3.63000846183e-12
3.56713426854 3.5491989635e-12
3.5871743487 3.469295458e-12
3.60721442886 3.39028276717e-12
3.62725450902 3.31587910774e-12
3.64729458918 3.24364958033e-12
3.66733466934 3.17221208477e-12
3.6873747495 3.10389134495e-12
3.70741482966 3.03975736129e-12
3.72745490982 2.97631529462e-12
3.74749498998 2.9137415335e-12
3.76753507014 2.85420405137e-12
3.7875751503 2.79529865507e-12
3.80761523046 2.73701531338e-12
3.82765531062 2.67157730436e-12
3.84769539078 2.60415217275e-12
3.86773547094 2.53742773341e-12
3.8877755511 2.47515906131e-12
3.90781563126 2.41885075629e-12
3.92785571142 2.36311870685e-12
3.94789579158 2.30834426605e-12
3.96793587174 2.2583939886e-12
3.9879759519 2.20894719526e-12
4.00801603206 2.15999629823e-12
4.02805611222 2.10690351155e-12
4.04809619238 2.05283022039e-12
4.06813627255 1.99929106044e-12
4.08817635271 1.94983979634e-12
4.10821643287 1.90569552852e-12
4.12825651303 1.86198101197e-12
4.14829659319 1.81852847304e-12
4.16833667335 1.77393982117e-12
4.18837675351 1.72977894513e-12
4.20841683367 1.68603970812e-12
4.22845691383 1.6457563897e-12
4.24849699399 1.60678984017e-12
4.26853707415 1.56819010003e-12
4.28857715431 1.52902225031e-12
4.30861723447 1.48901229342e-12
4.32865731463 1.44937367327e-12
4.34869739479 1.41053631962e-12
4.36873747495 1.37578651075e-12
4.38877755511 1.34135481056e-12
4.40881763527 1.30723686357e-12
4.42885771543 1.27579958046e-12
4.44889779559 1.24533491148e-12
4.46893787575 1.21514411578e-12
4.48897795591 1.18497085223e-12
4.50901803607 1.15475173638e-12
4.52905811623 1.12480064735e-12
4.54909819639 1.09526166996e-12
4.56913827655 1.06712078634e-12
4.58917835671 1.03922621576e-12
4.60921843687 1.01157473309e-12
4.62925851703 9.84467507725e-13
4.64929859719 9.5767771739e-13
4.66933867735 9.31118363762e-13
4.68937875752 9.06177580305e-13
4.70941883768 8.83111487405e-13
4.72945891784 8.60241287557e-13
4.749498998 8.37334443838e-13
4.76953907816 8.1301238233e-13
4.78957915832 7.8889425276e-13
4.80961923848 7.64977497016e-13
4.82965931864 7.43472442134e-13
4.8496993988 7.2271440272e-13
4.86973947896 7.02127549113e-13
4.88977955912 6.82157902464e-13
4.90981963928 6.62865255062e-13
4.92985971944 6.43729762876e-13
4.9498997996 6.25002202476e-13
4.96993987976 6.08038164527e-13
4.98997995992 5.9121065136e-13
5.01002004008 5.74827199522e-13
5.03006012024 5.58860305067e-13
5.0501002004 5.43020374712e-13
5.07014028056 5.28134270121e-13
5.09018036072 5.13382613796e-13
5.11022044088 4.98746875196e-13
5.13026052104 4.84225691043e-13
5.1503006012 4.69817719399e-13
5.17034068136 4.56540221856e-13
5.19038076152 4.43430895589e-13
5.21042084168 4.30422594884e-13
5.23046092184 4.17514154432e-13
5.250501002 4.04704426819e-13
5.27054108216 3.93153624825e-13
5.29058116232 3.81820463235e-13
5.31062124248 3.70572989127e-13
5.33066132265 3.59410232684e-13
5.35070140281 3.48331238703e-13
5.37074148297 3.37653450298e-13
5.39078156313 3.27107424718e-13
5.41082164329 3.1663965106e-13
5.43086172345 3.06249260139e-13
5.45090180361 2.95935395627e-13
5.47094188377 2.86708176915e-13
5.49098196393 2.77772228561e-13
5.51102204409 2.68901379365e-13
5.53106212425 2.60094919298e-13
5.55110220441 2.51352148643e-13
5.57114228457 2.43040620819e-13
5.59118236473 2.3489361989e-13
5.61122244489 2.26804906486e-13
5.63126252505 2.18773856249e-13
5.65130260521 2.10799853728e-13
5.67134268537 2.03552239492e-13
5.69138276553 1.96593538568e-13
5.71142284569 1.89683749535e-13
5.73146292585 1.82822357604e-13
5.75150300601 1.76008855198e-13
5.77154308617 1.69485323876e-13
5.79158316633 1.6311211946e-13
5.81162324649 1.56782936008e-13
5.83166332665 1.50497318218e-13
5.85170340681 1.44254817061e-13
5.87174348697 1.38351466635e-13
5.89178356713 1.32642892281e-13
5.91182364729 1.26973077905e-13
5.93186372745 1.21341629413e-13
5.95190380762 1.15748158053e-13
5.97194388778 1.10739699053e-13
5.99198396794 1.0610466798e-13
6.0120240481 1.01500584364e-13
6.03206412826 9.69271387236e-14
6.05210420842 9.23840256996e-14
6.07214428858 8.80979939569e-14
6.09218436874 8.40069488053e-14
6.1122244489 7.99427702363e-14
6.13226452906 7.59051939747e-14
6.15230460922 7.18939592098e-14
6.17234468938 6.80405696252e-14
6.19238476954 6.4326141433e-14
6.2124248497 6.06357116589e-14
6.23246492986 5.69690480573e-14
6.25250501002 5.33259213787e-14
6.27254509018 4.99835763343e-14
6.29258517034 4.69447668493e-14
6.3126252505 4.39252796867e-14
6.33266533066 4.09249307834e-14
6.35270541082 3.79435384141e-14
6.37274549098 3.51721918632e-14
6.39278557114 3.26470312259e-14
6.4128256513 3.01376763302e-14
6.43286573146 2.76439789372e-14
6.45290581162 2.51657926622e-14
6.47294589178 2.2986596492e-14
6.49298597194 2.12208187444e-14
6.5130260521 1.94659257668e-14
6.53306613226 1.77218169699e-14
6.55310621242 1.59883930053e-14
6.57314629259 1.44631120584e-14
6.59318637275 1.32771834664e-14
6.61322645291 1.20984568574e-14
6.63326653307 1.09268666123e-14
6.65330661323 9.76234791164e-15
6.67334669339 8.644066788e-15
6.69338677355 7.61072584703e-15
6.71342685371 6.58356646032e-15
6.73346693387 5.56253314229e-15
6.75350701403 4.54757107343e-15
6.77354709419 3.64476049149e-15
6.79358717435 3.00273171201e-15
6.81362725451 2.36448933879e-15
6.83366733467 1.72999982027e-15
6.85370741483 1.09923000353e-15
6.87374749499 6.02307084897e-16
6.89378757515 4.92447926482e-16
6.91382765531 3.83232727946e-16
6.93386773547 2.74655716717e-16
6.95390781563 1.66711191875e-16
6.97394789579 7.96575572435e-17
6.99398797595 6.8160367231e-17
7.01402805611 5.67347346648e-17
7.03406813627 4.53798886306e-17
7.05410821643 3.40950713134e-17
7.07414829659 2.41446413433e-17
7.09418837675 2.03404798304e-17
7.11422845691 1.65627627641e-17
7.13426853707 1.28111307655e-17
7.15430861723 9.08523220354e-18
7.17434869739 5.84425081223e-18
7.19438877756 5.65701493703e-18
7.21442885772 5.47511463186e-18
7.23446893788 5.29838844068e-18
7.25450901804 5.12667988489e-18
7.2745490982 4.96104373584e-18
7.29458917836 4.81214909173e-18
7.31462925852 4.66775846187e-18
7.33466933868 4.52773436428e-18
7.35470941884 4.39194355758e-18
7.374749499 4.26025690855e-18
7.39478957916 4.13254926397e-18
7.41482965932 4.00869932644e-18
7.43486973948 3.88858953419e-18
7.45490981964 3.77210594467e-18
7.4749498998 3.65913812178e-18
7.49498997996 3.54957902674e-18
7.51503006012 3.44332491232e-18
7.53507014028 3.34027522044e-18
7.55511022044 3.24033248304e-18
7.5751503006 3.143402226e-18
7.59519038076 3.04939287616e-18
7.61523046092 2.95821567119e-18
7.63527054108 2.86978457234e-18
7.65531062124 2.78401617999e-18
7.6753507014 2.7008296517e-18
7.69539078156 2.620146623e-18
7.71543086172 2.54189113057e-18
7.73547094188 2.46598953786e-18
7.75551102204 2.39237046305e-18
7.7755511022 2.32096470924e-18
7.79559118236 2.25170519687e-18
7.81563126253 2.18452689824e-18
7.83567134269 2.11936677402e-18
7.85571142285 2.05616371189e-18
7.87575150301 1.99485846695e-18
7.89579158317 1.93539360408e-18
7.91583166333 1.87771344204e-18
7.93587174349 1.82176399943e-18
7.95591182365 1.7674929422e-18
7.97595190381 1.71484953285e-18
7.99599198397 1.66378458128e-18
8.01603206413 1.61425039709e-18
8.03607214429 1.56620074336e-18
8.05611222445 1.51959079196e-18
8.07615230461 1.47437708016e-18
8.09619238477 1.43051746865e-18
8.11623246493 1.38797110083e-18
8.13627254509 1.34669836335e-18
8.15631262525 1.30666084798e-18
8.17635270541 1.26782131451e-18
8.19639278557 1.23014365495e-18
8.21643286573 1.19359285872e-18
8.23647294589 1.15813497902e-18
8.25651302605 1.12373710018e-18
8.27655310621 1.09036730601e-18
8.29659318637 1.05799464923e-18
8.31663326653 1.02658912174e-18
8.33667334669 9.96121625841e-19
8.35671342685 9.66563946372e-19
8.37675350701 9.37888723699e-19
8.39679358717 9.10069427528e-19
8.41683366733 8.83080331533e-19
8.43687374749 8.56896488774e-19
8.45691382766 8.31493707871e-19
8.47695390782 8.0684852991e-19
8.49699398798 7.82938206068e-19
8.51703406814 7.59740675928e-19
8.5370741483 7.37234546459e-19
8.55711422846 7.15399071649e-19
8.57715430862 6.9421413276e-19
8.59719438878 6.73660219201e-19
8.61723446894 6.5371840998e-19
8.6372745491 6.34370355734e-19
8.65731462926 6.1559826131e-19
8.67735470942 5.97384868881e-19
8.69739478958 5.79713441583e-19
8.71743486974 5.62567747655e-19
8.7374749499 5.45932045067e-19
8.75751503006 5.29791066618e-19
8.77755511022 5.14130005495e-19
8.79759519038 4.98934501273e-19
8.81763527054 4.84190626344e-19
8.8376753507 4.6988487277e-19
8.85771543086 4.56004139527e-19
8.87775551102 4.42535720148e-19
8.89779559118 4.29467290747e-19
8.91783567134 4.16786898403e-19
8.9378757515 4.04482949905e-19
8.95791583166 3.92544200838e-19
8.97795591182 3.80959745008e-19
8.99799599198 3.69719004184e-19
9.01803607214 3.58811718162e-19
9.0380761523 3.48227935125e-19
9.05811623246 3.37958002303e-19
9.07815631263 3.27992556914e-19
9.09819639279 3.18322517389e-19
9.11823647295 3.08939074857e-19
9.13827655311 2.99833684894e-19
9.15831663327 2.90998059525e-19
9.17835671343 2.82424159464e-19
9.19839679359 2.74104186601e-19
9.21843687375 2.6603057671e-19
9.23847695391 2.58195992378e-19
9.25851703407 2.50593316158e-19
9.27855711423 2.43215643923e-19
9.29859719439 2.36056278426e-19
9.31863727455 2.29108723054e-19
9.33867735471 2.22366675776e-19
9.35871743487 2.15824023268e-19
9.37875751503 2.09474835226e-19
9.39879759519 2.03313358843e-19
9.41883767535 1.97334013461e-19
9.43887775551 1.91531385381e-19
9.45891783567 1.85900222833e-19
9.47895791583 1.80435431098e-19
9.49899799599 1.75132067778e-19
9.51903807615 1.69985338209e-19
9.53907815631 1.64990591017e-19
9.55911823647 1.60143313801e-19
9.57915831663 1.55439128957e-19
9.59919839679 1.5087378962e-19
9.61923847695 1.46443175733e-19
9.63927855711 1.42143290236e-19
9.65931863727 1.37970255369e-19
9.67935871743 1.33920309083e-19
9.6993987976 1.29989801571e-19
9.71943887776 1.2617519189e-19
9.73947895792 1.22473044695e-19
9.75951903808 1.1888002707e-19
9.77955911824 1.15392905452e-19
9.7995991984 1.12008542648e-19
9.81963927856 1.08723894947e-19
9.83967935872 1.05536009316e-19
9.85971943888 1.02442020677e-19
9.87975951904 9.94391492773e-20
9.8997995992 0.0
9.91983967936 0.0
9.93987975952 0.0
9.95991983968 0.0
9.97995991984 0.0
10.0 0.0
