0.0 0.0
0.0200400801603 0.0
0.0400801603206 0.0
0.060120240481 0.0
0.0801603206413 0.0
0.100200400802 0.0
0.120240480962 0.0
0.140280561122 0.0
0.160320641283 0.0
0.180360721443 0.0
0.200400801603 2.98780384357e-11
0.220440881764 8.56257264719e-10
0.240480961924 7.24457404592e-10
0.260521042084 2.14258066361e-11
0.280561122244 2.25499110869e-11
0.300601202405 2.35252631398e-11
0.320641282565 2.48005216505e-11
0.340681362725 2.6469711368e-11
0.360721442886 2.74508010006e-11
0.380761523046 2.8281864064e-11
0.400801603206 2.90337095116e-11
0.420841683367 2.97382169519e-11
0.440881763527 3.03978894301e-11
0.460921843687 3.10041498038e-11
0.480961923848 3.15426613183e-11
0.501002004008 3.19783022364e-11
0.521042084168 3.23844548681e-11
0.541082164329 3.2759281887e-11
0.561122244489 3.30980693852e-11
0.581162324649 3.34152236184e-11
0.60120240481 3.37122967226e-11
0.62124248497 3.39696800201e-11
0.64128256513 3.41978042624e-11
0.661322645291 3.44148270825e-11
0.681362725451 3.45753338886e-11
0.701402805611 3.4588685545e-11
0.721442885772 3.46034990605e-11
0.741482965932 3.46169271115e-11
0.761523046092 3.45838878365e-11
0.781563126253 3.45501308355e-11
0.801603206413 3.45215833748e-11
0.821643286573 3.43596262242e-11
0.841683366733 3.41130485867e-11
0.861723446894 3.38789668476e-11
0.881763527054 3.35825947817e-11
0.901803607214 3.30966454009e-11
0.921843687375 3.26335028783e-11
0.941883767535 3.21906189628e-11
0.961923847695 3.16572318731e-11
0.981963927856 3.11386699034e-11
1.00200400802 3.0643842407e-11
1.02204408818 3.02200835655e-11
1.04208416834 2.98460867922e-11
1.0621242485 2.94859610719e-11
1.08216432866 2.91251455939e-11
1.10220440882 2.87460990576e-11
1.12224448898 2.83812686398e-11
1.14228456914 2.80335234952e-11
1.1623246493 2.75780010515e-11
1.18236472946 2.71308019628e-11
1.20240480962 2.66990394341e-11
1.22244488978 2.62729680066e-11
1.24248496994 2.5855468026e-11
1.2625250501 2.54515011948e-11
1.28256513026 2.50660798426e-11
1.30260521042 2.47080254718e-11
1.32264529058 2.43611698102e-11
1.34268537074 2.40249202915e-11
1.3627254509 2.37389178414e-11
1.38276553106 2.34635827877e-11
1.40280561122 2.31957338909e-11
1.42284569138 2.29055880141e-11
1.44288577154 2.26057068181e-11
1.4629258517 2.23141175705e-11
1.48296593186 2.2034379041e-11
1.50300601202 2.17722001236e-11
1.52304609218 2.1517088702e-11
1.54308617234 2.1270590337e-11
1.56312625251 2.0982419671e-11
1.58316633267 2.06996818179e-11
1.60320641283 2.04241704196e-11
1.62324649299 2.01565160674e-11
1.64328657315 1.98960475175e-11
1.66332665331 1.96417556699e-11
1.68336673347 1.94042362579e-11
1.70340681363 1.91980311313e-11
1.72344689379 1.89967117186e-11
1.74348697395 1.87999636221e-11
1.76352705411 1.84966171662e-11
1.78356713427 1.81967528295e-11
1.80360721443 1.79036639069e-11
1.82364729459 1.76527400775e-11
1.84368737475 1.74271880061e-11
1.86372745491 1.72065577861e-11
1.88376753507 1.7021353628e-11
1.90380761523 1.69076708906e-11
1.92384769539 1.67963976133e-11
1.94388777555 1.6687457657e-11
1.96392785571 1.64637840872e-11
1.98396793587 1.62423216726e-11
2.00400801603 1.60228597395e-11
2.02404809619 1.58177105542e-11
2.04408817635 1.56165173869e-11
2.06412825651 1.54192948961e-11
2.08416833667 1.52267391473e-11
2.10420841683 1.50396184705e-11
2.12424849699 1.4856083782e-11
2.14428857715 1.4676032616e-11
2.16432865731 1.44916565143e-11
2.18436873747 1.43106383696e-11
2.20440881764 1.41329588409e-11
2.2244488978 1.39357076964e-11
2.24448897796 1.37303987981e-11
2.26452905812 1.3528769414e-11
2.28456913828 1.33272439494e-11
2.30460921844 1.31222850578e-11
2.3246492986 1.29209012981e-11
2.34468937876 1.27230261397e-11
2.36472945892 1.25680771841e-11
2.38476953908 1.24157647127e-11
2.40480961924 1.22660217836e-11
2.4248496994 1.2114604222e-11
2.44488977956 1.19636634817e-11
2.46492985972 1.18152050954e-11
2.48496993988 1.16498642907e-11
2.50501002004 1.14501725824e-11
2.5250501002 1.1253680376e-11
2.54509018036 1.10611639373e-11
2.56513026052 1.09477541796e-11
2.58517034068 1.08361228511e-11
2.60521042084 1.07262283111e-11
2.625250501 1.05774214503e-11
2.64529058116 1.04120225417e-11
2.66533066132 1.0249132524e-11
2.68537074148 1.00899659753e-11
2.70541082164 9.93550849026e-12
2.7254509018 9.78334154008e-12
2.74549098196 9.63388404539e-12
2.76553106212 9.50799617368e-12
2.78557114228 9.38393528697e-12
2.80561122244 9.26166178402e-12
2.82565130261 9.09323790585e-12
2.84569138277 8.90597966645e-12
2.86573146293 8.72135805082e-12
2.88577154309 8.56377050334e-12
2.90581162325 8.45125142171e-12
2.92585170341 8.3402857299e-12
2.94589178357 8.22983608122e-12
2.96593186373 8.09036178443e-12
2.98597194389 7.95277212358e-12
3.00601202405 7.81702905727e-12
3.02605210421 7.68097508103e-12
3.04609218437 7.54582751446e-12
3.06613226453 7.41245759715e-12
3.08617234469 7.28362943613e-12
3.10621242485 7.16117050406e-12
3.12625250501 7.04029114981e-12
3.14629258517 6.92142657521e-12
3.16633266533 6.81462753064e-12
3.18637274549 6.70918005597e-12
3.20641282565 6.60505859117e-12
3.22645290581 6.48169943183e-12
3.24649298597 6.3516198718e-12
3.26653306613 6.22314469918e-12
3.28657314629 6.0915135592e-12
3.30661322645 5.95388639442e-12
3.32665330661 5.8179253958e-12
3.34669338677 5.68522962911e-12
3.36673346693 5.58344187946e-12
3.38677354709 5.48286486008e-12
3.40681362725 5.38347704723e-12
3.42685370741 5.28013867289e-12
3.44689378758 5.17605265141e-12
3.46693386774 5.073175579e-12
3.4869739479 4.97319143661e-12
3.50701402806 4.87697826681e-12
3.52705410822 4.78186342443e-12
3.54709418838 4.68711007726e-12
3.56713426854 4.5827477535e-12
3.5871743487 4.47955638804e-12
3.60721442886 4.37751634336e-12
3.62725450902 4.28142901063e-12
3.64729458918 4.18815004879e-12
3.66733466934 4.0958946769e-12
3.6873747495 4.00766479377e-12
3.70741482966 3.92484201618e-12
3.72745490982 3.84291339207e-12
3.74749498998 3.76210666569e-12
3.76753507014 3.6852212721e-12
3.7875751503 3.60915267331e-12
3.80761523046 3.53388789594e-12
3.82765531062 3.44938512972e-12
3.84769539078 3.362317117e-12
3.86773547094 3.27615452541e-12
3.8877755511 3.19574605707e-12
3.90781563126 3.12303442845e-12
3.92785571142 3.05106738173e-12
3.94789579158 2.98033731471e-12
3.96793587174 2.91583679474e-12
3.9879759519 2.8519867966e-12
4.00801603206 2.78877750952e-12
4.02805611222 2.72022056907e-12
4.04809619238 2.6503980249e-12
4.06813627255 2.58126558179e-12
4.08817635271 2.51741182752e-12
4.10821643287 2.46041078852e-12
4.12825651303 2.40396495899e-12
4.14829659319 2.34785770294e-12
4.16833667335 2.29028383168e-12
4.18837675351 2.23326260553e-12
4.20841683367 2.17678609122e-12
4.22845691383 2.12477202913e-12
4.24849699399 2.0744583894e-12
4.26853707415 2.02461860776e-12
4.28857715431 1.97404555571e-12
4.30861723447 1.92238546637e-12
4.32865731463 1.8712050759e-12
4.34869739479 1.82105947572e-12
4.36873747495 1.77619168085e-12
4.38877755511 1.73173480667e-12
4.40881763527 1.68768322397e-12
4.42885771543 1.64709290026e-12
4.44889779559 1.60775850756e-12
4.46893787575 1.56877787826e-12
4.48897795591 1.52982004277e-12
4.50901803607 1.49080316326e-12
4.52905811623 1.45213248968e-12
4.54909819639 1.41399404593e-12
4.56913827655 1.37766082613e-12
4.58917835671 1.34164575658e-12
4.60921843687 1.30594466967e-12
4.62925851703 1.27094639809e-12
4.64929859719 1.23635808854e-12
4.66933867735 1.20206741492e-12
4.68937875752 1.16986656346e-12
4.70941883768 1.14008618876e-12
4.72945891784 1.11055882338e-12
4.749498998 1.08098424356e-12
4.76953907816 1.04958261846e-12
4.78957915832 1.01844438504e-12
4.80961923848 9.87566238008e-13
4.82965931864 9.59801834422e-13
4.8496993988 9.33001952743e-13
4.86973947896 9.06423160056e-13
4.88977955912 8.80641289677e-13
4.90981963928 8.55733530634e-13
4.92985971944 8.31028735575e-13
4.9498997996 8.06850665684e-13
4.96993987976 7.84949436931e-13
4.98997995992 7.63224522872e-13
5.01002004008 7.4207296212e-13
5.03006012024 7.21459242609e-13
5.0501002004 7.01009487912e-13
5.07014028056 6.81791196501e-13
5.09018036072 6.62746525814e-13
5.11022044088 6.43851551443e-13
5.13026052104 6.25104512419e-13
5.1503006012 6.0650367534e-13
5.17034068136 5.89362337816e-13
5.19038076152 5.72438148049e-13
5.21042084168 5.55644419111e-13
5.23046092184 5.38979645841e-13
5.250501002 5.22442346191e-13
5.27054108216 5.07530356711e-13
5.29058116232 4.92899369808e-13
5.31062124248 4.78379033135e-13
5.33066132265 4.63968094129e-13
5.35070140281 4.49665319096e-13
5.37074148297 4.35880523872e-13
5.39078156313 4.22265858216e-13
5.41082164329 4.08752239428e-13
5.43086172345 3.95338544938e-13
5.45090180361 3.82023668778e-13
5.47094188377 3.70111655774e-13
5.49098196393 3.58575686227e-13
5.51102204409 3.4712377658e-13
5.53106212425 3.35755009886e-13
5.55110220441 3.24468482515e-13
5.57114228457 3.13738695233e-13
5.59118236473 3.03221323434e-13
5.61122244489 2.92779214639e-13
5.63126252505 2.82411562563e-13
5.65130260521 2.72117572421e-13
5.67134268537 2.62761337618e-13
5.69138276553 2.53778091283e-13
5.71142284569 2.44857999953e-13
5.73146292585 2.36000398882e-13
5.75150300601 2.27204632639e-13
5.77154308617 2.18783217208e-13
5.79158316633 2.10555877221e-13
5.81162324649 2.02385376274e-13
5.83166332665 1.9427112645e-13
5.85170340681 1.8621254793e-13
5.87174348697 1.78591804548e-13
5.89178356713 1.71222515112e-13
5.91182364729 1.63903270937e-13
5.93186372745 1.56633563162e-13
5.95190380762 1.49412889815e-13
5.97194388778 1.42947439368e-13
5.99198396794 1.36964067154e-13
6.0120240481 1.31020651538e-13
6.03206412826 1.25116792947e-13
6.05210420842 1.19252097133e-13
6.07214428858 1.13719280841e-13
6.09218436874 1.08438183187e-13
6.1122244489 1.03191772629e-13
6.13226452906 9.79797079751e-14
6.15230460922 9.28016525046e-14
6.17234468938 8.78273673903e-14
6.19238476954 8.30324745527e-14
6.2124248497 7.82685653948e-14
6.23246492986 7.35353400815e-14
6.25250501002 6.88325026441e-14
6.27254509018 6.45179529357e-14
6.29258517034 6.05952449271e-14
6.3126252505 5.66974825797e-14
6.33266533066 5.28244282855e-14
6.35270541082 4.89758474525e-14
6.37274549098 4.53984192421e-14
6.39278557114 4.21387965207e-14
6.4128256513 3.88995788346e-14
6.43286573146 3.56805748373e-14
6.45290581162 3.2481595574e-14
6.47294589178 2.96685853296e-14
6.49298597194 2.73892589896e-14
6.5130260521 2.51239836526e-14
6.53306613226 2.28726295112e-14
6.55310621242 2.06350683575e-14
6.57314629259 1.86661987221e-14
6.59318637275 1.71353977698e-14
6.61322645291 1.56138927372e-14
6.63326653307 1.41015989756e-14
6.65330661323 1.25984328662e-14
6.67334669339 1.1154953621e-14
6.69338677355 9.8211220462e-15
6.71342685371 8.49526914652e-15
6.73346693387 7.1773233488e-15
6.75350701403 5.86721393758e-15
6.77354709419 4.70187863663e-15
6.79358717435 3.87318205712e-15
6.81362725451 3.04937179236e-15
6.83366733467 2.2304045897e-15
6.85370741483 1.416237709e-15
6.87374749499 7.74850142026e-16
6.89378757515 6.33114552789e-16
6.91382765531 4.92208019676e-16
6.93386773547 3.52123161259e-16
6.95390781563 2.12852686371e-16
6.97394789579 1.00547783919e-16
6.99398797595 8.57749569026e-17
7.01402805611 7.10924363143e-17
7.03406813627 5.64992905733e-17
7.05410821643 4.19946030311e-17
7.07414829659 2.92105599175e-17
7.09418837675 2.43587391479e-17
7.11422845691 1.95392752031e-17
7.13426853707 1.47517587348e-17
7.15430861723 9.99578870541e-18
7.17434869739 5.86416223072e-18
7.19438877756 5.67294547104e-18
7.21442885772 5.48708718793e-18
7.23446893788 5.30642570912e-18
7.25450901804 5.13080434303e-18
7.2745490982 4.96162855825e-18
7.29458917836 4.81271324755e-18
7.31462925852 4.66830269376e-18
7.33466933868 4.52825938773e-18
7.35470941884 4.3924500619e-18
7.374749499 4.26074555787e-18
7.39478957916 4.13302069815e-18
7.41482965932 4.00915416202e-18
7.43486973948 3.88902836521e-18
7.45490981964 3.77252934354e-18
7.4749498998 3.65954664007e-18
7.49498997996 3.54997319594e-18
7.51503006012 3.44370524461e-18
7.53507014028 3.34064220939e-18
7.55511022044 3.2406866043e-18
7.5751503006 3.14374393799e-18
7.59519038076 3.04972262065e-18
7.61523046092 2.95853387396e-18
7.63527054108 2.87009164378e-18
7.65531062124 2.78431251561e-18
7.6753507014 2.70111563274e-18
7.69539078156 2.62042261692e-18
7.71543086172 2.54215749157e-18
7.73547094188 2.46624660738e-18
7.75551102204 2.39261857019e-18
7.7755511022 2.32120417127e-18
7.79559118236 2.25193631964e-18
7.81563126253 2.18474997659e-18
7.83567134269 2.1195820922e-18
7.85571142285 2.05637154393e-18
7.87575150301 1.99505907705e-18
7.89579158317 1.93558724695e-18
7.91583166333 1.87790036329e-18
7.93587174349 1.82194443584e-18
7.95591182365 1.76766712208e-18
7.97595190381 1.71501767636e-18
7.99599198397 1.66394690069e-18
8.01603206413 1.61440709708e-18
8.03607214429 1.56635202132e-18
8.05611222445 1.51973683822e-18
8.07615230461 1.47451807829e-18
8.09619238477 1.43065359564e-18
8.11623246493 1.38810252739e-18
8.13627254509 1.34682525411e-18
8.15631262525 1.30678336171e-18
8.17635270541 1.26793960434e-18
8.19639278557 1.23025786857e-18
8.21643286573 1.19370313858e-18
8.23647294589 1.1582414625e-18
8.25651302605 1.12383991979e-18
8.27655310621 1.09046658959e-18
8.29659318637 1.05809052007e-18
8.31663326653 1.02668169877e-18
8.33667334669 9.96211023781e-19
8.35671342685 9.66650275893e-19
8.37675350701 9.37972091559e-19
8.39679358717 9.10149936715e-19
8.41683366733 8.831580814e-19
8.43687374749 8.56971575173e-19
8.45691382766 8.31566223271e-19
8.47695390782 8.06918563525e-19
8.49699398798 7.83005843971e-19
8.51703406814 7.59806001163e-19
8.5370741483 7.37297639149e-19
8.55711422846 7.15460009102e-19
8.57715430862 6.94272989568e-19
8.59719438878 6.73717067337e-19
8.61723446894 6.53773318893e-19
8.6372745491 6.34423392438e-19
8.65731462926 6.15649490468e-19
8.67735470942 5.97434352892e-19
8.69739478958 5.79761240663e-19
8.71743486974 5.62613919912e-19
8.7374749499 5.45976646577e-19
8.75751503006 5.29834151498e-19
8.77755511022 5.1417162597e-19
8.79759519038 4.98974707746e-19
8.81763527054 4.8422946746e-19
8.8376753507 4.69922395476e-19
8.85771543086 4.56040389134e-19
8.87775551102 4.4257074039e-19
8.89779559118 4.29501123835e-19
8.91783567134 4.16819585077e-19
8.9378757515 4.0451452949e-19
8.95791583166 3.92574711292e-19
8.97795591182 3.80989222968e-19
8.99799599198 3.69747485018e-19
9.01803607214 3.58839236009e-19
9.0380761523 3.48254522939e-19
9.05811623246 3.37983691895e-19
9.07815631263 3.28017378995e-19
9.09819639279 3.18346501605e-19
9.11823647295 3.08962249827e-19
9.13827655311 2.99856078248e-19
9.15831663327 2.91019697936e-19
9.17835671343 2.82445068685e-19
9.19839679359 2.74124391494e-19
9.21843687375 2.66050101278e-19
9.23847695391 2.58214859796e-19
9.25851703407 2.50611548802e-19
9.27855711423 2.43233263397e-19
9.29859719439 2.3607330559e-19
9.31863727455 2.2912517805e-19
9.33867735471 2.2238257805e-19
9.35871743487 2.15839391599e-19
9.37875751503 2.09489687746e-19
9.39879759519 2.03327713062e-19
9.41883767535 1.97347886286e-19
9.43887775551 1.91544793138e-19
9.45891783567 1.85913181289e-19
9.47895791583 1.80447955478e-19
9.49899799599 1.75144172785e-19
9.51903807615 1.69997038042e-19
9.53907815631 1.65001899388e-19
9.55911823647 1.60154243953e-19
9.57915831663 1.55449693679e-19
9.59919839679 1.50884001263e-19
9.61923847695 1.46453046227e-19
9.63927855711 1.42152831103e-19
9.65931863727 1.37979477736e-19
9.67935871743 1.33929223698e-19
9.6993987976 1.29998418814e-19
9.71943887776 1.26183521787e-19
9.73947895792 1.22481096932e-19
9.75951903808 1.18887811001e-19
9.77955911824 1.15400430111e-19
9.7995991984 1.12015816764e-19
9.81963927856 1.0873092695e-19
9.83967935872 1.05542807349e-19
9.85971943888 1.02448592608e-19
9.87975951904 9.9445502704e-20
9.8997995992 0.0
9.91983967936 0.0
9.93987975952 0.0
9.95991983968 0.0
9.97995991984 0.0
10.0 0.0
