0.0 0.0
0.0200400801603 0.0
0.0400801603206 0.0
0.060120240481 0.0
0.0801603206413 0.0
0.100200400802 0.0
0.120240480962 0.0
0.140280561122 0.0
0.160320641283 0.0
0.180360721443 0.0
0.200400801603 0.0
0.220440881764 0.0
0.240480961924 0.0
0.260521042084 0.0
0.280561122244 9.95796977198e-11
0.300601202405 5.70842930024e-11
0.320641282565 4.94767052086e-11
0.340681362725 4.75249186147e-11
0.360721442886 4.60896939945e-11
0.380761523046 4.532370707e-11
0.400801603206 4.49629731423e-11
0.420841683367 4.48644396325e-11
0.440881763527 4.49236372164e-11
0.460921843687 4.50638079397e-11
0.480961923848 4.52241190036e-11
0.501002004008 4.532847395e-11
0.521042084168 4.54634893117e-11
0.541082164329 4.56135216066e-11
0.561122244489 4.57599465957e-11
0.581162324649 4.59146136808e-11
0.60120240481 4.60737756211e-11
0.62124248497 4.62055753585e-11
0.64128256513 4.63202564205e-11
0.661322645291 4.64391337658e-11
0.681362725451 4.64979635411e-11
0.701402805611 4.63740221349e-11
0.721442885772 4.62659598155e-11
0.741482965932 4.61688744426e-11
0.761523046092 4.602045167e-11
0.781563126253 4.58805649592e-11
0.801603206413 4.57553780998e-11
0.821643286573 4.54604980297e-11
0.841683366733 4.5060910179e-11
0.861723446894 4.4684754224e-11
0.881763527054 4.423292248e-11
0.901803607214 4.35370138211e-11
0.921843687375 4.28767205606e-11
0.941883767535 4.22483152741e-11
0.961923847695 4.15056036912e-11
0.981963927856 4.07865949823e-11
1.00200400802 4.0102014195e-11
1.02204408818 3.95135845076e-11
1.04208416834 3.89932475439e-11
1.0621242485 3.84940079301e-11
1.08216432866 3.7997073516e-11
1.10220440882 3.7478527016e-11
1.12224448898 3.6980550796e-11
1.14228456914 3.65056383791e-11
1.1623246493 3.58920087902e-11
1.18236472946 3.52909583702e-11
1.20240480962 3.47116093816e-11
1.22244488978 3.41411358604e-11
1.24248496994 3.35831577593e-11
1.2625250501 3.30440631986e-11
1.28256513026 3.25303268232e-11
1.30260521042 3.20531634934e-11
1.32264529058 3.15914803699e-11
1.34268537074 3.11444506419e-11
1.3627254509 3.07633911534e-11
1.38276553106 3.03968736843e-11
1.40280561122 3.00408937887e-11
1.42284569138 2.9656736952e-11
1.44288577154 2.92605549392e-11
1.4629258517 2.88757051373e-11
1.48296593186 2.85068036213e-11
1.50300601202 2.81611034236e-11
1.52304609218 2.78249847675e-11
1.54308617234 2.74998943138e-11
1.56312625251 2.71212867984e-11
1.58316633267 2.67500996209e-11
1.60320641283 2.63886220732e-11
1.62324649299 2.60376452511e-11
1.64328657315 2.56962794179e-11
1.66332665331 2.53632611694e-11
1.68336673347 2.50523314613e-11
1.70340681363 2.47821048246e-11
1.72344689379 2.45184199048e-11
1.74348697395 2.42608964492e-11
1.76352705411 2.38659685891e-11
1.78356713427 2.34757716427e-11
1.80360721443 2.30945385831e-11
1.82364729459 2.27679219487e-11
1.84368737475 2.24742255716e-11
1.86372745491 2.21870470029e-11
1.88376753507 2.19457222523e-11
1.90380761523 2.17967796484e-11
1.92384769539 2.16510565745e-11
1.94388777555 2.15084487913e-11
1.96392785571 2.12180206175e-11
1.98396793587 2.09305716232e-11
2.00400801603 2.06465286585e-11
2.02404809619 2.0379550094e-11
2.04408817635 2.01185345392e-11
2.06412825651 1.98627335485e-11
2.08416833667 1.96130385427e-11
2.10420841683 1.93704340106e-11
2.12424849699 1.91325324618e-11
2.14428857715 1.88991974056e-11
2.16432865731 1.86603669391e-11
2.18436873747 1.84259345932e-11
2.20440881764 1.81958716087e-11
2.2244488978 1.7940671754e-11
2.24448897796 1.76751639195e-11
2.26452905812 1.74144602108e-11
2.28456913828 1.71539536685e-11
2.30460921844 1.68890879907e-11
2.3246492986 1.66288839035e-11
2.34468937876 1.63732527077e-11
2.36472945892 1.61729272077e-11
2.38476953908 1.59760402584e-11
2.40480961924 1.57825035036e-11
2.4248496994 1.55868530142e-11
2.44488977956 1.53918562797e-11
2.46492985972 1.52000924547e-11
2.48496993988 1.49866432599e-11
2.50501002004 1.47290355503e-11
2.5250501002 1.44755855313e-11
2.54509018036 1.42272898499e-11
2.56513026052 1.40807969146e-11
2.58517034068 1.393661843e-11
2.60521042084 1.37946996543e-11
2.625250501 1.36027546644e-11
2.64529058116 1.33894974894e-11
2.66533066132 1.31794963826e-11
2.68537074148 1.29743120472e-11
2.70541082164 1.27752105019e-11
2.7254509018 1.25790800089e-11
2.74549098196 1.23864581283e-11
2.76553106212 1.22241671975e-11
2.78557114228 1.20642458652e-11
2.80561122244 1.1906642339e-11
2.82565130261 1.16897208882e-11
2.84569138277 1.14486070138e-11
2.86573146293 1.12109064704e-11
2.88577154309 1.1007983383e-11
2.90581162325 1.08630176973e-11
2.92585170341 1.0720064189e-11
2.94589178357 1.0577788758e-11
2.96593186373 1.03982185741e-11
2.98597194389 1.02210870446e-11
3.00601202405 1.00463445985e-11
3.02605210421 9.87121753064e-12
3.04609218437 9.69727004606e-12
3.06613226453 9.52562139003e-12
3.08617234469 9.35982341103e-12
3.10621242485 9.20222386031e-12
3.12625250501 9.0466664097e-12
3.14629258517 8.89370984985e-12
3.16633266533 8.75626950587e-12
3.18637274549 8.6205761478e-12
3.20641282565 8.48659653608e-12
3.22645290581 8.32790662992e-12
3.24649298597 8.16059187397e-12
3.26653306613 7.99534917016e-12
3.28657314629 7.8260616411e-12
3.30661322645 7.6490802644e-12
3.32665330661 7.47424981462e-12
3.34669338677 7.30362435522e-12
3.36673346693 7.17271776719e-12
3.38677354709 7.04337416195e-12
3.40681362725 6.91556560652e-12
3.42685370741 6.78268886179e-12
3.44689378758 6.64885870627e-12
3.46693386774 6.51658853042e-12
3.4869739479 6.38804133039e-12
3.50701402806 6.26434465214e-12
3.52705410822 6.14206490441e-12
3.54709418838 6.02025538001e-12
3.56713426854 5.88610873029e-12
3.5871743487 5.75347218289e-12
3.60721442886 5.62232029486e-12
3.62725450902 5.49881997484e-12
3.64729458918 5.37893204295e-12
3.66733466934 5.26036382436e-12
3.6873747495 5.14697072115e-12
3.70741482966 5.04052686808e-12
3.72745490982 4.93523567018e-12
3.74749498998 4.83138947564e-12
3.76753507014 4.73258344197e-12
3.7875751503 4.63483015549e-12
3.80761523046 4.53811282647e-12
3.82765531062 4.42953520434e-12
3.84769539078 4.31766702382e-12
3.86773547094 4.20696539653e-12
3.8877755511 4.10365684085e-12
3.90781563126 4.010235755e-12
3.92785571142 3.91777389741e-12
3.94789579158 3.82690347151e-12
3.96793587174 3.74403540914e-12
3.9879759519 3.6620052948e-12
4.00801603206 3.58080044495e-12
4.02805611222 3.49273128912e-12
4.04809619238 3.40303960899e-12
4.06813627255 3.31423661403e-12
4.08817635271 3.23221408045e-12
4.10821643287 3.15899278367e-12
4.12825651303 3.08648640727e-12
4.14829659319 3.01441673005e-12
4.16833667335 2.94046589787e-12
4.18837675351 2.86722656759e-12
4.20841683367 2.79468849214e-12
4.22845691383 2.72788169147e-12
4.24849699399 2.66325974974e-12
4.26853707415 2.59924778459e-12
4.28857715431 2.53429593458e-12
4.30861723447 2.46795000816e-12
4.32865731463 2.40222148375e-12
4.34869739479 2.33782296496e-12
4.36873747495 2.28020170337e-12
4.38877755511 2.22310927373e-12
4.40881763527 2.16653841034e-12
4.42885771543 2.11441231275e-12
4.44889779559 2.06389967142e-12
4.46893787575 2.01384224453e-12
4.48897795591 1.96381511496e-12
4.50901803607 1.913713204e-12
4.52905811623 1.86405673005e-12
4.54909819639 1.81508446752e-12
4.56913827655 1.7684305441e-12
4.58917835671 1.7221859207e-12
4.60921843687 1.67634522154e-12
4.62925851703 1.6314075597e-12
4.64929859719 1.58699697053e-12
4.66933867735 1.54296923835e-12
4.68937875752 1.50162488557e-12
4.70941883768 1.46338827862e-12
4.72945891784 1.42547710067e-12
4.749498998 1.38750595896e-12
4.76953907816 1.34719022871e-12
4.78957915832 1.30721324512e-12
4.80961923848 1.26757074703e-12
4.82965931864 1.23192562963e-12
4.8496993988 1.19751910684e-12
4.86973947896 1.16339689705e-12
4.88977955912 1.1302981014e-12
4.90981963928 1.09832176631e-12
4.92985971944 1.06660641577e-12
4.9498997996 1.03556759488e-12
4.96993987976 1.00745159853e-12
4.98997995992 9.79562303983e-13
5.01002004008 9.52409302478e-13
5.03006012024 9.25946994098e-13
5.0501002004 8.99695492915e-13
5.07014028056 8.75024905497e-13
5.09018036072 8.50577482655e-13
5.11022044088 8.26322509115e-13
5.13026052104 8.02257716401e-13
5.1503006012 7.78380871636e-13
5.17034068136 7.56377511296e-13
5.19038076152 7.34653118086e-13
5.21042084168 7.13096426578e-13
5.23046092184 6.91705498229e-13
5.250501002 6.70478424327e-13
5.27054108216 6.51337533758e-13
5.29058116232 6.32557502961e-13
5.31062124248 6.13919693696e-13
5.33066132265 5.95422493068e-13
5.35070140281 5.77064312536e-13
5.37074148297 5.5937109379e-13
5.39078156313 5.41896404136e-13
5.41082164329 5.24551579512e-13
5.43086172345 5.0733517466e-13
5.45090180361 4.90245765741e-13
5.47094188377 4.74956882651e-13
5.49098196393 4.60150743039e-13
5.51102204409 4.45452626927e-13
5.53106212425 4.3086135401e-13
5.55110220441 4.16375761156e-13
5.57114228457 4.02604776683e-13
5.59118236473 3.891065155e-13
5.61122244489 3.75704964538e-13
5.63126252505 3.62399086101e-13
5.65130260521 3.49187857319e-13
5.67134268537 3.37180150122e-13
5.69138276553 3.25651195558e-13
5.71142284569 3.14203386023e-13
5.73146292585 3.02835866128e-13
5.75150300601 2.91547792492e-13
5.77154308617 2.80740200108e-13
5.79158316633 2.70181743711e-13
5.81162324649 2.59696311436e-13
5.83166332665 2.49283146863e-13
5.85170340681 2.38941504005e-13
5.87174348697 2.29161784028e-13
5.89178356713 2.1970481074e-13
5.91182364729 2.10312128316e-13
5.93186372745 2.00983082137e-13
5.95190380762 1.91717026466e-13
5.97194388778 1.83420142466e-13
5.99198396794 1.75741919778e-13
6.0120240481 1.68115023475e-13
6.03206412826 1.6053893962e-13
6.05210420842 1.53013161137e-13
6.07214428858 1.45913294755e-13
6.09218436874 1.39136474925e-13
6.1122244489 1.32404209387e-13
6.13226452906 1.25716059352e-13
6.15230460922 1.19071591791e-13
6.17234468938 1.12688635855e-13
6.19238476954 1.06535907606e-13
6.2124248497 1.00422974144e-13
6.23246492986 9.43494499105e-14
6.25250501002 8.83149543266e-14
6.27254509018 8.27787203182e-14
6.29258517034 7.77453028314e-14
6.3126252505 7.27439226631e-14
6.33266533066 6.77742743222e-14
6.35270541082 6.28360561997e-14
6.37274549098 5.82457852513e-14
6.39278557114 5.40633187248e-14
6.4128256513 4.99070562041e-14
6.43286573146 4.57767517131e-14
6.45290581162 4.16721623535e-14
6.47294589178 3.80628288641e-14
6.49298597194 3.51382782715e-14
6.5130260521 3.22317700781e-14
6.53306613226 2.93431374615e-14
6.55310621242 2.64722156559e-14
6.57314629259 2.39460586127e-14
6.59318637275 2.19819864804e-14
6.61322645291 2.0029849467e-14
6.63326653307 1.80895388241e-14
6.65330661323 1.61609471262e-14
6.67334669339 1.43089446545e-14
6.69338677355 1.25976332027e-14
6.71342685371 1.08965650586e-14
6.73346693387 9.20564828227e-15
6.75350701403 7.5247920356e-15
6.77354709419 6.02969296721e-15
6.79358717435 4.96651919508e-15
6.81362725451 3.90961753801e-15
6.83366733467 2.85893246582e-15
6.85370741483 1.81440910575e-15
6.87374749499 9.91568672139e-16
6.89378757515 8.09794304268e-16
6.91382765531 6.29082170319e-16
6.93386773547 4.49422853167e-16
6.95390781563 2.70807049631e-16
6.97394789579 1.26787032025e-16
6.99398797595 1.07899886675e-16
7.01402805611 8.91266665895e-17
7.03406813627 7.04662368586e-17
7.05410821643 5.19174798409e-17
7.07414829659 3.5574538145e-17
7.09418837675 2.94068548485e-17
7.11422845691 2.32789767008e-17
7.13426853707 1.7190431084e-17
7.15430861723 1.11407544095e-17
7.17434869739 5.8905430226e-18
7.19438877756 5.69427793809e-18
7.21442885772 5.5034019311e-18
7.23446893788 5.31775299165e-18
7.25450901804 5.13717409698e-18
7.2745490982 4.96351106464e-18
7.29458917836 4.81452922206e-18
7.31462925852 4.67005452755e-18
7.33466933868 4.52994938444e-18
7.35470941884 4.39408044091e-18
7.374749499 4.26231845745e-18
7.39478957916 4.13453817848e-18
7.41482965932 4.01061820806e-18
7.43486973948 3.89044088959e-18
7.45490981964 3.77389218915e-18
7.4749498998 3.66086158271e-18
7.49498997996 3.55124194681e-18
7.51503006012 3.44492945267e-18
7.53507014028 3.34182346372e-18
7.55511022044 3.24182643627e-18
7.5751503006 3.14484382341e-18
7.59519038076 3.05078398185e-18
7.61523046092 2.95955808172e-18
7.63527054108 2.87108001926e-18
7.65531062124 2.78526633219e-18
7.6753507014 2.70203611776e-18
7.69539078156 2.62131095339e-18
7.71543086172 2.54301481979e-18
7.73547094188 2.4670740265e-18
7.75551102204 2.39341713977e-18
7.7755511022 2.32197491269e-18
7.79559118236 2.2526802175e-18
7.81563126253 2.18546798006e-18
7.83567134269 2.12027511636e-18
7.85571142285 2.05704047098e-18
7.87575150301 1.9957047575e-18
7.89579158317 1.9362105008e-18
7.91583166333 1.87850198115e-18
7.93587174349 1.82252518e-18
7.95591182365 1.76822772752e-18
7.97595190381 1.71555885176e-18
7.99599198397 1.6644693294e-18
8.01603206413 1.61491143803e-18
8.03607214429 1.5668389099e-18
8.05611222445 1.52020688716e-18
8.07615230461 1.47497187844e-18
8.09619238477 1.43109171682e-18
8.11623246493 1.3885255191e-18
8.13627254509 1.3472336463e-18
8.15631262525 1.30717766548e-18
8.17635270541 1.26832031261e-18
8.19639278557 1.23062545675e-18
8.21643286573 1.1940580652e-18
8.23647294589 1.15858416982e-18
8.25651302605 1.12417083438e-18
8.27655310621 1.09078612291e-18
8.29659318637 1.058399069e-18
8.31663326653 1.02697964613e-18
8.33667334669 9.96498738869e-19
8.35671342685 9.66928114936e-19
8.37675350701 9.38240398201e-19
8.39679358717 9.10409042462e-19
8.41683366733 8.83408306061e-19
8.43687374749 8.57213227272e-19
8.45691382766 8.31799600461e-19
8.47695390782 8.07143952969e-19
8.49699398798 7.83223522722e-19
8.51703406814 7.60016236524e-19
8.5370741483 7.37500689022e-19
8.55711422846 7.15656122324e-19
8.57715430862 6.94462406235e-19
8.59719438878 6.73900019116e-19
8.61723446894 6.53950029319e-19
8.6372745491 6.34594077209e-19
8.65731462926 6.15814357722e-19
8.67735470942 5.97593603476e-19
8.69739478958 5.7991506839e-19
8.71743486974 5.62762511816e-19
8.7374749499 5.4612018315e-19
8.75751503006 5.29972806922e-19
8.77755511022 5.14305568345e-19
8.79759519038 4.99104099301e-19
8.81763527054 4.84354464763e-19
8.8376753507 4.70043149635e-19
8.85771543086 4.5615704599e-19
8.87775551102 4.42683440702e-19
8.89779559118 4.29610003461e-19
8.91783567134 4.16924775149e-19
8.9378757515 4.04616156575e-19
8.95791583166 3.9267289756e-19
8.97795591182 3.81084086343e-19
8.99799599198 3.69839139329e-19
9.01803607214 3.58927791132e-19
9.0380761523 3.48340084941e-19
9.05811623246 3.38066363164e-19
9.07815631263 3.2809725837e-19
9.09819639279 3.18423684502e-19
9.11823647295 3.09036828358e-19
9.13827655311 2.99928141338e-19
9.15831663327 2.91089331434e-19
9.17835671343 2.82512355473e-19
9.19839679359 2.7418941159e-19
9.21843687375 2.66112931936e-19
9.23847695391 2.58275575605e-19
9.25851703407 2.50670221776e-19
9.27855711423 2.43289963068e-19
9.29859719439 2.36128099092e-19
9.31863727455 2.29178130205e-19
9.33867735471 2.22433751449e-19
9.35871743487 2.15888846678e-19
9.37875751503 2.09537482861e-19
9.39879759519 2.03373904564e-19
9.41883767535 1.9739252859e-19
9.43887775551 1.91587938789e-19
9.45891783567 1.85954881027e-19
9.47895791583 1.80488258303e-19
9.49899799599 1.75183126016e-19
9.51903807615 1.70034687376e-19
9.53907815631 1.65038288955e-19
9.55911823647 1.60189416372e-19
9.57915831663 1.55483690111e-19
9.59919839679 1.50916861459e-19
9.61923847695 1.46484808578e-19
9.63927855711 1.42183532688e-19
9.65931863727 1.38009154366e-19
9.67935871743 1.33957909963e-19
9.6993987976 1.30026148121e-19
9.71943887776 1.26210326404e-19
9.73947895792 1.22507008025e-19
9.75951903808 1.18912858674e-19
9.77955911824 1.15424643443e-19
9.7995991984 1.12039223841e-19
9.81963927856 1.08753554904e-19
9.83967935872 1.05564682387e-19
9.85971943888 1.02469740046e-19
9.87975951904 9.94659469975e-20
9.8997995992 0.0
9.91983967936 0.0
9.93987975952 0.0
9.95991983968 0.0
9.97995991984 0.0
10.0 0.0
