0.0 0.0
0.0200400801603 0.0
0.0400801603206 0.0
0.060120240481 0.0
0.0801603206413 0.0
0.100200400802 0.0
0.120240480962 0.0
0.140280561122 0.0
0.160320641283 0.0
0.180360721443 0.0
0.200400801603 0.0
0.220440881764 0.0
0.240480961924 0.0
0.260521042084 0.0
0.280561122244 0.0
0.300601202405 0.0
0.320641282565 0.0
0.340681362725 8.1580865568e-11
0.360721442886 6.08723026666e-11
0.380761523046 5.34734185118e-11
0.400801603206 4.97467740144e-11
0.420841683367 4.76113249467e-11
0.440881763527 4.63005627146e-11
0.460921843687 4.54519043053e-11
0.480961923848 4.48625603876e-11
0.501002004008 4.43797200811e-11
0.521042084168 4.40417202254e-11
0.541082164329 4.38014073649e-11
0.561122244489 4.36207429471e-11
0.581162324649 4.34967079241e-11
0.60120240481 4.34151173309e-11
0.62124248497 4.33385123626e-11
0.64128256513 4.32711618668e-11
0.661322645291 4.32286951462e-11
0.681362725451 4.31481560903e-11
0.701402805611 4.29135018492e-11
0.721442885772 4.27069755807e-11
0.741482965932 4.25217094423e-11
0.761523046092 4.22990958273e-11
0.781563126253 4.2093003058e-11
0.801603206413 4.19081471754e-11
0.821643286573 4.15748953009e-11
0.841683366733 4.11522589835e-11
0.861723446894 4.07566314848e-11
0.881763527054 4.02969340268e-11
0.901803607214 3.9619854601e-11
0.921843687375 3.89797198953e-11
0.941883767535 3.83724719962e-11
0.961923847695 3.76651231684e-11
0.981963927856 3.69826629468e-11
1.00200400802 3.63346260168e-11
1.02204408818 3.57764465447e-11
1.04208416834 3.52821985055e-11
1.0621242485 3.48089597137e-11
1.08216432866 3.43393538038e-11
1.10220440882 3.38519510081e-11
1.12224448898 3.33847068409e-11
1.14228456914 3.29401256624e-11
1.1623246493 3.23717964176e-11
1.18236472946 3.1816107646e-11
1.20240480962 3.12811582576e-11
1.22244488978 3.0755288091e-11
1.24248496994 3.02416701219e-11
1.2625250501 2.97459486111e-11
1.28256513026 2.92738372788e-11
1.30260521042 2.88353925002e-11
1.32264529058 2.84115683821e-11
1.34268537074 2.80015549459e-11
1.3627254509 2.76514179479e-11
1.38276553106 2.73148737451e-11
1.40280561122 2.69882140931e-11
1.42284569138 2.66366700917e-11
1.44288577154 2.62747715219e-11
1.4629258517 2.59234469244e-11
1.48296593186 2.55867874661e-11
1.50300601202 2.52713052257e-11
1.52304609218 2.49647507441e-11
1.54308617234 2.46686002496e-11
1.56312625251 2.43247536163e-11
1.58316633267 2.39878441598e-11
1.60320641283 2.3659906421e-11
1.62324649299 2.33416302537e-11
1.64328657315 2.30322000201e-11
1.66332665331 2.27304434227e-11
1.68336673347 2.24486273434e-11
1.70340681363 2.22034619997e-11
1.72344689379 2.19643279034e-11
1.74348697395 2.17308581346e-11
1.76352705411 2.1374507495e-11
1.78356713427 2.10225663805e-11
1.80360721443 2.06788157762e-11
1.82364729459 2.03841091603e-11
1.84368737475 2.01190044787e-11
1.86372745491 1.98598579637e-11
1.88376753507 1.96418620856e-11
1.90380761523 1.95066321476e-11
1.92384769539 1.93743683263e-11
1.94388777555 1.92449728594e-11
1.96392785571 1.89834241357e-11
1.98396793587 1.87246358285e-11
2.00400801603 1.8468711867e-11
2.02404809619 1.82287165197e-11
2.04408817635 1.79938412698e-11
2.06412825651 1.77637072189e-11
2.08416833667 1.75391071468e-11
2.10420841683 1.73209170501e-11
2.12424849699 1.71069983297e-11
2.14428857715 1.6897225438e-11
2.16432865731 1.6682600744e-11
2.18436873747 1.64719659818e-11
2.20440881764 1.62652924255e-11
2.2244488978 1.60362063443e-11
2.24448897796 1.5797961836e-11
2.26452905812 1.55640631119e-11
2.28456913828 1.53303907233e-11
2.30460921844 1.50928714618e-11
2.3246492986 1.4859564136e-11
2.34468937876 1.46303871356e-11
2.36472945892 1.44506637742e-11
2.38476953908 1.42740487825e-11
2.40480961924 1.4100461489e-11
2.4248496994 1.39250193355e-11
2.44488977956 1.3750193455e-11
2.46492985972 1.35782863829e-11
2.48496993988 1.33870400514e-11
2.50501002004 1.31563838619e-11
2.5250501002 1.29294732447e-11
2.54509018036 1.2707196746e-11
2.56513026052 1.25758644211e-11
2.58517034068 1.24466208511e-11
2.60521042084 1.23194162001e-11
2.625250501 1.21475606777e-11
2.64529058116 1.1956697544e-11
2.66533066132 1.17687647734e-11
2.68537074148 1.15851548274e-11
2.70541082164 1.14069969296e-11
2.7254509018 1.12315117074e-11
2.74549098196 1.10591782016e-11
2.76553106212 1.09139413471e-11
2.78557114228 1.07708362557e-11
2.80561122244 1.06298160013e-11
2.82565130261 1.04358588374e-11
2.84569138277 1.02203236139e-11
2.86573146293 1.0007853335e-11
2.88577154309 9.8264431777e-12
2.90581162325 9.69678042014e-12
2.92585170341 9.56892592567e-12
2.94589178357 9.44168845252e-12
2.96593186373 9.28117594659e-12
2.98597194389 9.12285258149e-12
3.00601202405 8.9666735948e-12
3.02605210421 8.81016305822e-12
3.04609218437 8.6547166178e-12
3.06613226453 8.50133271817e-12
3.08617234469 8.35318060322e-12
3.10621242485 8.21235475087e-12
3.12625250501 8.07336071287e-12
3.14629258517 7.93669675039e-12
3.16633266533 7.81388725987e-12
3.18637274549 7.69264468088e-12
3.20641282565 7.57293904351e-12
3.22645290581 7.43119229059e-12
3.24649298597 7.28175793954e-12
3.26653306613 7.13418051584e-12
3.28657314629 6.98300199729e-12
3.30661322645 6.8249666181e-12
3.32665330661 6.66885809117e-12
3.34669338677 6.516508734e-12
3.36673346693 6.39960287205e-12
3.38677354709 6.28409732505e-12
3.40681362725 6.16996695346e-12
3.42685370741 6.05132055572e-12
3.44689378758 5.93182908183e-12
3.46693386774 5.81373464854e-12
3.4869739479 5.69896666019e-12
3.50701402806 5.58853070866e-12
3.52705410822 5.47936347602e-12
3.54709418838 5.37062027169e-12
3.56713426854 5.25087619888e-12
3.5871743487 5.1324838077e-12
3.60721442886 5.01542023471e-12
3.62725450902 4.90518627902e-12
3.64729458918 4.79817862138e-12
3.66733466934 4.69235199872e-12
3.6873747495 4.59114521318e-12
3.70741482966 4.49614048035e-12
3.72745490982 4.40216717449e-12
3.74749498998 4.30948593961e-12
3.76753507014 4.22130331117e-12
3.7875751503 4.13406257933e-12
3.80761523046 4.04774866861e-12
3.82765531062 3.95085921303e-12
3.84769539078 3.85103782169e-12
3.86773547094 3.75225976852e-12
3.8877755511 3.66007825909e-12
3.90781563126 3.57671770617e-12
3.92785571142 3.49421502706e-12
3.94789579158 3.41313397421e-12
3.96793587174 3.33919200472e-12
3.9879759519 3.26599938228e-12
4.00801603206 3.19354472812e-12
4.02805611222 3.11497027478e-12
4.04809619238 3.03495082397e-12
4.06813627255 2.95572587328e-12
4.08817635271 2.88254961078e-12
4.10821643287 2.81722393498e-12
4.12825651303 2.75253739719e-12
4.14829659319 2.68824183667e-12
4.16833667335 2.62227023177e-12
4.18837675351 2.55693460971e-12
4.20841683367 2.49222578473e-12
4.22845691383 2.43262918945e-12
4.24849699399 2.37498220959e-12
4.26853707415 2.31788040531e-12
4.28857715431 2.25994169381e-12
4.30861723447 2.20076105972e-12
4.32865731463 2.1421321559e-12
4.34869739479 2.08469037435e-12
4.36873747495 2.0332929477e-12
4.38877755511 1.98236807756e-12
4.40881763527 1.93190925438e-12
4.42885771543 1.88541466798e-12
4.44889779559 1.84035962555e-12
4.46893787575 1.79571131837e-12
4.48897795591 1.7510908408e-12
4.50901803607 1.7064044822e-12
4.52905811623 1.66211607795e-12
4.54909819639 1.61843850524e-12
4.56913827655 1.57682878049e-12
4.58917835671 1.5355846969e-12
4.60921843687 1.49470144058e-12
4.62925851703 1.45462400919e-12
4.64929859719 1.41501716051e-12
4.66933867735 1.37575228992e-12
4.68937875752 1.33888052762e-12
4.70941883768 1.30478018343e-12
4.72945891784 1.27097051034e-12
4.749498998 1.23710788256e-12
4.76953907816 1.20115536357e-12
4.78957915832 1.16550537532e-12
4.80961923848 1.1301541039e-12
4.82965931864 1.09836724842e-12
4.8496993988 1.06768511536e-12
4.86973947896 1.03725688275e-12
4.88977955912 1.00774148587e-12
4.90981963928 9.79227207545e-13
4.92985971944 9.50945982258e-13
4.9498997996 9.23268273985e-13
4.96993987976 8.98196715525e-13
4.98997995992 8.73327588397e-13
5.01002004008 8.49115197307e-13
5.03006012024 8.2551887378e-13
5.0501002004 8.02110777096e-13
5.07014028056 7.80112366955e-13
5.09018036072 7.58313173428e-13
5.11022044088 7.36685806167e-13
5.13026052104 7.1522823583e-13
5.1503006012 6.93938465001e-13
5.17034068136 6.74319130738e-13
5.19038076152 6.54948712421e-13
5.21042084168 6.35728011419e-13
5.23046092184 6.16655293819e-13
5.250501002 5.97728852458e-13
5.27054108216 5.80662387983e-13
5.29058116232 5.63917799336e-13
5.31062124248 5.47300170709e-13
5.33066132265 5.30808059662e-13
5.35070140281 5.14440045587e-13
5.37074148297 4.98664978032e-13
5.39078156313 4.83084873674e-13
5.41082164329 4.67620688064e-13
5.43086172345 4.52271128899e-13
5.45090180361 4.37034923072e-13
5.47094188377 4.23403917013e-13
5.49098196393 4.10203372117e-13
5.51102204409 3.97099243887e-13
5.53106212425 3.84090477053e-13
5.55110220441 3.71176031732e-13
5.57114228457 3.58898717822e-13
5.59118236473 3.46864621502e-13
5.61122244489 3.34916837406e-13
5.63126252505 3.23054437895e-13
5.65130260521 3.11276508615e-13
5.67134268537 3.00571504515e-13
5.69138276553 2.902933506e-13
5.71142284569 2.80087612911e-13
5.73146292585 2.69953526864e-13
5.75150300601 2.5989033863e-13
5.77154308617 2.50255526316e-13
5.79158316633 2.40842865539e-13
5.81162324649 2.31495368977e-13
5.83166332665 2.22212360593e-13
5.85170340681 2.12993173699e-13
5.87174348697 2.04274940482e-13
5.89178356713 1.9584445912e-13
5.91182364729 1.87471345021e-13
5.93186372745 1.79155013205e-13
5.95190380762 1.70894886638e-13
5.97194388778 1.63498704121e-13
5.99198396794 1.56654024886e-13
6.0120240481 1.4985514257e-13
6.03206412826 1.43101597945e-13
6.05210420842 1.36392937917e-13
6.07214428858 1.30063960331e-13
6.09218436874 1.24022971967e-13
6.1122244489 1.18021735751e-13
6.13226452906 1.12059859641e-13
6.15230460922 1.06136956748e-13
6.17234468938 1.00447186729e-13
6.19238476954 9.49626625739e-14
6.2124248497 8.95136419632e-14
6.23246492986 8.40997804506e-14
6.25250501002 7.8720738045e-14
6.27254509018 7.37858430539e-14
6.29258517034 6.92991517212e-14
6.3126252505 6.48410417748e-14
6.33266533066 6.0411240316e-14
6.35270541082 5.60094779206e-14
6.37274549098 5.19178723783e-14
6.39278557114 4.81897730903e-14
6.4128256513 4.44850501196e-14
6.43286573146 4.08034837483e-14
6.45290581162 3.71448570129e-14
6.47294589178 3.39276764632e-14
6.49298597194 3.13208661032e-14
6.5130260521 2.87301508837e-14
6.53306613226 2.61553817908e-14
6.55310621242 2.35964116517e-14
6.57314629259 2.13447439055e-14
6.59318637275 1.95940738176e-14
6.61322645291 1.78540506689e-14
6.63326653307 1.61245773164e-14
6.65330661323 1.44055578011e-14
6.67334669339 1.27548103113e-14
6.69338677355 1.12294676271e-14
6.71342685371 9.71326226508e-15
6.73346693387 8.2061121031e-15
6.75350701403 6.70793600508e-15
6.77354709419 5.37532935484e-15
6.79358717435 4.42769628107e-15
6.81362725451 3.48565820183e-15
6.83366733467 2.54916551062e-15
6.85370741483 1.61816918961e-15
6.87374749499 8.84757850014e-16
6.89378757515 7.22715437354e-16
6.91382765531 5.61621286367e-16
6.93386773547 4.01466962663e-16
6.95390781563 2.42244134553e-16
6.97394789579 1.13856801315e-16
6.99398797595 9.69973553681e-17
7.01402805611 8.02402911348e-17
7.03406813627 6.35845717599e-17
7.05410821643 4.7029176552e-17
7.07414829659 3.24405060034e-17
7.09418837675 2.6921356725e-17
7.11422845691 2.14383735064e-17
7.13426853707 1.59911141657e-17
7.15430861723 1.05791452136e-17
7.17434869739 5.88032998059e-18
7.19438877756 5.68645468042e-18
7.21442885772 5.49795704669e-18
7.23446893788 5.31467510247e-18
7.25450901804 5.13645185981e-18
7.2745490982 4.96491587902e-18
7.29458917836 4.81588437983e-18
7.31462925852 4.6713618137e-18
7.33466933868 4.5312105186e-18
7.35470941884 4.3952970798e-18
7.374749499 4.26349219722e-18
7.39478957916 4.13567055698e-18
7.41482965932 4.01171070701e-18
7.43486973948 3.89149493665e-18
7.45490981964 3.77490915996e-18
7.4749498998 3.66184280281e-18
7.49498997996 3.5521886935e-18
7.51503006012 3.4458429568e-18
7.53507014028 3.3427049114e-18
7.55511022044 3.24267697056e-18
7.5751503006 3.14566454588e-18
7.59519038076 3.05157595413e-18
7.61523046092 2.96032232698e-18
7.63527054108 2.87181752362e-18
7.65531062124 2.78597804609e-18
7.6753507014 2.70272295727e-18
7.69539078156 2.62197380149e-18
7.71543086172 2.54365452758e-18
7.73547094188 2.46769141437e-18
7.75551102204 2.39401299853e-18
7.7755511022 2.32255000466e-18
7.79559118236 2.25323527755e-18
7.81563126253 2.18600371663e-18
7.83567134269 2.1207922124e-18
7.85571142285 2.05753958491e-18
7.87575150301 1.9961865241e-18
7.89579158317 1.93667553207e-18
7.91583166333 1.87895086715e-18
7.93587174349 1.82295848963e-18
7.95591182365 1.76864600932e-18
7.97595190381 1.71596263464e-18
7.99599198397 1.66485912335e-18
8.01603206413 1.61528773481e-18
8.03607214429 1.56720218371e-18
8.05611222445 1.52055759527e-18
8.07615230461 1.47531046182e-18
8.09619238477 1.4314186007e-18
8.11623246493 1.38884111358e-18
8.13627254509 1.34753834687e-18
8.15631262525 1.30747185355e-18
8.17635270541 1.26860435605e-18
8.19639278557 1.23089971034e-18
8.21643286573 1.19432287112e-18
8.23647294589 1.15883985812e-18
8.25651302605 1.1244177234e-18
8.27655310621 1.09102451968e-18
8.29659318637 1.05862926971e-18
8.31663326653 1.02720193646e-18
8.33667334669 9.96713394396e-19
8.35671342685 9.67135401494e-19
8.37675350701 9.38440572227e-19
8.39679358717 9.10602351338e-19
8.41683366733 8.83594988435e-19
8.43687374749 8.57393513375e-19
8.45691382766 8.31973712404e-19
8.47695390782 8.0731210504e-19
8.49699398798 7.83385921661e-19
8.51703406814 7.60173081794e-19
8.5370741483 7.37652173073e-19
8.55711422846 7.15802430837e-19
8.57715430862 6.94603718369e-19
8.59719438878 6.74036507739e-19
8.61723446894 6.54081861233e-19
8.6372745491 6.34721413364e-19
8.65731462926 6.15937353427e-19
8.67735470942 5.97712408598e-19
8.69739478958 5.8002982755e-19
8.71743486974 5.62873364573e-19
8.7374749499 5.46227264181e-19
8.75751503006 5.30076246198e-19
8.77755511022 5.14405491294e-19
8.79759519038 4.99200626972e-19
8.81763527054 4.84447713981e-19
8.8376753507 4.7013323315e-19
8.85771543086 4.5624407262e-19
8.87775551102 4.42767515476e-19
8.89779559118 4.29691227748e-19
8.91783567134 4.17003246791e-19
8.9378757515 4.0469197001e-19
8.95791583166 3.92746143942e-19
8.97795591182 3.8115485366e-19
8.99799599198 3.69907512511e-19
9.01803607214 3.58993852162e-19
9.0380761523 3.48403912956e-19
9.05811623246 3.38128034558e-19
9.07815631263 3.28156846889e-19
9.09819639279 3.18481261337e-19
9.11823647295 3.09092462236e-19
9.13827655311 2.99981898605e-19
9.15831663327 2.91141276143e-19
9.17835671343 2.82562549462e-19
9.19839679359 2.74237914561e-19
9.21843687375 2.66159801528e-19
9.23847695391 2.58320867468e-19
9.25851703407 2.50713989639e-19
9.27855711423 2.43332258807e-19
9.29859719439 2.36168972797e-19
9.31863727455 2.29217630237e-19
9.33867735471 2.22471924506e-19
9.35871743487 2.1592573785e-19
9.37875751503 2.09573135688e-19
9.39879759519 2.03408361086e-19
9.41883767535 1.97425829404e-19
9.43887775551 1.91620123097e-19
9.45891783567 1.85985986686e-19
9.47895791583 1.80518321869e-19
9.49899799599 1.75212182792e-19
9.51903807615 1.70062771453e-19
9.53907815631 1.65065433258e-19
9.55911823647 1.60215652697e-19
9.57915831663 1.55509049164e-19
9.59919839679 1.50941372898e-19
9.61923847695 1.46508501044e-19
9.63927855711 1.42206433843e-19
9.65931863727 1.38031290928e-19
9.67935871743 1.33979307736e-19
9.6993987976 1.30046832028e-19
9.71943887776 1.26230320518e-19
9.73947895792 1.22526335597e-19
9.75951903808 1.18931542163e-19
9.77955911824 1.15442704541e-19
9.7995991984 1.12056683502e-19
9.81963927856 1.08770433369e-19
9.83967935872 1.05580999207e-19
9.85971943888 1.02485514107e-19
9.87975951904 9.9481196543e-20
9.8997995992 0.0
9.91983967936 0.0
9.93987975952 0.0
9.95991983968 0.0
9.97995991984 0.0
10.0 0.0
