0.0 0.0
0.0200400801603 0.0
0.0400801603206 0.0
0.060120240481 0.0
0.0801603206413 0.0
0.100200400802 0.0
0.120240480962 0.0
0.140280561122 0.0
0.160320641283 0.0
0.180360721443 0.0
0.200400801603 0.0
0.220440881764 0.0
0.240480961924 0.0
0.260521042084 0.0
0.280561122244 0.0
0.300601202405 0.0
0.320641282565 0.0
0.340681362725 0.0
0.360721442886 0.0
0.380761523046 0.0
0.400801603206 0.0
0.420841683367 9.7788170588e-11
0.440881763527 2.09301246508e-11
0.460921843687 1.58586906483e-11
0.480961923848 1.37126001129e-11
0.501002004008 1.2484069903e-11
0.521042084168 1.16942122339e-11
0.541082164329 1.11386986321e-11
0.561122244489 1.07279163451e-11
0.581162324649 1.04157085931e-11
0.60120240481 1.01702508333e-11
0.62124248497 9.9671537563e-12
0.64128256513 9.79783851654e-12
0.661322645291 9.65894283472e-12
0.681362725451 9.53270596974e-12
0.701402805611 9.3886634909e-12
0.721442885772 9.26332457258e-12
0.741482965932 9.15045733868e-12
0.761523046092 9.03836832605e-12
0.781563126253 8.93720584108e-12
0.801603206413 8.84860846394e-12
0.821643286573 8.73591895083e-12
0.841683366733 8.6095839799e-12
0.861723446894 8.49245207346e-12
0.881763527054 8.36448339375e-12
0.901803607214 8.19571058037e-12
0.921843687375 8.03764709606e-12
0.941883767535 7.8882062958e-12
0.961923847695 7.72103427807e-12
0.981963927856 7.56121221997e-12
1.00200400802 7.41189620647e-12
1.02204408818 7.28333757107e-12
1.04208416834 7.16906856359e-12
1.0621242485 7.05937805993e-12
1.08216432866 6.94922055391e-12
1.10220440882 6.83672621768e-12
1.12224448898 6.72935808868e-12
1.14228456914 6.63064379291e-12
1.1623246493 6.50833702652e-12
1.18236472946 6.38931414198e-12
1.20240480962 6.27506824619e-12
1.22244488978 6.16324146411e-12
1.24248496994 6.05443206356e-12
1.2625250501 5.9495512878e-12
1.28256513026 5.84946123493e-12
1.30260521042 5.75648466443e-12
1.32264529058 5.66682053383e-12
1.34268537074 5.58021438776e-12
1.3627254509 5.50575695952e-12
1.38276553106 5.43430250573e-12
1.40280561122 5.36457861997e-12
1.42284569138 5.28996355396e-12
1.44288577154 5.21361236397e-12
1.4629258517 5.13950202369e-12
1.48296593186 5.06826674438e-12
1.50300601202 5.00143741409e-12
1.52304609218 4.93659416101e-12
1.54308617234 4.87553424706e-12
1.56312625251 4.80535238019e-12
1.58316633267 4.73669147267e-12
1.60320641283 4.66994891683e-12
1.62324649299 4.6052444079e-12
1.64328657315 4.54240295093e-12
1.66332665331 4.48100432636e-12
1.68336673347 4.42322152845e-12
1.70340681363 4.37271826761e-12
1.72344689379 4.32350579874e-12
1.74348697395 4.27538869934e-12
1.76352705411 4.20340586824e-12
1.78356713427 4.13239612514e-12
1.80360721443 4.06310127344e-12
1.82364729459 4.00347332204e-12
1.84368737475 3.94970491268e-12
1.86372745491 3.89718203344e-12
1.88376753507 3.85275383435e-12
1.90380761523 3.82451402288e-12
1.92384769539 3.79691485543e-12
1.94388777555 3.76993433548e-12
1.96392785571 3.71729721289e-12
1.98396793587 3.66526282022e-12
2.00400801603 3.61180739019e-12
2.02404809619 3.56585070702e-12
2.04408817635 3.51875509967e-12
2.06412825651 3.47264831516e-12
2.08416833667 3.4276810643e-12
2.10420841683 3.38402030214e-12
2.12424849699 3.34124730876e-12
2.14428857715 3.29933486225e-12
2.16432865731 3.25653258998e-12
2.18436873747 3.2145558829e-12
2.20440881764 3.17339673623e-12
2.2244488978 3.12793223601e-12
2.24448897796 3.08073528492e-12
2.26452905812 3.0344259649e-12
2.28456913828 2.98820268146e-12
2.30460921844 2.94127331346e-12
2.3246492986 2.89520018803e-12
2.34468937876 2.84996564548e-12
2.36472945892 2.81436001075e-12
2.38476953908 2.77938936873e-12
2.40480961924 2.74503663637e-12
2.4248496994 2.7103536129e-12
2.44488977956 2.67581844479e-12
2.46492985972 2.64187643967e-12
2.48496993988 2.60421139444e-12
2.50501002004 2.5589328516e-12
2.5250501002 2.51440663486e-12
2.54509018036 2.47080377674e-12
2.56513026052 2.44484917636e-12
2.58517034068 2.4193194946e-12
2.60521042084 2.39420423519e-12
2.625250501 2.36045687706e-12
2.64529058116 2.32304660473e-12
2.66533066132 2.28622320122e-12
2.68537074148 2.25025556144e-12
2.70541082164 2.21536154838e-12
2.7254509018 2.18100203519e-12
2.74549098196 2.14726908329e-12
2.76553106212 2.11879863663e-12
2.78557114228 2.09075525504e-12
2.80561122244 2.06312927351e-12
2.82565130261 2.02526802878e-12
2.84569138277 1.98324368724e-12
2.86573146293 1.94182679379e-12
2.88577154309 1.90643554002e-12
2.90581162325 1.88107237965e-12
2.92585170341 1.85606999073e-12
2.94589178357 1.83119741237e-12
2.96593186373 1.79989564075e-12
2.98597194389 1.76902790551e-12
3.00601202405 1.73858513216e-12
3.02605210421 1.7080878732e-12
3.04609218437 1.67780584358e-12
3.06613226453 1.64793186985e-12
3.08617234469 1.6190787007e-12
3.10621242485 1.59165106921e-12
3.12625250501 1.56458568553e-12
3.14629258517 1.53797862208e-12
3.16633266533 1.51405857765e-12
3.18637274549 1.49044844584e-12
3.20641282565 1.46714217208e-12
3.22645290581 1.43957974622e-12
3.24649298597 1.41053722948e-12
3.26653306613 1.38186026553e-12
3.28657314629 1.35249321677e-12
3.30661322645 1.32180645007e-12
3.32665330661 1.29149826618e-12
3.34669338677 1.26192270137e-12
3.36673346693 1.23920516789e-12
3.38677354709 1.21676324319e-12
3.40681362725 1.19459188805e-12
3.42685370741 1.17155208538e-12
3.44689378758 1.14835340799e-12
3.46693386774 1.12542913742e-12
3.4869739479 1.1031520539e-12
3.50701402806 1.08171633235e-12
3.52705410822 1.06052969285e-12
3.54709418838 1.03942874093e-12
3.56713426854 1.01620530959e-12
3.5871743487 9.93246752929e-13
3.60721442886 9.70548521555e-13
3.62725450902 9.49173508697e-13
3.64729458918 9.28425181724e-13
3.66733466934 9.0790817187e-13
3.6873747495 8.88286852337e-13
3.70741482966 8.69866783659e-13
3.72745490982 8.51648714483e-13
3.74749498998 8.33682910598e-13
3.76753507014 8.165888082e-13
3.7875751503 7.9967909468e-13
3.80761523046 7.8295077431e-13
3.82765531062 7.64181583387e-13
3.84769539078 7.44848274548e-13
3.86773547094 7.2571878486e-13
3.8877755511 7.078657983e-13
3.90781563126 6.91718859052e-13
3.92785571142 6.75739561801e-13
3.94789579158 6.60036738277e-13
3.96793587174 6.45714703048e-13
3.9879759519 6.3153909596e-13
4.00801603206 6.17507662573e-13
4.02805611222 6.02295790546e-13
4.04809619238 5.86806419037e-13
4.06813627255 5.71472056346e-13
4.08817635271 5.57307414993e-13
4.10821643287 5.44660381352e-13
4.12825651303 5.32138101585e-13
4.14829659319 5.19692606825e-13
4.16833667335 5.06924677808e-13
4.18837675351 4.94280786611e-13
4.20841683367 4.81759119364e-13
4.22845691383 4.70225806125e-13
4.24849699399 4.59070048255e-13
4.26853707415 4.48020598673e-13
4.28857715431 4.3681054898e-13
4.30861723447 4.25361675828e-13
4.32865731463 4.14020301057e-13
4.34869739479 4.02909078664e-13
4.36873747495 3.92965817752e-13
4.38877755511 3.83114636913e-13
4.40881763527 3.73354252504e-13
4.42885771543 3.6436004262e-13
4.44889779559 3.55644507942e-13
4.46893787575 3.47008214939e-13
4.48897795591 3.38377988385e-13
4.50901803607 3.2973571809e-13
4.52905811623 3.21170933627e-13
4.54909819639 3.12724711078e-13
4.56913827655 3.04678306794e-13
4.58917835671 2.96703079138e-13
4.60921843687 2.88798080385e-13
4.62925851703 2.81049196035e-13
4.64929859719 2.73391690044e-13
4.66933867735 2.65800719308e-13
4.68937875752 2.58672205458e-13
4.70941883768 2.52079141849e-13
4.72945891784 2.45542638981e-13
4.749498998 2.38996354235e-13
4.76953907816 2.32047100419e-13
4.78957915832 2.25156669871e-13
4.80961923848 2.18324313325e-13
4.82965931864 2.12180349519e-13
4.8496993988 2.06249988354e-13
4.86973947896 2.00368994342e-13
4.88977955912 1.946645366e-13
4.90981963928 1.89153638891e-13
4.92985971944 1.83688046131e-13
4.9498997996 1.78339248591e-13
4.96993987976 1.73493740601e-13
4.98997995992 1.68687586676e-13
5.01002004008 1.64008456619e-13
5.03006012024 1.59448490389e-13
5.0501002004 1.54925108136e-13
5.07014028056 1.50674029334e-13
5.09018036072 1.46461634986e-13
5.11022044088 1.42282631941e-13
5.13026052104 1.38136621694e-13
5.1503006012 1.34023212108e-13
5.17034068136 1.30232372139e-13
5.19038076152 1.26489767525e-13
5.21042084168 1.22776249043e-13
5.23046092184 1.1909147636e-13
5.250501002 1.1543511448e-13
5.27054108216 1.12137847184e-13
5.29058116232 1.08902858292e-13
5.31062124248 1.05692530066e-13
5.33066132265 1.02506579431e-13
5.35070140281 9.93447276678e-14
5.37074148297 9.62974388744e-14
5.39078156313 9.32879125929e-14
5.41082164329 9.03008922286e-14
5.43086172345 8.73361243981e-14
5.45090180361 8.43933595416e-14
5.47094188377 8.17604454282e-14
5.49098196393 7.92107071207e-14
5.51102204409 7.66796868005e-14
5.53106212425 7.41671775467e-14
5.55110220441 7.16729755059e-14
5.57114228457 6.93018081559e-14
5.59118236473 6.69776681258e-14
5.61122244489 6.46702787122e-14
5.63126252505 6.23794581392e-14
5.65130260521 6.01050272764e-14
5.67134268537 5.803768979e-14
5.69138276553 5.60527899242e-14
5.71142284569 5.40819424866e-14
5.73146292585 5.21249976511e-14
5.75150300601 5.01818077351e-14
5.77154308617 4.83213374837e-14
5.79158316633 4.6503797417e-14
5.81162324649 4.46988983041e-14
5.83166332665 4.2906507759e-14
5.85170340681 4.1126495256e-14
5.87174348697 3.94431901522e-14
5.89178356713 3.7815458408e-14
5.91182364729 3.61988523838e-14
5.93186372745 3.45932575734e-14
5.95190380762 3.29985610523e-14
5.97194388778 3.15705842026e-14
5.99198396794 3.02490490182e-14
6.0120240481 2.89363963496e-14
6.03206412826 2.76325362581e-14
6.05210420842 2.63373800287e-14
6.07214428858 2.51155109568e-14
6.09218436874 2.39492384878e-14
6.1122244489 2.2790674684e-14
6.13226452906 2.16397427861e-14
6.15230460922 2.04963670617e-14
6.17234468938 1.93979998595e-14
6.19238476954 1.83392600785e-14
6.2124248497 1.72874032176e-14
6.23246492986 1.62423618729e-14
6.25250501002 1.52040695277e-14
6.27254509018 1.42514823848e-14
6.29258517034 1.33853806059e-14
6.3126252505 1.25248201457e-14
6.33266533066 1.16697475744e-14
6.35270541082 1.08201101553e-14
6.37274549098 1.00303245137e-14
6.39278557114 9.31067946565e-15
6.4128256513 8.59556670567e-15
6.43286573146 7.88494319948e-15
6.45290581162 7.17876646289e-15
6.47294589178 6.55775892258e-15
6.49298597194 6.05450119263e-15
6.5130260521 5.55436622443e-15
6.53306613226 5.05732475654e-15
6.55310621242 4.56334789775e-15
6.57314629259 4.12865992697e-15
6.59318637275 3.79061899482e-15
6.61322645291 3.45464604236e-15
6.63326653307 3.12072191796e-15
6.65330661323 2.78882771063e-15
6.67334669339 2.47011464263e-15
6.69338677355 2.17560153556e-15
6.71342685371 1.88286296813e-15
6.73346693387 1.59188275048e-15
6.75350701403 1.30264489331e-15
6.77354709419 1.0453514964e-15
6.79358717435 8.62317929709e-16
6.81362725451 6.8037310881e-16
6.83366733467 4.99507184313e-16
6.85370741483 3.19710428782e-16
6.87374749499 1.78029718834e-16
6.89378757515 1.46553774248e-16
6.91382765531 1.15267784765e-16
6.93386773547 8.41699088484e-17
6.95390781563 5.32583313958e-17
6.97394789579 2.83001559517e-17
6.99398797595 2.48574369566e-17
7.01402805611 2.14403003336e-17
7.03406813627 1.80483671853e-17
7.05410821643 1.4681267282e-17
7.07414829659 1.1698780392e-17
7.09418837675 1.04705554627e-17
7.11422845691 9.2542852212e-18
7.13426853707 8.04973187015e-18
7.15430861723 6.85666401299e-18
7.17434869739 5.80566628834e-18
7.19438877756 5.62785223585e-18
7.21442885772 5.45533082465e-18
7.23446893788 5.28794063974e-18
7.25450901804 5.12552525386e-18
7.2745490982 4.96827648074e-18
7.29458917836 4.81912616718e-18
7.31462925852 4.67448905875e-18
7.33466933868 4.53422733696e-18
7.35470941884 4.39820743645e-18
7.374749499 4.26629991216e-18
7.39478957916 4.13837931062e-18
7.41482965932 4.01432404539e-18
7.43486973948 3.89401627642e-18
7.45490981964 3.77734179323e-18
7.4749498998 3.66418990175e-18
7.49498997996 3.55445331479e-18
7.51503006012 3.44802804595e-18
7.53507014028 3.34481330685e-18
7.55511022044 3.24471140765e-18
7.5751503006 3.14762766067e-18
7.59519038076 3.05347028706e-18
7.61523046092 2.96215032642e-18
7.63527054108 2.87358154929e-18
7.65531062124 2.78768037228e-18
7.6753507014 2.70436577604e-18
7.69539078156 2.62355922566e-18
7.71543086172 2.54518459368e-18
7.73547094188 2.46916808544e-18
7.75551102204 2.3954381668e-18
7.7755511022 2.32392549417e-18
7.79559118236 2.25456284665e-18
7.81563126253 2.1872850604e-18
7.83567134269 2.12202896494e-18
7.85571142285 2.0587333216e-18
7.87575150301 1.99733876373e-18
7.89579158317 1.93778773894e-18
7.91583166333 1.880024453e-18
7.93587174349 1.82399481564e-18
7.95591182365 1.76964638789e-18
7.97595190381 1.7169283312e-18
7.99599198397 1.66579135806e-18
8.01603206413 1.61618768421e-18
8.03607214429 1.56807098231e-18
8.05611222445 1.52139633707e-18
8.07615230461 1.47612020178e-18
8.09619238477 1.43220035619e-18
8.11623246493 1.38959586569e-18
8.13627254509 1.34826704177e-18
8.15631262525 1.30817540373e-18
8.17635270541 1.26928364154e-18
8.19639278557 1.2315555799e-18
8.21643286573 1.19495614337e-18
8.23647294589 1.1594513226e-18
8.25651302605 1.12500814164e-18
8.27655310621 1.09159462623e-18
8.29659318637 1.05917977307e-18
8.31663326653 1.02773352005e-18
8.33667334669 9.97226717454e-19
8.35671342685 9.67631099935e-19
8.37675350701 9.38919259489e-19
8.39679358717 9.1106461919e-19
8.41683366733 8.84041407751e-19
8.43687374749 8.57824634887e-19
8.45691382766 8.32390067424e-19
8.47695390782 8.07714206153e-19
8.49699398798 7.83774263399e-19
8.51703406814 7.60548141281e-19
8.5370741483 7.38014410646e-19
8.55711422846 7.16152290647e-19
8.57715430862 6.94941628961e-19
8.59719438878 6.74362882605e-19
8.61723446894 6.54397099352e-19
8.6372745491 6.35025899719e-19
8.65731462926 6.16231459504e-19
8.67735470942 5.97996492864e-19
8.69739478958 5.80304235919e-19
8.71743486974 5.6313843085e-19
8.7374749499 5.46483310495e-19
8.75751503006 5.30323583415e-19
8.77755511022 5.14644419418e-19
8.79759519038 4.99431435528e-19
8.81763527054 4.84670682389e-19
8.8376753507 4.70348631082e-19
8.85771543086 4.56452160344e-19
8.87775551102 4.4296854419e-19
8.89779559118 4.29885439902e-19
8.91783567134 4.17190876394e-19
8.9378757515 4.0487324293e-19
8.95791583166 3.92921278191e-19
8.97795591182 3.81324059673e-19
8.99799599198 3.70070993413e-19
9.01803607214 3.59151804026e-19
9.0380761523 3.48556525052e-19
9.05811623246 3.38275489589e-19
9.07815631263 3.28299321225e-19
9.09819639279 3.18618925237e-19
9.11823647295 3.09225480064e-19
9.13827655311 3.00110429035e-19
9.15831663327 2.9126547236e-19
9.17835671343 2.82682559353e-19
9.19839679359 2.74353880903e-19
9.21843687375 2.66271862167e-19
9.23847695391 2.58429155488e-19
9.25851703407 2.50818633534e-19
9.27855711423 2.43433382638e-19
9.29859719439 2.36266696347e-19
9.31863727455 2.29312069164e-19
9.33867735471 2.22563190482e-19
9.35871743487 2.16013938704e-19
9.37875751503 2.09658375539e-19
9.39879759519 2.03490740472e-19
9.41883767535 1.97505445407e-19
9.43887775551 1.91697069464e-19
9.45891783567 1.86060353943e-19
9.47895791583 1.80590197437e-19
9.49899799599 1.7528165109e-19
9.51903807615 1.70129914009e-19
9.53907815631 1.65130328801e-19
9.55911823647 1.6027837726e-19
9.57915831663 1.55569676178e-19
9.59919839679 1.50999973279e-19
9.61923847695 1.46565143282e-19
9.63927855711 1.42261184087e-19
9.65931863727 1.38084213063e-19
9.67935871743 1.34030463467e-19
9.6993987976 1.30096280952e-19
9.71943887776 1.26278120196e-19
9.73947895792 1.22572541629e-19
9.75951903808 1.1897620825e-19
9.77955911824 1.15485882555e-19
9.7995991984 1.12098423548e-19
9.81963927856 1.08810783843e-19
9.83967935872 1.0562000686e-19
9.85971943888 1.02523224097e-19
9.87975951904 9.95176524933e-20
9.8997995992 0.0
9.91983967936 0.0
9.93987975952 0.0
9.95991983968 0.0
9.97995991984 0.0
10.0 0.0
