0.0 0.0
0.0200400801603 0.0
0.0400801603206 0.0
0.060120240481 0.0
0.0801603206413 0.0
0.100200400802 0.0
0.120240480962 0.0
0.140280561122 0.0
0.160320641283 0.0
0.180360721443 0.0
0.200400801603 4.43939909354e-11
0.220440881764 9.91879943008e-10
0.240480961924 8.0076223677e-10
0.260521042084 2.31881964944e-11
0.280561122244 2.41472816344e-11
0.300601202405 2.5025121053e-11
0.320641282565 2.62632748703e-11
0.340681362725 2.79409110009e-11
0.360721442886 2.89062096595e-11
0.380761523046 2.97252715491e-11
0.400801603206 3.04699276958e-11
0.420841683367 3.11715844521e-11
0.440881763527 3.1831339189e-11
0.460921843687 3.24391846673e-11
0.480961923848 3.29794022729e-11
0.501002004008 3.34147568371e-11
0.521042084168 3.38215898875e-11
0.541082164329 3.41978035971e-11
0.561122244489 3.45380091013e-11
0.581162324649 3.48570026318e-11
0.60120240481 3.51562730981e-11
0.62124248497 3.54151935866e-11
0.64128256513 3.56444842689e-11
0.661322645291 3.58629460844e-11
0.681362725451 3.60231068001e-11
0.701402805611 3.60305537188e-11
0.721442885772 3.60401153955e-11
0.741482965932 3.60488527269e-11
0.761523046092 3.60096584671e-11
0.781563126253 3.59701316778e-11
0.801603206413 3.59363203564e-11
0.821643286573 3.57638990434e-11
0.841683366733 3.55037192536e-11
0.861723446894 3.52568813086e-11
0.881763527054 3.49455533029e-11
0.901803607214 3.44371920078e-11
0.921843687375 3.39528280567e-11
0.941883767535 3.34898169797e-11
0.961923847695 3.29328525709e-11
0.981963927856 3.23915148133e-11
1.00200400802 3.18749843324e-11
1.02204408818 3.14325090265e-11
1.04208416834 3.10419444923e-11
1.0621242485 3.06659798247e-11
1.08216432866 3.02895227155e-11
1.10220440882 2.98942067456e-11
1.12224448898 2.95137725696e-11
1.14228456914 2.91510522014e-11
1.1623246493 2.86763243271e-11
1.18236472946 2.82103388997e-11
1.20240480962 2.77604875832e-11
1.22244488978 2.73166284711e-11
1.24248496994 2.68817497872e-11
1.2625250501 2.6461012284e-11
1.28256513026 2.60596322502e-11
1.30260521042 2.56867586762e-11
1.32264529058 2.5325575595e-11
1.34268537074 2.49754657856e-11
1.3627254509 2.46776364988e-11
1.38276553106 2.43909328073e-11
1.40280561122 2.41120685717e-11
1.42284569138 2.38100680197e-11
1.44288577154 2.34979750716e-11
1.4629258517 2.31945344684e-11
1.48296593186 2.29034506078e-11
1.50300601202 2.26306432346e-11
1.52304609218 2.23652034345e-11
1.54308617234 2.21086650569e-11
1.56312625251 2.18088266409e-11
1.58316633267 2.15146555356e-11
1.60320641283 2.12280143604e-11
1.62324649299 2.09495575014e-11
1.64328657315 2.06785862817e-11
1.66332665331 2.04140592528e-11
1.68336673347 2.01669987374e-11
1.70340681363 1.99524987889e-11
1.72344689379 1.97430883415e-11
1.74348697395 1.95384454077e-11
1.76352705411 1.92230185204e-11
1.78356713427 1.89112223984e-11
1.80360721443 1.86064787124e-11
1.82364729459 1.83455684628e-11
1.84368737475 1.81110366728e-11
1.86372745491 1.78816284042e-11
1.88376753507 1.76890462659e-11
1.90380761523 1.75708027298e-11
1.92384769539 1.74550686075e-11
1.94388777555 1.73417644719e-11
1.96392785571 1.71092257407e-11
1.98396793587 1.68789912141e-11
2.00400801603 1.66509382628e-11
2.02404809619 1.64375599153e-11
2.04408817635 1.62284017653e-11
2.06412825651 1.60233743789e-11
2.08416833667 1.58232008798e-11
2.10420841683 1.56286794868e-11
2.12424849699 1.54378883491e-11
2.14428857715 1.5250720779e-11
2.16432865731 1.50590619824e-11
2.18436873747 1.48708959775e-11
2.20440881764 1.46862024908e-11
2.2244488978 1.44811732562e-11
2.24448897796 1.42677735043e-11
2.26452905812 1.40582003867e-11
2.28456913828 1.3848738071e-11
2.30460921844 1.36357105451e-11
2.3246492986 1.34264008202e-11
2.34468937876 1.32207396192e-11
2.36472945892 1.3059687925e-11
2.38476953908 1.29013778983e-11
2.40480961924 1.27457398779e-11
2.4248496994 1.25883634544e-11
2.44488977956 1.24314842539e-11
2.46492985972 1.22771862393e-11
2.48496993988 1.21053467287e-11
2.50501002004 1.18978138142e-11
2.5250501002 1.16936074527e-11
2.54509018036 1.14935341871e-11
2.56513026052 1.13756639817e-11
2.58517034068 1.12596428958e-11
2.60521042084 1.11454276088e-11
2.625250501 1.09907791472e-11
2.64529058116 1.08188910049e-11
2.66533066132 1.06496111684e-11
2.68537074148 1.04842016465e-11
2.70541082164 1.03236865001e-11
2.7254509018 1.01655525706e-11
2.74549098196 1.00102351038e-11
2.76553106212 9.87940965147e-12
2.78557114228 9.75048348359e-12
2.80561122244 9.6234154123e-12
2.82565130261 9.44839409278e-12
2.84569138277 9.25380337996e-12
2.86573146293 9.06195341086e-12
2.88577154309 8.89819492842e-12
2.90581162325 8.78126677958e-12
2.92585170341 8.66595337402e-12
2.94589178357 8.55117680941e-12
2.96593186373 8.40624231507e-12
2.98597194389 8.26326680463e-12
3.00601202405 8.12221071984e-12
3.02605210421 7.98083225344e-12
3.04609218437 7.84039625624e-12
3.06613226453 7.70180797323e-12
3.08617234469 7.56793943618e-12
3.10621242485 7.44068944443e-12
3.12625250501 7.31508125672e-12
3.14629258517 7.19156704713e-12
3.16633266533 7.08058999731e-12
3.18637274549 6.97101773899e-12
3.20641282565 6.86282369657e-12
3.22645290581 6.73464129684e-12
3.24649298597 6.59947660082e-12
3.26653306613 6.46597940869e-12
3.28657314629 6.32920351496e-12
3.30661322645 6.18619800209e-12
3.32665330661 6.04492416532e-12
3.34669338677 5.9070434676e-12
3.36673346693 5.80127760124e-12
3.38677354709 5.69677005565e-12
3.40681362725 5.5934984544e-12
3.42685370741 5.48612242768e-12
3.44689378758 5.37796989488e-12
3.46693386774 5.27107380292e-12
3.4869739479 5.16718383488e-12
3.50701402806 5.06721227801e-12
3.52705410822 4.96838217889e-12
3.54709418838 4.86992794486e-12
3.56713426854 4.76149007106e-12
3.5871743487 4.65426911852e-12
3.60721442886 4.54824467345e-12
3.62725450902 4.44840543979e-12
3.64729458918 4.35148437994e-12
3.66733466934 4.25562707065e-12
3.6873747495 4.16395250903e-12
3.70741482966 4.07789619043e-12
3.72745490982 3.99276909702e-12
3.74749498998 3.90880785011e-12
3.76753507014 3.82892107365e-12
3.7875751503 3.74988312004e-12
3.80761523046 3.67168050413e-12
3.82765531062 3.58387974509e-12
3.84769539078 3.49341386283e-12
3.86773547094 3.40388889017e-12
3.8877755511 3.32034262504e-12
3.90781563126 3.24479352942e-12
3.92785571142 3.17001819252e-12
3.94789579158 3.09652820988e-12
3.96793587174 3.02951083729e-12
3.9879759519 2.96316947124e-12
4.00801603206 2.89749391457e-12
4.02805611222 2.82626228766e-12
4.04809619238 2.75371582463e-12
4.06813627255 2.68188648914e-12
4.08817635271 2.615541782e-12
4.10821643287 2.55631708741e-12
4.12825651303 2.49766934101e-12
4.14829659319 2.43937345747e-12
4.16833667335 2.37955386414e-12
4.18837675351 2.32030854969e-12
4.20841683367 2.26162926882e-12
4.22845691383 2.20758649733e-12
4.24849699399 2.15531051494e-12
4.26853707415 2.1035269351e-12
4.28857715431 2.05098156831e-12
4.30861723447 1.99730685709e-12
4.32865731463 1.94413061433e-12
4.34869739479 1.89202956793e-12
4.36873747495 1.8454121282e-12
4.38877755511 1.79922168442e-12
4.40881763527 1.75345238625e-12
4.42885771543 1.71127931931e-12
4.44889779559 1.67041118723e-12
4.46893787575 1.62991065448e-12
4.48897795591 1.58943384977e-12
4.50901803607 1.54889574475e-12
4.52905811623 1.50871738396e-12
4.54909819639 1.46909204044e-12
4.56913827655 1.43134232179e-12
4.58917835671 1.39392319259e-12
4.60921843687 1.35683032165e-12
4.62925851703 1.32046769475e-12
4.64929859719 1.28453104352e-12
4.66933867735 1.24890366308e-12
4.68937875752 1.21544758328e-12
4.70941883768 1.18450634085e-12
4.72945891784 1.15382799645e-12
4.749498998 1.12310062576e-12
4.76953907816 1.09047503831e-12
4.78957915832 1.05812313597e-12
4.80961923848 1.02604148384e-12
4.82965931864 9.97194939825e-13
4.8496993988 9.69350527375e-13
4.86973947896 9.41735842397e-13
4.88977955912 9.14949155894e-13
4.90981963928 8.89070663232e-13
4.92985971944 8.63403063823e-13
4.9498997996 8.38282733749e-13
4.96993987976 8.15527980925e-13
4.98997995992 7.92956429948e-13
5.01002004008 7.70980589169e-13
5.03006012024 7.49563561897e-13
5.0501002004 7.28316903463e-13
5.07014028056 7.08349704462e-13
5.09018036072 6.8856290475e-13
5.11022044088 6.6893164741e-13
5.13026052104 6.49454102531e-13
5.1503006012 6.30128468847e-13
5.17034068136 6.12319210406e-13
5.19038076152 5.94735571343e-13
5.21042084168 5.77287487052e-13
5.23046092184 5.59973393466e-13
5.250501002 5.42791750532e-13
5.27054108216 5.27298748104e-13
5.29058116232 5.12097704852e-13
5.31062124248 4.97011631471e-13
5.33066132265 4.82039226393e-13
5.35070140281 4.67179207661e-13
5.37074148297 4.52857355989e-13
5.39078156313 4.38712269523e-13
5.41082164329 4.24672174122e-13
5.43086172345 4.10735903308e-13
5.45090180361 3.96902307852e-13
5.47094188377 3.84526231435e-13
5.49098196393 3.72540853484e-13
5.51102204409 3.60642815997e-13
5.53106212425 3.48831166177e-13
5.55110220441 3.3710496506e-13
5.57114228457 3.25957196663e-13
5.59118236473 3.15030123324e-13
5.61122244489 3.0418124986e-13
5.63126252505 2.9340973847e-13
5.65130260521 2.827147633e-13
5.67134268537 2.72994075596e-13
5.69138276553 2.63660909108e-13
5.71142284569 2.54393361638e-13
5.73146292585 2.45190742464e-13
5.75150300601 2.36052370544e-13
5.77154308617 2.27302934358e-13
5.79158316633 2.18755136468e-13
5.81162324649 2.10266394964e-13
5.83166332665 2.0183609896e-13
5.85170340681 1.93463645982e-13
5.87174348697 1.8554608464e-13
5.89178356713 1.77889774074e-13
5.91182364729 1.70285460851e-13
5.93186372745 1.62732616233e-13
5.95190380762 1.5523071864e-13
5.97194388778 1.4851346077e-13
5.99198396794 1.42297059116e-13
6.0120240481 1.3612217235e-13
6.03206412826 1.299883853e-13
6.05210420842 1.23895288324e-13
6.07214428858 1.18146998342e-13
6.09218436874 1.12660232272e-13
6.1122244489 1.07209505925e-13
6.13226452906 1.01794464789e-13
6.15230460922 9.6414759e-14
6.17234468938 9.12467610535e-14
6.19238476954 8.62651433209e-14
6.2124248497 8.13157173674e-14
6.23246492986 7.63981716556e-14
6.25250501002 7.15121986649e-14
6.27254509018 6.70296362282e-14
6.29258517034 6.29541764548e-14
6.3126252505 5.8904634855e-14
6.33266533066 5.48807645504e-14
6.35270541082 5.08823217966e-14
6.37274549098 4.71655921075e-14
6.39278557114 4.37790449565e-14
6.4128256513 4.04136982174e-14
6.43286573146 3.70693530813e-14
6.45290581162 3.37458132238e-14
6.47294589178 3.08232734183e-14
6.49298597194 2.84552005563e-14
6.5130260521 2.61017262284e-14
6.53306613226 2.37627155693e-14
6.55310621242 2.14380353755e-14
6.57314629259 1.93925101061e-14
6.59318637275 1.78021124084e-14
6.61322645291 1.62213727186e-14
6.63326653307 1.46502030942e-14
6.65330661323 1.30885166624e-14
6.67334669339 1.15888414008e-14
6.69338677355 1.02030835413e-14
6.71342685371 8.82561510634e-15
6.73346693387 7.45636173822e-15
6.75350701403 6.09524997028e-15
6.77354709419 4.8845497252e-15
6.79358717435 4.02359649495e-15
6.81362725451 3.16771976341e-15
6.83366733467 2.31687459898e-15
6.85370741483 1.47101660232e-15
6.87374749499 8.04665530752e-16
6.89378757515 6.57421668849e-16
6.91382765531 5.1103886702e-16
6.93386773547 3.6550946541e-16
6.95390781563 2.20825897648e-16
6.97394789579 1.0415761333e-16
6.99398797595 8.88187564512e-17
7.01402805611 7.35734477529e-17
7.03406813627 5.84207278485e-17
7.05410821643 4.33596526019e-17
7.07414829659 3.00859675303e-17
7.09418837675 2.50531125519e-17
7.11422845691 2.00536366634e-17
7.13426853707 1.50871218682e-17
7.15430861723 1.01531585778e-17
7.17434869739 5.8676316405e-18
7.19438877756 5.67572597763e-18
7.21442885772 5.48918278841e-18
7.23446893788 5.30784036184e-18
7.25450901804 5.13154196818e-18
7.2745490982 4.96175367303e-18
7.29458917836 4.81283394085e-18
7.31462925852 4.66841912448e-18
7.33466933868 4.52837170894e-18
7.35470941884 4.39255842108e-18
7.374749499 4.26085009712e-18
7.39478957916 4.13312155437e-18
7.41482965932 4.0092514671e-18
7.43486973948 3.88912224627e-18
7.45490981964 3.77261992303e-18
7.4749498998 3.659634036e-18
7.49498997996 3.55005752202e-18
7.51503006012 3.44378661041e-18
7.53507014028 3.34072072052e-18
7.55511022044 3.24076236253e-18
7.5751503006 3.14381704138e-18
7.59519038076 3.04979316373e-18
7.61523046092 2.95860194783e-18
7.63527054108 2.87015733622e-18
7.65531062124 2.78437591125e-18
7.6753507014 2.70117681315e-18
7.69539078156 2.62048166071e-18
7.71543086172 2.54221447452e-18
7.73547094188 2.46630160253e-18
7.75551102204 2.39267164796e-18
7.7755511022 2.32125539954e-18
7.79559118236 2.25198576384e-18
7.81563126253 2.18479769979e-18
7.83567134269 2.11962815522e-18
7.85571142285 2.0564160054e-18
7.87575150301 1.99510199349e-18
7.89579158317 1.93562867286e-18
7.91583166333 1.8779403512e-18
7.93587174349 1.82198303643e-18
7.95591182365 1.76770438418e-18
7.97595190381 1.71505364707e-18
7.99599198397 1.66398162543e-18
8.01603206413 1.61444061963e-18
8.03607214429 1.56638438392e-18
8.05611222445 1.51976808159e-18
8.07615230461 1.47454824169e-18
8.09619238477 1.43068271695e-18
8.11623246493 1.38813064312e-18
8.13627254509 1.34685239949e-18
8.15631262525 1.3068095707e-18
8.17635270541 1.26796490971e-18
8.19639278557 1.2302823019e-18
8.21643286573 1.19372673035e-18
8.23647294589 1.15826424211e-18
8.25651302605 1.12386191559e-18
8.27655310621 1.09048782892e-18
8.29659318637 1.05811102931e-18
8.31663326653 1.02670150336e-18
8.33667334669 9.96230148271e-19
8.35671342685 9.66668743956e-19
8.37675350701 9.37989926034e-19
8.39679358717 9.10167159635e-19
8.41683366733 8.83174714021e-19
8.43687374749 8.56987637999e-19
8.45691382766 8.31581736086e-19
8.47695390782 8.06933545414e-19
8.49699398798 7.83020313348e-19
8.51703406814 7.59819975794e-19
8.5370741483 7.37311136176e-19
8.55711422846 7.15473045062e-19
8.57715430862 6.94285580421e-19
8.59719438878 6.73729228479e-19
8.61723446894 6.53785065182e-19
8.6372745491 6.34434738209e-19
8.65731462926 6.15660449556e-19
8.67735470942 5.97444938646e-19
8.69739478958 5.79771465965e-19
8.71743486974 5.62623797193e-19
8.7374749499 5.45986187833e-19
8.75751503006 5.29843368307e-19
8.77755511022 5.14180529505e-19
8.79759519038 4.98983308789e-19
8.81763527054 4.84237776417e-19
8.8376753507 4.69930422392e-19
8.85771543086 4.56048143702e-19
8.87775551102 4.42578231965e-19
8.89779559118 4.29508361447e-19
8.91783567134 4.16826577443e-19
8.9378757515 4.04521285022e-19
8.95791583166 3.9258123811e-19
8.97795591182 3.80995528911e-19
8.99799599198 3.69753577651e-19
9.01803607214 3.58845122635e-19
9.0380761523 3.48260210609e-19
9.05811623246 3.37989187414e-19
9.07815631263 3.28022688933e-19
9.09819639279 3.18351632303e-19
9.11823647295 3.08967207409e-19
9.13827655311 2.99860868624e-19
9.15831663327 2.91024326812e-19
9.17835671343 2.8244954157e-19
9.19839679359 2.74128713707e-19
9.21843687375 2.66054277954e-19
9.23847695391 2.58218895893e-19
9.25851703407 2.50615449107e-19
9.27855711423 2.43237032532e-19
9.29859719439 2.36076948016e-19
9.31863727455 2.29128698076e-19
9.33867735471 2.22385979838e-19
9.35871743487 2.15842679165e-19
9.37875751503 2.09492864969e-19
9.39879759519 2.03330783687e-19
9.41883767535 1.9735085393e-19
9.43887775551 1.91547661295e-19
9.45891783567 1.85915953331e-19
9.47895791583 1.80450634662e-19
9.49899799599 1.75146762256e-19
9.51903807615 1.69999540838e-19
9.53907815631 1.65004318442e-19
9.55911823647 1.60156582098e-19
9.57915831663 1.55451953651e-19
9.59919839679 1.50886185705e-19
9.61923847695 1.46455157691e-19
9.63927855711 1.42154872053e-19
9.65931863727 1.37981450552e-19
9.67935871743 1.3393113068e-19
9.6993987976 1.30000262182e-19
9.71943887776 1.26185303687e-19
9.73947895792 1.22482819435e-19
9.75951903808 1.18889476108e-19
9.77955911824 1.15402039755e-19
9.7995991984 1.12017372811e-19
9.81963927856 1.08732431205e-19
9.83967935872 1.05544261554e-19
9.85971943888 1.02449998445e-19
9.87975951904 9.94468617994e-20
9.8997995992 0.0
9.91983967936 0.0
9.93987975952 0.0
9.95991983968 0.0
9.97995991984 0.0
10.0 0.0
