0.0 0.0
0.0200400801603 0.0
0.0400801603206 0.0
0.060120240481 0.0
0.0801603206413 0.0
0.100200400802 3.1699134162e-10
0.120240480962 9.66291005636e-11
0.140280561122 6.54600562159e-11
0.160320641283 4.38803038498e-11
0.180360721443 3.54276161436e-11
0.200400801603 3.08006118054e-11
0.220440881764 2.5947190963e-10
0.240480961924 2.53874646907e-10
0.260521042084 2.59485199674e-11
0.280561122244 2.52068820749e-11
0.300601202405 2.45411686609e-11
0.320641282565 2.40849023019e-11
0.340681362725 2.38564020702e-11
0.360721442886 2.34654827512e-11
0.380761523046 2.30964783163e-11
0.400801603206 2.27385012461e-11
0.420841683367 2.24290491135e-11
0.440881763527 2.2159690397e-11
0.460921843687 2.18982784739e-11
0.480961923848 2.16506820361e-11
0.501002004008 2.13979789712e-11
0.521042084168 2.11741712266e-11
0.541082164329 2.09684902691e-11
0.561122244489 2.07735683264e-11
0.581162324649 2.0595011216e-11
0.60120240481 2.04363019022e-11
0.62124248497 2.02781172109e-11
0.64128256513 2.01238575672e-11
0.661322645291 1.99902504117e-11
0.681362725451 1.9846911218e-11
0.701402805611 1.96488281736e-11
0.721442885772 1.94621797264e-11
0.741482965932 1.92839877175e-11
0.761523046092 1.90938625111e-11
0.781563126253 1.89145543555e-11
0.801603206413 1.87533766124e-11
0.821643286573 1.85387069931e-11
0.841683366733 1.8291538593e-11
0.861723446894 1.8063054017e-11
0.881763527054 1.78109816183e-11
0.901803607214 1.74765027633e-11
0.921843687375 1.71586070116e-11
0.941883767535 1.68552954912e-11
0.961923847695 1.65140037773e-11
0.981963927856 1.61844474243e-11
1.00200400802 1.58732810166e-11
1.02204408818 1.55984093271e-11
1.04208416834 1.5349306283e-11
1.0621242485 1.51151918296e-11
1.08216432866 1.48819569777e-11
1.10220440882 1.46425012298e-11
1.12224448898 1.44090287012e-11
1.14228456914 1.41865048531e-11
1.1623246493 1.39161672473e-11
1.18236472946 1.3654311884e-11
1.20240480962 1.34091287565e-11
1.22244488978 1.31678835206e-11
1.24248496994 1.29318597526e-11
1.2625250501 1.27035552886e-11
1.28256513026 1.24849030499e-11
1.30260521042 1.22800489132e-11
1.32264529058 1.20826161195e-11
1.34268537074 1.18918696435e-11
1.3627254509 1.17253639866e-11
1.38276553106 1.1565494273e-11
1.40280561122 1.14116108435e-11
1.42284569138 1.12479466362e-11
1.44288577154 1.10805176814e-11
1.4629258517 1.0919377355e-11
1.48296593186 1.07644201361e-11
1.50300601202 1.06182289627e-11
1.52304609218 1.04768080884e-11
1.54308617234 1.03412527265e-11
1.56312625251 1.01868509646e-11
1.58316633267 1.00360878063e-11
1.60320641283 9.89065530168e-12
1.62324649299 9.74926351291e-12
1.64328657315 9.611610472e-12
1.66332665331 9.47809239562e-12
1.68336673347 9.35253461014e-12
1.70340681363 9.24186416278e-12
1.72344689379 9.1346090516e-12
1.74348697395 9.03018105802e-12
1.76352705411 8.87641914451e-12
1.78356713427 8.7246367536e-12
1.80360721443 8.57646006836e-12
1.82364729459 8.44814047123e-12
1.84368737475 8.33191038264e-12
1.86372745491 8.21961609124e-12
1.88376753507 8.12409429558e-12
1.90380761523 8.06204717365e-12
1.92384769539 8.00171432346e-12
1.94388777555 7.94285360153e-12
1.96392785571 7.83071987797e-12
1.98396793587 7.71991600627e-12
2.00400801603 7.60917293523e-12
2.02404809619 7.50802675285e-12
2.04408817635 7.40746190213e-12
2.06412825651 7.30960707686e-12
2.08416833667 7.2140865181e-12
2.10420841683 7.121204482e-12
2.12424849699 7.03058207297e-12
2.14428857715 6.94187618109e-12
2.16432865731 6.85124096694e-12
2.18436873747 6.76223147364e-12
2.20440881764 6.67491121154e-12
2.2244488978 6.57854905039e-12
2.24448897796 6.47858349552e-12
2.26452905812 6.38124906462e-12
2.28456913828 6.28404168573e-12
2.30460921844 6.18494291951e-12
2.3246492986 6.0879041707e-12
2.34468937876 5.99266360874e-12
2.36472945892 5.91758645939e-12
2.38476953908 5.84388528367e-12
2.40480961924 5.77152096324e-12
2.4248496994 5.69850744181e-12
2.44488977956 5.62584048104e-12
2.46492985972 5.55444835481e-12
2.48496993988 5.47529621282e-12
2.50501002004 5.38023252246e-12
2.5250501002 5.28675858351e-12
2.54509018036 5.19523116036e-12
2.56513026052 5.14067861508e-12
2.58517034068 5.08704055701e-12
2.60521042084 5.03429306203e-12
2.625250501 4.96347570704e-12
2.64529058116 4.88499193573e-12
2.66533066132 4.80774523728e-12
2.68537074148 4.7322985416e-12
2.70541082164 4.65910823567e-12
2.7254509018 4.58704325591e-12
2.74549098196 4.51629601008e-12
2.76553106212 4.45659331915e-12
2.78557114228 4.39779175619e-12
2.80561122244 4.33987029944e-12
2.82565130261 4.26046578955e-12
2.84569138277 4.17231639171e-12
2.86573146293 4.08543501132e-12
2.88577154309 4.01120069667e-12
2.90581162325 3.95802523128e-12
2.92585170341 3.90560811484e-12
2.94589178357 3.85346367295e-12
2.96593186373 3.78780884926e-12
2.98597194389 3.72306140176e-12
3.00601202405 3.659202134e-12
3.02605210421 3.59522309392e-12
3.04609218437 3.53169087728e-12
3.06613226453 3.46901072301e-12
3.08617234469 3.40847112626e-12
3.10621242485 3.35092371646e-12
3.12625250501 3.29413275913e-12
3.14629258517 3.23830032357e-12
3.16633266533 3.18811520041e-12
3.18637274549 3.13857747225e-12
3.20641282565 3.08967435871e-12
3.22645290581 3.03180949337e-12
3.24649298597 2.97082266086e-12
3.26653306613 2.91059765499e-12
3.28657314629 2.84891240189e-12
3.30661322645 2.78444085037e-12
3.32665330661 2.72075788713e-12
3.34669338677 2.65860917736e-12
3.36673346693 2.61089433449e-12
3.38677354709 2.56375431219e-12
3.40681362725 2.51717856874e-12
3.42685370741 2.46876795346e-12
3.44689378758 2.42001671767e-12
3.46693386774 2.37183755365e-12
3.4869739479 2.32501598945e-12
3.50701402806 2.27996146943e-12
3.52705410822 2.23542630488e-12
3.54709418838 2.19106625719e-12
3.56713426854 2.14222748344e-12
3.5871743487 2.09394087451e-12
3.60721442886 2.04619697831e-12
3.62725450902 2.00123654443e-12
3.64729458918 1.95759176801e-12
3.66733466934 1.91442937472e-12
3.6873747495 1.87315029259e-12
3.70741482966 1.83439922988e-12
3.72745490982 1.79606953495e-12
3.74749498998 1.75826731004e-12
3.76753507014 1.72229907785e-12
3.7875751503 1.68671555604e-12
3.80761523046 1.6515105148e-12
3.82765531062 1.61199637408e-12
3.84769539078 1.57128764765e-12
3.86773547094 1.53100424866e-12
3.8877755511 1.49340942497e-12
3.90781563126 1.45940997699e-12
3.92785571142 1.42576047708e-12
3.94789579158 1.39269066324e-12
3.96793587174 1.36253104633e-12
3.9879759519 1.3326771711e-12
4.00801603206 1.30312435334e-12
4.02805611222 1.2710769528e-12
4.04809619238 1.2384404444e-12
4.06813627255 1.20612771327e-12
4.08817635271 1.17628081061e-12
4.10821643287 1.14963452842e-12
4.12825651303 1.12324888744e-12
4.14829659319 1.09702267813e-12
4.16833667335 1.07011307157e-12
4.18837675351 1.04346268645e-12
4.20841683367 1.01706775708e-12
4.22845691383 9.92757270476e-13
4.24849699399 9.69241710759e-13
4.26853707415 9.45948390865e-13
4.28857715431 9.22313685424e-13
4.30861723447 8.98172370245e-13
4.32865731463 8.74255859497e-13
4.34869739479 8.50823271136e-13
4.36873747495 8.29855561508e-13
4.38877755511 8.09080451483e-13
4.40881763527 7.88495274794e-13
4.42885771543 7.695268008e-13
4.44889779559 7.51145364998e-13
4.46893787575 7.32929722097e-13
4.48897795591 7.14725310957e-13
4.50901803607 6.96493888787e-13
4.52905811623 6.7842463716e-13
4.54909819639 6.60604385063e-13
4.56913827655 6.43627481702e-13
4.58917835671 6.26799580801e-13
4.60921843687 6.10118713143e-13
4.62925851703 5.93766409218e-13
4.64929859719 5.77605911939e-13
4.66933867735 5.61584754572e-13
4.68937875752 5.46539732903e-13
4.70941883768 5.32625232466e-13
4.72945891784 5.18829197981e-13
4.749498998 5.05011428947e-13
4.76953907816 4.90340845837e-13
4.78957915832 4.75793518449e-13
4.80961923848 4.6136788934e-13
4.82965931864 4.48396429876e-13
4.8496993988 4.35875584684e-13
4.86973947896 4.23458204758e-13
4.88977955912 4.11413161015e-13
4.90981963928 3.99776488897e-13
4.92985971944 3.88234789671e-13
4.9498997996 3.76939233785e-13
4.96993987976 3.66707035911e-13
4.98997995992 3.56557346719e-13
5.01002004008 3.46675557141e-13
5.03006012024 3.37045078084e-13
5.0501002004 3.27491317665e-13
5.07014028056 3.1851274997e-13
5.09018036072 3.09615398352e-13
5.11022044088 3.00788083803e-13
5.13026052104 2.92029977129e-13
5.1503006012 2.83340262351e-13
5.17034068136 2.75332205801e-13
5.19038076152 2.67425663292e-13
5.21042084168 2.59580148897e-13
5.23046092184 2.51794954281e-13
5.250501002 2.44069382169e-13
5.27054108216 2.37102887021e-13
5.29058116232 2.30267704729e-13
5.31062124248 2.23484279856e-13
5.33066132265 2.16752023093e-13
5.35070140281 2.1007035416e-13
5.37074148297 2.03630648017e-13
5.39078156313 1.97270460484e-13
5.41082164329 1.90957527277e-13
5.43086172345 1.84691320725e-13
5.45090180361 1.78471321075e-13
5.47094188377 1.72906507661e-13
5.49098196393 1.67517361978e-13
5.51102204409 1.62167526641e-13
5.53106212425 1.56856570646e-13
5.55110220441 1.51584069342e-13
5.57114228457 1.46571613025e-13
5.59118236473 1.4165840047e-13
5.61122244489 1.36780379047e-13
5.63126252505 1.31937169999e-13
5.65130260521 1.27128400049e-13
5.67134268537 1.22757606308e-13
5.69138276553 1.18561038451e-13
5.71142284569 1.14394000071e-13
5.73146292585 1.10256178923e-13
5.75150300601 1.06147267196e-13
5.77154308617 1.02213212902e-13
5.79158316633 9.83698241181e-14
5.81162324649 9.45530080501e-14
5.83166332665 9.07624886961e-14
5.85170340681 8.69979939047e-14
5.87174348697 8.34380008938e-14
5.89178356713 7.99954656206e-14
5.91182364729 7.65763250341e-14
5.93186372745 7.31803403312e-14
5.95190380762 6.9807275982e-14
5.97194388778 6.6786939763e-14
5.99198396794 6.39917668825e-14
6.0120240481 6.12152742455e-14
6.03206412826 5.84572742787e-14
6.05210420842 5.57175819394e-14
6.07214428858 5.3132904449e-14
6.09218436874 5.06658041134e-14
6.1122244489 4.82149196605e-14
6.13226452906 4.57800909607e-14
6.15230460922 4.33611600088e-14
6.17234468938 4.10374108725e-14
6.19238476954 3.87974578907e-14
6.2124248497 3.6571988221e-14
6.23246492986 3.43608611988e-14
6.25250501002 3.21639379942e-14
6.27254509018 3.01483723206e-14
6.29258517034 2.83158245116e-14
6.3126252505 2.6494938483e-14
6.33266533066 2.46856027332e-14
6.35270541082 2.28877071933e-14
6.37274549098 2.12164620778e-14
6.39278557114 1.96936567105e-14
6.4128256513 1.81803909929e-14
6.43286573146 1.66765751161e-14
6.45290581162 1.51821204077e-14
6.47294589178 1.38679411758e-14
6.49298597194 1.28030285261e-14
6.5130260521 1.17446873503e-14
6.53306613226 1.06928566362e-14
6.55310621242 9.64747613507e-15
6.57314629259 8.72759723651e-15
6.59318637275 8.01232889933e-15
6.61322645291 7.30141048523e-15
6.63326653307 6.59480212387e-15
6.65330661323 5.89246443944e-15
6.67334669339 5.21801128401e-15
6.69338677355 4.59477719051e-15
6.71342685371 3.97527648287e-15
6.73346693387 3.35947545553e-15
6.75350701403 2.74734081471e-15
6.77354709419 2.20283090028e-15
6.79358717435 1.81555885484e-15
6.81362725451 1.43057528543e-15
6.83366733467 1.04785975034e-15
6.85370741483 6.67392056616e-16
6.87374749499 3.67629439678e-16
6.89378757515 3.01243747467e-16
6.91382765531 2.35251354093e-16
6.93386773547 1.69648595043e-16
6.95390781563 1.04431856053e-16
6.97394789579 5.18153884033e-17
6.99398797595 4.47586427507e-17
7.01402805611 3.77493086767e-17
7.03406813627 3.07867680391e-17
7.05410821643 2.38704163778e-17
7.07414829659 1.77624356289e-17
7.09418837675 1.5363936241e-17
7.11422845691 1.29849434864e-17
7.13426853707 1.06251139429e-17
7.15430861723 8.28411359262e-18
7.17434869739 6.23868311734e-18
7.19438877756 6.03754868327e-18
7.21442885772 5.84260824915e-18
7.23446893788 5.65365955064e-18
7.25450901804 5.47050720355e-18
7.2745490982 5.29368986009e-18
7.29458917836 5.12954660004e-18
7.31462925852 4.97060870675e-18
7.33466933868 4.81670631968e-18
7.35470941884 4.66767531981e-18
7.374749499 4.52335712738e-18
7.39478957916 4.38359850702e-18
7.41482965932 4.24825138014e-18
7.43486973948 4.11717264418e-18
7.45490981964 3.99022399843e-18
7.4749498998 3.86727177635e-18
7.49498997996 3.74818678393e-18
7.51503006012 3.63284414396e-18
7.53507014028 3.521123146e-18
7.55511022044 3.41290710179e-18
7.5751503006 3.30808320585e-18
7.59519038076 3.20654240127e-18
7.61523046092 3.10817925019e-18
7.63527054108 3.01289180904e-18
7.65531062124 2.92058150828e-18
7.6753507014 2.83115303642e-18
7.69539078156 2.74451422823e-18
7.71543086172 2.66057595698e-18
7.73547094188 2.57925203044e-18
7.75551102204 2.50045909071e-18
7.7755511022 2.42411651756e-18
7.79559118236 2.35014633518e-18
7.81563126253 2.27847312231e-18
7.83567134269 2.20902392551e-18
7.85571142285 2.1417281755e-18
7.87575150301 2.07651760648e-18
7.89579158317 2.01332617828e-18
7.91583166333 1.95209000123e-18
7.93587174349 1.89274726374e-18
7.95591182365 1.8352381623e-18
7.97595190381 1.77950483407e-18
7.99599198397 1.72549129176e-18
8.01603206413 1.67314336072e-18
8.03607214429 1.62240861837e-18
8.05611222445 1.5732363356e-18
8.07615230461 1.5255774203e-18
8.09619238477 1.47938436278e-18
8.11623246493 1.43461118312e-18
8.13627254509 1.39121338035e-18
8.15631262525 1.34914788334e-18
8.17635270541 1.30837300342e-18
8.19639278557 1.26884838861e-18
8.21643286573 1.23053497945e-18
8.23647294589 1.19339496629e-18
8.25651302605 1.15739174813e-18
8.27655310621 1.12248989275e-18
8.29659318637 1.08865509832e-18
8.31663326653 1.05585415627e-18
8.33667334669 1.02405491537e-18
8.35671342685 9.93226247113e-19
8.37675350701 9.63338012257e-19
8.39679358717 9.34361028452e-19
8.41683366733 9.06267039016e-19
8.43687374749 8.79028682736e-19
8.45691382766 8.52619464706e-19
8.47695390782 8.27013728134e-19
8.49699398798 8.02186627101e-19
8.51703406814 7.78114100246e-19
8.5370741483 7.54772845317e-19
8.55711422846 7.32140294587e-19
8.57715430862 7.10194591088e-19
8.59719438878 6.88914565641e-19
8.61723446894 6.68279714649e-19
8.6372745491 6.48270178636e-19
8.65731462926 6.28866721493e-19
8.67735470942 6.10050710421e-19
8.69739478958 5.91804096534e-19
8.71743486974 5.74109396111e-19
8.7374749499 5.56949672459e-19
8.75751503006 5.40308518387e-19
8.77755511022 5.24170039253e-19
8.79759519038 5.08518836568e-19
8.81763527054 4.93339992148e-19
8.8376753507 4.78619052775e-19
8.85771543086 4.64342015376e-19
8.87775551102 4.50495312679e-19
8.89779559118 4.37065799341e-19
8.91783567134 4.24040738534e-19
8.9378757515 4.11407788964e-19
8.95791583166 3.99154992317e-19
8.97795591182 3.87270761117e-19
8.99799599198 3.75743866975e-19
9.01803607214 3.64563429222e-19
9.0380761523 3.53718903915e-19
9.05811623246 3.43200073194e-19
9.07815631263 3.32997034987e-19
9.09819639279 3.23100193056e-19
9.11823647295 3.13500247348e-19
9.13827655311 3.04188184677e-19
9.15831663327 2.95155269694e-19
9.17835671343 2.86393036152e-19
9.19839679359 2.77893278456e-19
9.21843687375 2.69648043481e-19
9.23847695391 2.61649622653e-19
9.25851703407 2.53890544288e-19
9.27855711423 2.46363566174e-19
9.29859719439 2.39061668391e-19
9.31863727455 2.31978046362e-19
9.33867735471 2.25106104126e-19
9.35871743487 2.18439447825e-19
9.37875751503 2.11971879404e-19
9.39879759519 2.05697390502e-19
9.41883767535 1.9961015655e-19
9.43887775551 1.93704531045e-19
9.45891783567 1.87975040018e-19
9.47895791583 1.82416376667e-19
9.49899799599 1.77023396168e-19
9.51903807615 1.71791110645e-19
9.53907815631 1.66714684309e-19
9.55911823647 1.61789428736e-19
9.57915831663 1.5701079831e-19
9.59919839679 1.52374385797e-19
9.61923847695 1.47875918071e-19
9.63927855711 1.43511251962e-19
9.65931863727 1.39276370247e-19
9.67935871743 1.35167377761e-19
9.6993987976 1.31180497629e-19
9.71943887776 1.2731206762e-19
9.73947895792 1.23558536616e-19
9.75951903808 1.1991646119e-19
9.77955911824 1.16382502289e-19
9.7995991984 1.12953422029e-19
9.81963927856 1.09626080581e-19
9.83967935872 1.0639743316e-19
9.85971943888 1.03264527109e-19
9.87975951904 1.00224499069e-19
9.8997995992 0.0
9.91983967936 0.0
9.93987975952 0.0
9.95991983968 0.0
9.97995991984 0.0
10.0 0.0
