0.0 0.0
0.0200400801603 5.02940168289e-09
0.0400801603206 6.33680845032e-09
0.060120240481 5.83740334285e-09
0.0801603206413 4.90271254208e-09
0.100200400802 3.97075217767e-09
0.120240480962 3.19069180497e-09
0.140280561122 2.73091662981e-09
0.160320641283 2.47636481568e-09
0.180360721443 2.2910898215e-09
0.200400801603 2.17869637381e-09
0.220440881764 2.16526680004e-09
0.240480961924 2.09199050204e-09
0.260521042084 1.93243768778e-09
0.280561122244 1.83878791638e-09
0.300601202405 1.75781697995e-09
0.320641282565 1.68252611073e-09
0.340681362725 1.61451730664e-09
0.360721442886 1.55400190563e-09
0.380761523046 1.49930822857e-09
0.400801603206 1.44964121387e-09
0.420841683367 1.40472345268e-09
0.440881763527 1.36225153135e-09
0.460921843687 1.31444364042e-09
0.480961923848 1.27065922797e-09
0.501002004008 1.23041604704e-09
0.521042084168 1.18647975732e-09
0.541082164329 1.14418115811e-09
0.561122244489 1.10492986078e-09
0.581162324649 1.06577154556e-09
0.60120240481 1.02641770981e-09
0.62124248497 9.89619242957e-10
0.64128256513 9.55054457455e-10
0.661322645291 9.22088726822e-10
0.681362725451 8.91084734e-10
0.701402805611 8.61832823158e-10
0.721442885772 8.29288639281e-10
0.741482965932 7.97414253976e-10
0.761523046092 7.67218854519e-10
0.781563126253 7.37825839829e-10
0.801603206413 7.09160704484e-10
0.821643286573 6.81883873951e-10
0.841683366733 6.55536879205e-10
0.861723446894 6.28559189235e-10
0.881763527054 6.0278750779e-10
0.901803607214 5.78117413555e-10
0.921843687375 5.53733753555e-10
0.941883767535 5.30244432124e-10
0.961923847695 5.07718805901e-10
0.981963927856 4.85649506966e-10
1.00200400802 4.64004345884e-10
1.02204408818 4.43218437078e-10
1.04208416834 4.22997051358e-10
1.0621242485 4.02395698778e-10
1.08216432866 3.82555374422e-10
1.10220440882 3.63438128627e-10
1.12224448898 3.45250953262e-10
1.14228456914 3.27740854237e-10
1.1623246493 3.10807739292e-10
1.18236472946 2.94487701798e-10
1.20240480962 2.78753156497e-10
1.22244488978 2.63536188262e-10
1.24248496994 2.48760738042e-10
1.2625250501 2.34231299372e-10
1.28256513026 2.20157195973e-10
1.30260521042 2.06522401129e-10
1.32264529058 1.93976689204e-10
1.34268537074 1.81921312837e-10
1.3627254509 1.70227767524e-10
1.38276553106 1.59147539586e-10
1.40280561122 1.48626397043e-10
1.42284569138 1.38396217762e-10
1.44288577154 1.2866447561e-10
1.4629258517 1.2008126436e-10
1.48296593186 1.11730769227e-10
1.50300601202 1.0360478365e-10
1.52304609218 9.65647548689e-11
1.54308617234 8.98481992684e-11
1.56312625251 8.32955146396e-11
1.58316633267 7.71712355573e-11
1.60320641283 7.1424205528e-11
1.62324649299 6.58192979808e-11
1.64328657315 6.05160873624e-11
1.66332665331 5.59831685264e-11
1.68336673347 5.15598340727e-11
1.70340681363 4.72455177559e-11
1.72344689379 4.37653906577e-11
1.74348697395 4.04686932879e-11
1.76352705411 3.722740411e-11
1.78356713427 3.43218436678e-11
1.80360721443 3.16994433334e-11
1.82364729459 2.9141024424e-11
1.84368737475 2.67456106607e-11
1.86372745491 2.47782756146e-11
1.88376753507 2.28583522442e-11
1.90380761523 2.09910990509e-11
1.92384769539 1.95043593219e-11
1.94388777555 1.80920894536e-11
1.96392785571 1.66880396829e-11
1.98396793587 1.54387762011e-11
2.00400801603 1.43141456015e-11
2.02404809619 1.32178513711e-11
2.04408817635 1.21914153878e-11
2.06412825651 1.13546791724e-11
2.08416833667 1.05342710859e-11
2.10420841683 9.73009650655e-12
2.12424849699 9.10172993773e-12
2.14428857715 8.50361099633e-12
2.16432865731 7.91524319142e-12
2.18436873747 7.40346149084e-12
2.20440881764 6.95110445172e-12
2.2244488978 6.50289992396e-12
2.24448897796 6.07946866523e-12
2.26452905812 5.72391238522e-12
2.28456913828 5.37403049411e-12
2.30460921844 5.02887980998e-12
2.3246492986 4.75567047321e-12
2.34468937876 4.4899111755e-12
2.36472945892 4.23576936937e-12
2.38476953908 4.01756685989e-12
2.40480961924 3.82581285526e-12
2.4248496994 3.63660064982e-12
2.44488977956 3.45960976763e-12
2.46492985972 3.31309889108e-12
2.48496993988 3.16563506416e-12
2.50501002004 3.01410604437e-12
2.5250501002 2.88980388619e-12
2.54509018036 2.7699707804e-12
2.56513026052 2.66553262031e-12
2.58517034068 2.57281326957e-12
2.60521042084 2.48838644733e-12
2.625250501 2.39813749455e-12
2.64529058116 2.31074157298e-12
2.66533066132 2.23717144808e-12
2.68537074148 2.16498181199e-12
2.70541082164 2.09433060023e-12
2.7254509018 2.03484688562e-12
2.74549098196 1.97614898658e-12
2.76553106212 1.92333062916e-12
2.78557114228 1.87543661068e-12
2.80561122244 1.83110128248e-12
2.82565130261 1.77910494009e-12
2.84569138277 1.72563157643e-12
2.86573146293 1.67686667332e-12
2.88577154309 1.63324331983e-12
2.90581162325 1.59793366588e-12
2.92585170341 1.56618366759e-12
2.94589178357 1.53500338333e-12
2.96593186373 1.49894629329e-12
2.98597194389 1.46615609141e-12
3.00601202405 1.43563661001e-12
3.02605210421 1.40522579124e-12
3.04609218437 1.3767094105e-12
3.06613226453 1.34858138261e-12
3.08617234469 1.32185750356e-12
3.10621242485 1.29677437507e-12
3.12625250501 1.27241108008e-12
3.14629258517 1.24878188197e-12
3.16633266533 1.22761137698e-12
3.18637274549 1.20695885475e-12
3.20641282565 1.18678102062e-12
3.22645290581 1.16340683143e-12
3.24649298597 1.13902233615e-12
3.26653306613 1.11507614789e-12
3.28657314629 1.09070543296e-12
3.30661322645 1.06539001465e-12
3.32665330661 1.04047036797e-12
3.34669338677 1.01621645696e-12
3.36673346693 9.97508180791e-13
3.38677354709 9.79081625702e-13
3.40681362725 9.60924736099e-13
3.42685370741 9.42120940795e-13
3.44689378758 9.23230805425e-13
3.46693386774 9.04595227169e-13
3.4869739479 8.86507596219e-13
3.50701402806 8.69119313145e-13
3.52705410822 8.51953977304e-13
3.54709418838 8.34878172576e-13
3.56713426854 8.16124817349e-13
3.5871743487 7.97599228266e-13
3.60721442886 7.79295907522e-13
3.62725450902 7.62062799746e-13
3.64729458918 7.45341901481e-13
3.66733466934 7.28815973412e-13
3.6873747495 7.13015071602e-13
3.70741482966 6.98182655124e-13
3.72745490982 6.83519056039e-13
3.74749498998 6.69063717802e-13
3.76753507014 6.55311343983e-13
3.7875751503 6.41711778341e-13
3.80761523046 6.28262099831e-13
3.82765531062 6.13184364201e-13
3.84769539078 5.97659073066e-13
3.86773547094 5.82300060465e-13
3.8877755511 5.67965151081e-13
3.90781563126 5.54997868863e-13
3.92785571142 5.4216729859e-13
3.94789579158 5.29560280615e-13
3.96793587174 5.18060272795e-13
3.9879759519 5.06679469184e-13
4.00801603206 4.95415884272e-13
4.02805611222 4.83209237161e-13
4.04809619238 4.70781887687e-13
4.06813627255 4.58479832306e-13
4.08817635271 4.47115179861e-13
4.10821643287 4.36966429835e-13
4.12825651303 4.26918625359e-13
4.14829659319 4.1693326785e-13
4.16833667335 4.06690643905e-13
4.18837675351 3.9654808976e-13
4.20841683367 3.86504080664e-13
4.22845691383 3.77252085387e-13
4.24849699399 3.68303033929e-13
4.26853707415 3.59439682364e-13
4.28857715431 3.50448225818e-13
4.30861723447 3.41265938745e-13
4.32865731463 3.32170112312e-13
4.34869739479 3.23258945061e-13
4.36873747495 3.15283579171e-13
4.38877755511 3.07382292121e-13
4.40881763527 2.99554021361e-13
4.42885771543 2.92339767849e-13
4.44889779559 2.85349026308e-13
4.46893787575 2.78422012004e-13
4.48897795591 2.71500071946e-13
4.50901803607 2.64568664689e-13
4.52905811623 2.57699493964e-13
4.54909819639 2.50925452138e-13
4.56913827655 2.44471894806e-13
4.58917835671 2.38075482758e-13
4.60921843687 2.31735439612e-13
4.62925851703 2.25520577427e-13
4.64929859719 2.19379008691e-13
4.66933867735 2.13290811629e-13
4.68937875752 2.07573294449e-13
4.70941883768 2.0228498273e-13
4.72945891784 1.9704206066e-13
4.749498998 1.91791339937e-13
4.76953907816 1.86217633706e-13
4.78957915832 1.80691072795e-13
4.80961923848 1.7521104875e-13
4.82965931864 1.70282854827e-13
4.8496993988 1.65525900672e-13
4.86973947896 1.6080852248e-13
4.88977955912 1.56232669365e-13
4.90981963928 1.51811993521e-13
4.92985971944 1.47427631611e-13
4.9498997996 1.43136899455e-13
4.96993987976 1.3924969924e-13
4.98997995992 1.3539405083e-13
5.01002004008 1.31640249507e-13
5.03006012024 1.27981993813e-13
5.0501002004 1.24353062611e-13
5.07014028056 1.20942485058e-13
5.09018036072 1.17562919166e-13
5.11022044088 1.14210116597e-13
5.13026052104 1.10883754414e-13
5.1503006012 1.07583515065e-13
5.17034068136 1.04541964595e-13
5.19038076152 1.01539083655e-13
5.21042084168 9.85595113774e-14
5.23046092184 9.56029723521e-14
5.250501002 9.26691956581e-14
5.27054108216 9.00234364728e-14
5.29058116232 8.74276160898e-14
5.31062124248 8.48515582138e-14
5.33066132265 8.22950339007e-14
5.35070140281 7.97578178636e-14
5.37074148297 7.73124826865e-14
5.39078156313 7.48974179926e-14
5.41082164329 7.25003832143e-14
5.43086172345 7.01211738454e-14
5.45090180361 6.77595885694e-14
5.47094188377 6.56465758009e-14
5.49098196393 6.36002772303e-14
5.51102204409 6.15689763346e-14
5.53106212425 5.95525061003e-14
5.55110220441 5.75507020722e-14
5.57114228457 5.56475985051e-14
5.59118236473 5.37822090525e-14
5.61122244489 5.19302389476e-14
5.63126252505 5.0091541666e-14
5.65130260521 4.82659728791e-14
5.67134268537 4.66065711278e-14
5.69138276553 4.50133071094e-14
5.71142284569 4.34313024151e-14
5.73146292585 4.18604362777e-14
5.75150300601 4.03005897081e-14
5.77154308617 3.8807111521e-14
5.79158316633 3.7348069881e-14
5.81162324649 3.58991555432e-14
5.83166332665 3.44602619212e-14
5.85170340681 3.30312839659e-14
5.87174348697 3.16799079665e-14
5.89178356713 3.03731206653e-14
5.91182364729 2.90752467585e-14
5.93186372745 2.77861941167e-14
5.95190380762 2.6505871914e-14
5.97194388778 2.53593599358e-14
5.99198396794 2.42982775177e-14
6.0120240481 2.32443136615e-14
6.03206412826 2.21973959445e-14
6.05210420842 2.11574529542e-14
6.07214428858 2.01763306225e-14
6.09218436874 1.92398294395e-14
6.1122244489 1.83095064081e-14
6.13226452906 1.73852997432e-14
6.15230460922 1.64671485064e-14
6.17234468938 1.55851208567e-14
6.19238476954 1.47348978228e-14
6.2124248497 1.389019106e-14
6.23246492986 1.30509463528e-14
6.25250501002 1.2217110215e-14
6.27254509018 1.14520765165e-14
6.29258517034 1.07564743331e-14
6.3126252505 1.0065314509e-14
6.33266533066 9.37855403884e-15
6.35270541082 8.69615048827e-15
6.37274549098 8.06179795508e-15
6.39278557114 7.48375974933e-15
6.4128256513 6.90935587915e-15
6.43286573146 6.33855168978e-15
6.45290581162 5.77131298001e-15
6.47294589178 5.27246059733e-15
6.49298597194 4.86815991242e-15
6.5130260521 4.4663653102e-15
6.53306613226 4.0670531562e-15
6.55310621242 3.67020012406e-15
6.57314629259 3.32095764652e-15
6.59318637275 3.04932856441e-15
6.61322645291 2.77936087541e-15
6.63326653307 2.51103904532e-15
6.65330661323 2.24434774272e-15
6.67334669339 1.98824249554e-15
6.69338677355 1.75157293291e-15
6.71342685371 1.51632904927e-15
6.73346693387 1.28249771832e-15
6.75350701403 1.05006598253e-15
6.77354709419 8.4329076903e-16
6.79358717435 6.96159085762e-16
6.81362725451 5.49903582644e-16
6.83366733467 4.04516219878e-16
6.85370741483 2.59989062409e-16
6.87374749499 1.46078122575e-16
6.89378757515 1.20686699384e-16
6.91382765531 9.54514795542e-17
6.93386773547 7.03708315462e-17
6.95390781563 4.54431515152e-17
6.97394789579 2.53006966271e-17
6.99398797595 2.24437496318e-17
7.01402805611 1.96107208171e-17
7.03406813627 1.68011736063e-17
7.05410821643 1.40146837696e-17
7.07414829659 1.15401357011e-17
7.09418837675 1.04776521734e-17
7.11422845691 9.42756343645e-18
7.13426853707 8.38957031213e-18
7.15430861723 7.36338312311e-18
7.17434869739 6.45380421397e-18
7.19438877756 6.24806868578e-18
7.21442885772 6.04889224205e-18
7.23446893788 5.85605680208e-18
7.25450901804 5.66935182189e-18
7.2745490982 5.48884990491e-18
7.29458917836 5.31682816997e-18
7.31462925852 5.1503312404e-18
7.33466933868 4.98917623824e-18
7.35470941884 4.83318656075e-18
7.374749499 4.682191656e-18
7.39478957916 4.53602680704e-18
7.41482965932 4.3945329239e-18
7.43486973948 4.25755634351e-18
7.45490981964 4.12494863696e-18
7.4749498998 3.99656642391e-18
7.49498997996 3.87227119397e-18
7.51503006012 3.75192913452e-18
7.53507014028 3.63541096505e-18
7.55511022044 3.52259177752e-18
7.5751503006 3.41335088257e-18
7.59519038076 3.3075716614e-18
7.61523046092 3.20514142315e-18
7.63527054108 3.10595126735e-18
7.65531062124 3.00989595152e-18
7.6753507014 2.91687376354e-18
7.69539078156 2.82678639868e-18
7.71543086172 2.73953884106e-18
7.73547094188 2.6550392495e-18
7.75551102204 2.57319884738e-18
7.7755511022 2.4939318166e-18
7.79559118236 2.41715519526e-18
7.81563126253 2.34278877914e-18
7.83567134269 2.27075502658e-18
7.85571142285 2.20097896692e-18
7.87575150301 2.13338811213e-18
7.89579158317 2.06791237162e-18
7.91583166333 2.00448397011e-18
7.93587174349 1.94303736845e-18
7.95591182365 1.88350918715e-18
7.97595190381 1.82583813281e-18
7.99599198397 1.76996492696e-18
8.01603206413 1.7158322376e-18
8.03607214429 1.66338461303e-18
8.05611222445 1.6125684181e-18
8.07615230461 1.56333177265e-18
8.09619238477 1.51562449217e-18
8.11623246493 1.46939803049e-18
8.13627254509 1.42460542454e-18
8.15631262525 1.38120124102e-18
8.17635270541 1.3391415249e-18
8.19639278557 1.29838374976e-18
8.21643286573 1.25888676989e-18
8.23647294589 1.22061077398e-18
8.25651302605 1.18351724048e-18
8.27655310621 1.1475688945e-18
8.29659318637 1.11272966617e-18
8.31663326653 1.0789646505e-18
8.33667334669 1.04624006856e-18
8.35671342685 1.01452323008e-18
8.37675350701 9.83782497241e-19
8.39679358717 9.53987249812e-19
8.41683366733 9.25107851408e-19
8.43687374749 8.97115616945e-19
8.45691382766 8.699827812e-19
8.47695390782 8.43682468447e-19
8.49699398798 8.18188663132e-19
8.51703406814 7.93476181543e-19
8.5370741483 7.69520644454e-19
8.55711422846 7.4629845069e-19
8.57715430862 7.23786751599e-19
8.59719438878 7.01963426384e-19
8.61723446894 6.8080705827e-19
8.6372745491 6.60296911486e-19
8.65731462926 6.40412909015e-19
8.67735470942 6.21135611099e-19
8.69739478958 6.02446194467e-19
8.71743486974 5.84326432267e-19
8.7374749499 5.66758674664e-19
8.75751503006 5.49725830095e-19
8.77755511022 5.33211347154e-19
8.79759519038 5.17199197076e-19
8.81763527054 5.01673856815e-19
8.8376753507 4.8662029268e-19
8.85771543086 4.72023944524e-19
8.87775551102 4.57870710453e-19
8.89779559118 4.44146932045e-19
8.91783567134 4.30839380066e-19
8.9378757515 4.17935240653e-19
8.95791583166 4.05422101957e-19
8.97795591182 3.9328794123e-19
8.99799599198 3.81521112336e-19
9.01803607214 3.7011033368e-19
9.0380761523 3.59044676527e-19
9.05811623246 3.48313553712e-19
9.07815631263 3.37906708723e-19
9.09819639279 3.27814205133e-19
9.11823647295 3.18026416392e-19
9.13827655311 3.08534015945e-19
9.15831663327 2.99327967674e-19
9.17835671343 2.90399516661e-19
9.19839679359 2.81740180242e-19
9.21843687375 2.73341739357e-19
9.23847695391 2.65196230189e-19
9.25851703407 2.57295936066e-19
9.27855711423 2.49633379628e-19
9.29859719439 2.42201315255e-19
9.31863727455 2.34992721736e-19
9.33867735471 2.28000795175e-19
9.35871743487 2.21218942127e-19
9.37875751503 2.14640772963e-19
9.39879759519 2.0826009544e-19
9.41883767535 2.02070908482e-19
9.43887775551 1.96067396169e-19
9.45891783567 1.90243921906e-19
9.47895791583 1.84595022793e-19
9.49899799599 1.79115404167e-19
9.51903807615 1.73799934326e-19
9.53907815631 1.68643639418e-19
9.55911823647 1.63641698494e-19
9.57915831663 1.58789438725e-19
9.59919839679 1.54082330765e-19
9.61923847695 1.49515984266e-19
9.63927855711 1.45086143538e-19
9.65931863727 1.40788683344e-19
9.67935871743 1.36619604831e-19
9.6993987976 1.32575031591e-19
9.71943887776 1.28651205846e-19
9.73947895792 1.24844484757e-19
9.75951903808 1.21151336848e-19
9.77955911824 1.17568338543e-19
9.7995991984 1.14092170818e-19
9.81963927856 1.10719615951e-19
9.83967935872 1.07447554382e-19
9.85971943888 1.04272961669e-19
9.87975951904 1.01192905543e-19
9.8997995992 0.0
9.91983967936 0.0
9.93987975952 0.0
9.95991983968 0.0
9.97995991984 0.0
10.0 0.0
