0.0 0.0
0.0200400801603 0.0
0.0400801603206 0.0
0.060120240481 0.0
0.0801603206413 0.0
0.100200400802 0.0
0.120240480962 0.0
0.140280561122 0.0
0.160320641283 0.0
0.180360721443 0.0
0.200400801603 0.0
0.220440881764 0.0
0.240480961924 0.0
0.260521042084 0.0
0.280561122244 0.0
0.300601202405 0.0
0.320641282565 0.0
0.340681362725 0.0
0.360721442886 0.0
0.380761523046 0.0
0.400801603206 0.0
0.420841683367 4.07506612002e-11
0.440881763527 2.06462997861e-11
0.460921843687 1.64451639696e-11
0.480961923848 1.44846039338e-11
0.501002004008 1.33148751307e-11
0.521042084168 1.25470797645e-11
0.541082164329 1.20003822355e-11
0.561122244489 1.15926253407e-11
0.581162324649 1.12811160022e-11
0.60120240481 1.10354486435e-11
0.62124248497 1.08312751975e-11
0.64128256513 1.06605047306e-11
0.661322645291 1.05203177968e-11
0.681362725451 1.03917963456e-11
0.701402805611 1.02423053676e-11
0.721442885772 1.0112066347e-11
0.741482965932 9.99480730926e-12
0.761523046092 9.87760643599e-12
0.781563126253 9.77169339181e-12
0.801603206413 9.67875247047e-12
0.821643286573 9.55877291327e-12
0.841683366733 9.42342096801e-12
0.861723446894 9.297875216e-12
0.881763527054 9.16030740675e-12
0.901803607214 8.97766689106e-12
0.921843687375 8.80651496736e-12
0.941883767535 8.64470237104e-12
0.961923847695 8.46321591427e-12
0.981963927856 8.28960844327e-12
1.00200400802 8.12718062384e-12
1.02204408818 7.9872922448e-12
1.04208416834 7.86298531584e-12
1.0621242485 7.74372184114e-12
1.08216432866 7.62414838341e-12
1.10220440882 7.50190454649e-12
1.12224448898 7.38520072776e-12
1.14228456914 7.27753079159e-12
1.1623246493 7.1438434734e-12
1.18236472946 7.01370678466e-12
1.20240480962 6.88877277467e-12
1.22244488978 6.76645212306e-12
1.24248496994 6.64740365066e-12
1.2625250501 6.53265235279e-12
1.28256513026 6.42317702621e-12
1.30260521042 6.32148705177e-12
1.32264529058 6.22340595069e-12
1.34268537074 6.12866406277e-12
1.3627254509 6.04725474884e-12
1.38276553106 5.96912202452e-12
1.40280561122 5.89293318205e-12
1.42284569138 5.81137759576e-12
1.44288577154 5.72788751807e-12
1.4629258517 5.64685330338e-12
1.48296593186 5.56899276287e-12
1.50300601202 5.49595722153e-12
1.52304609218 5.42508613572e-12
1.54308617234 5.35816722927e-12
1.56312625251 5.28119389908e-12
1.58316633267 5.20588152539e-12
1.60320641283 5.13266685253e-12
1.62324649299 5.06168294496e-12
1.64328657315 4.99273870984e-12
1.66332665331 4.92539526648e-12
1.68336673347 4.86207107206e-12
1.70340681363 4.80674665214e-12
1.72344689379 4.75283312788e-12
1.74348697395 4.70013066675e-12
1.76352705411 4.62115764235e-12
1.78356713427 4.54324607675e-12
1.80360721443 4.46721141231e-12
1.82364729459 4.4018054718e-12
1.84368737475 4.34284011896e-12
1.86372745491 4.28523828189e-12
1.88376753507 4.23653786391e-12
1.90380761523 4.20564682209e-12
1.92384769539 4.17545524608e-12
1.94388777555 4.14593917482e-12
1.96392785571 4.08818122656e-12
1.98396793587 4.03108102934e-12
2.00400801603 3.97266717489e-12
2.02404809619 3.92195743101e-12
2.04408817635 3.87026383481e-12
2.06412825651 3.81965225211e-12
2.08416833667 3.77028886837e-12
2.10420841683 3.72235773904e-12
2.12424849699 3.67539828305e-12
2.14428857715 3.62938079747e-12
2.16432865731 3.58237892914e-12
2.18436873747 3.53628097258e-12
2.20440881764 3.49107833943e-12
2.2244488978 3.44113241189e-12
2.24448897796 3.38927529074e-12
2.26452905812 3.33839109472e-12
2.28456913828 3.28759767175e-12
2.30460921844 3.23602326227e-12
2.3246492986 3.18538773153e-12
2.34468937876 3.13567180538e-12
2.36472945892 3.09655171898e-12
2.38476953908 3.05812756597e-12
2.40480961924 3.02038067507e-12
2.4248496994 2.98226740716e-12
2.44488977956 2.94431420444e-12
2.46492985972 2.9070113683e-12
2.48496993988 2.86560770833e-12
2.50501002004 2.81582058669e-12
2.5250501002 2.76685920706e-12
2.54509018036 2.71891195159e-12
2.56513026052 2.69039019484e-12
2.58517034068 2.6623342552e-12
2.60521042084 2.63473265792e-12
2.625250501 2.59762664688e-12
2.64529058116 2.55648648805e-12
2.66533066132 2.51599059556e-12
2.68537074148 2.4764350601e-12
2.70541082164 2.43805979523e-12
2.7254509018 2.40027136667e-12
2.74549098196 2.36317118727e-12
2.76553106212 2.33186294417e-12
2.78557114228 2.30102349337e-12
2.80561122244 2.27064224889e-12
2.82565130261 2.22899180409e-12
2.84569138277 2.18275691412e-12
2.86573146293 2.13718947945e-12
2.88577154309 2.09825447681e-12
2.90581162325 2.07035836539e-12
2.92585170341 2.0428584043e-12
2.94589178357 2.01550036425e-12
2.96593186373 1.98106332785e-12
2.98597194389 1.94710316499e-12
3.00601202405 1.91360992305e-12
3.02605210421 1.88005579869e-12
3.04609218437 1.84673776082e-12
3.06613226453 1.81386813131e-12
3.08617234469 1.78212154375e-12
3.10621242485 1.75194362437e-12
3.12625250501 1.72216378423e-12
3.14629258517 1.69288782244e-12
3.16633266533 1.666569465e-12
3.18637274549 1.64059166315e-12
3.20641282565 1.61494777514e-12
3.22645290581 1.58461741598e-12
3.24649298597 1.55265692147e-12
3.26653306613 1.52109829706e-12
3.28657314629 1.48877933691e-12
3.30661322645 1.45500684355e-12
3.32665330661 1.42165061594e-12
3.34669338677 1.3891004614e-12
3.36673346693 1.3641003761e-12
3.38677354709 1.33940327626e-12
3.40681362725 1.31500363034e-12
3.42685370741 1.28964740777e-12
3.44689378758 1.26411585025e-12
3.46693386774 1.23888601057e-12
3.4869739479 1.21436833317e-12
3.50701402806 1.19077662102e-12
3.52705410822 1.16745879031e-12
3.54709418838 1.14423495596e-12
3.56713426854 1.11867392496e-12
3.5871743487 1.09340418985e-12
3.60721442886 1.06842075361e-12
3.62725450902 1.04489388564e-12
3.64729458918 1.02205671128e-12
3.66733466934 9.99473936048e-13
3.6873747495 9.77877056538e-13
3.70741482966 9.57602514247e-13
3.72745490982 9.3755012684e-13
3.74749498998 9.1777524685e-13
3.76753507014 8.98959897646e-13
3.7875751503 8.80347341434e-13
3.80761523046 8.61934287575e-13
3.82765531062 8.41273964471e-13
3.84769539078 8.19992319673e-13
3.86773547094 7.98934880977e-13
3.8877755511 7.79282718021e-13
3.90781563126 7.6150878663e-13
3.92785571142 7.43919257525e-13
3.94789579158 7.26633964819e-13
3.96793587174 7.10868810683e-13
3.9879759519 6.9526472302e-13
4.00801603206 6.79819224894e-13
4.02805611222 6.63073862839e-13
4.04809619238 6.46022814604e-13
4.06813627255 6.29142295875e-13
4.08817635271 6.13549560489e-13
4.10821643287 5.99627657952e-13
4.12825651303 5.85842992948e-13
4.14829659319 5.72142753258e-13
4.16833667335 5.58087380219e-13
4.18837675351 5.441684669e-13
4.20841683367 5.30384019861e-13
4.22845691383 5.17687702991e-13
4.24849699399 5.05406996909e-13
4.26853707415 4.93243246189e-13
4.28857715431 4.80902571131e-13
4.30861723447 4.68298844955e-13
4.32865731463 4.55813392286e-13
4.34869739479 4.43581266192e-13
4.36873747495 4.32635060809e-13
4.38877755511 4.2179016342e-13
4.40881763527 4.11045163187e-13
4.42885771543 4.01143701509e-13
4.44889779559 3.91549011263e-13
4.46893787575 3.8204150451e-13
4.48897795591 3.7254061209e-13
4.50901803607 3.63026395202e-13
4.52905811623 3.53597434444e-13
4.54909819639 3.44298959708e-13
4.56913827655 3.35440658142e-13
4.58917835671 3.26660672215e-13
4.60921843687 3.17957960168e-13
4.62925851703 3.09427090568e-13
4.64929859719 3.00996785645e-13
4.66933867735 2.92639692749e-13
4.68937875752 2.84791756171e-13
4.70941883768 2.77533350314e-13
4.72945891784 2.70337179711e-13
4.749498998 2.63130196773e-13
4.76953907816 2.55479469338e-13
4.78957915832 2.4789347142e-13
4.80961923848 2.40371379264e-13
4.82965931864 2.33607231438e-13
4.8496993988 2.27078243885e-13
4.86973947896 2.20603579864e-13
4.88977955912 2.14323265331e-13
4.90981963928 2.08256046361e-13
4.92985971944 2.02238681574e-13
4.9498997996 1.96349889455e-13
4.96993987976 1.91015238098e-13
4.98997995992 1.85723892004e-13
5.01002004008 1.80572384939e-13
5.03006012024 1.75552063241e-13
5.0501002004 1.70571999364e-13
5.07014028056 1.6589174449e-13
5.09018036072 1.61254062102e-13
5.11022044088 1.56653124623e-13
5.13026052104 1.52088493937e-13
5.1503006012 1.47559738924e-13
5.17034068136 1.43386145691e-13
5.19038076152 1.39265645185e-13
5.21042084168 1.35177152752e-13
5.23046092184 1.31120294223e-13
5.250501002 1.27094701283e-13
5.27054108216 1.23464492209e-13
5.29058116232 1.19902842022e-13
5.31062124248 1.16368330137e-13
5.33066132265 1.12860645333e-13
5.35070140281 1.09379481171e-13
5.37074148297 1.06024448895e-13
5.39078156313 1.02710983408e-13
5.41082164329 9.94222859666e-14
5.43086172345 9.61580779717e-14
5.45090180361 9.2918085021e-14
5.47094188377 9.00192599989e-14
5.49098196393 8.7212009241e-14
5.51102204409 8.44253578806e-14
5.53106212425 8.16590784093e-14
5.55110220441 7.89129466866e-14
5.57114228457 7.63022799536e-14
5.59118236473 7.37433858391e-14
5.61122244489 7.12029265399e-14
5.63126252505 6.86807021832e-14
5.65130260521 6.61765158009e-14
5.67134268537 6.3900354699e-14
5.69138276553 6.17149587983e-14
5.71142284569 5.95450282835e-14
5.73146292585 5.73903984151e-14
5.75150300601 5.52509068067e-14
5.77154308617 5.32024921023e-14
5.79158316633 5.12013416289e-14
5.81162324649 4.92141035477e-14
5.83166332665 4.72406322866e-14
5.85170340681 4.52807843158e-14
5.87174348697 4.34274167176e-14
5.89178356713 4.16352361851e-14
5.91182364729 3.9855300649e-14
5.93186372745 3.80874841936e-14
5.95190380762 3.633166264e-14
5.97194388778 3.47594148171e-14
5.99198396794 3.33043674957e-14
6.0120240481 3.18590961391e-14
6.03206412826 3.04235018545e-14
6.05210420842 2.89974870918e-14
6.07214428858 2.76521663398e-14
6.09218436874 2.63680602675e-14
6.1122244489 2.50924383557e-14
6.13226452906 2.38252162016e-14
6.15230460922 2.25663105295e-14
6.17234468938 2.13569612878e-14
6.19238476954 2.01912433454e-14
6.2124248497 1.90331009258e-14
6.23246492986 1.78824599095e-14
6.25250501002 1.67392471507e-14
6.27254509018 1.56904037978e-14
6.29258517034 1.47367890914e-14
6.3126252505 1.37892732223e-14
6.33266533066 1.28477974415e-14
6.35270541082 1.19123037604e-14
6.37274549098 1.10427121432e-14
6.39278557114 1.02503520731e-14
6.4128256513 9.46298024426e-15
6.43286573146 8.68054934045e-15
6.45290581162 7.90301264921e-15
6.47294589178 7.21925642222e-15
6.49298597194 6.66515643003e-15
6.5130260521 6.11449306367e-15
6.53306613226 5.56723415986e-15
6.55310621242 5.02334796128e-15
6.57314629259 4.54474506517e-15
6.59318637275 4.17256197279e-15
6.61322645291 3.80265441521e-15
6.63326653307 3.43500135115e-15
6.65330661323 3.06958200282e-15
6.67334669339 2.71867543792e-15
6.69338677355 2.3944149454e-15
6.71342685371 2.07210711281e-15
6.73346693387 1.75173415299e-15
6.75350701403 1.43327849836e-15
6.77354709419 1.14999688187e-15
6.79358717435 9.48484463201e-16
6.81362725451 7.48169799315e-16
6.83366733467 5.49042077742e-16
6.85370741483 3.51090619292e-16
6.87374749499 1.9510925181e-16
6.89378757515 1.60477828598e-16
6.91382765531 1.26054703376e-16
6.93386773547 9.18378749258e-17
6.95390781563 5.782537031e-17
6.97394789579 3.0367610789e-17
6.99398797595 2.66006514704e-17
7.01402805611 2.28611319518e-17
7.03406813627 1.91486574089e-17
7.05410821643 1.54628418669e-17
7.07414829659 1.21998752228e-17
7.09418837675 1.08679574461e-17
7.11422845691 9.54857976272e-18
7.13426853707 8.24149943324e-18
7.15430861723 6.94648017438e-18
7.17434869739 5.80733242068e-18
7.19438877756 5.62913512458e-18
7.21442885772 5.45623234938e-18
7.23446893788 5.28846267296e-18
7.25450901804 5.12566966075e-18
7.2745490982 4.96807985318e-18
7.29458917836 4.8189364924e-18
7.31462925852 4.67430608672e-18
7.33466933868 4.5340508268e-18
7.35470941884 4.3980371561e-18
7.374749499 4.26613563805e-18
7.39478957916 4.13822082734e-18
7.41482965932 4.01417114542e-18
7.43486973948 3.8938687598e-18
7.45490981964 3.77719946728e-18
7.4749498998 3.66405258082e-18
7.49498997996 3.55432082e-18
7.51503006012 3.44790020491e-18
7.53507014028 3.34468995345e-18
7.55511022044 3.2445923818e-18
7.5751503006 3.14751280811e-18
7.59519038076 3.05335945911e-18
7.61523046092 2.96204337982e-18
7.63527054108 2.87347834592e-18
7.65531062124 2.78758077906e-18
7.6753507014 2.70426966469e-18
7.69539078156 2.62346647253e-18
7.71543086172 2.5450950796e-18
7.73547094188 2.46908169553e-18
7.75551102204 2.39535479034e-18
7.7755511022 2.3238450244e-18
7.79559118236 2.25448518069e-18
7.81563126253 2.18721009905e-18
7.83567134269 2.12195661258e-18
7.85571142285 2.05866348604e-18
7.87575150301 1.9972713561e-18
7.89579158317 1.93772267355e-18
7.91583166333 1.87996164725e-18
7.93587174349 1.82393418987e-18
7.95591182365 1.7695878653e-18
7.97595190381 1.71687183775e-18
7.99599198397 1.66573682235e-18
8.01603206413 1.6161350374e-18
8.03607214429 1.56802015801e-18
8.05611222445 1.52134727127e-18
8.07615230461 1.47607283276e-18
8.09619238477 1.43215462441e-18
8.11623246493 1.38955171374e-18
8.13627254509 1.34822441429e-18
8.15631262525 1.30813424733e-18
8.17635270541 1.26924390473e-18
8.19639278557 1.23151721302e-18
8.21643286573 1.19491909851e-18
8.23647294589 1.15941555357e-18
8.25651302605 1.12497360389e-18
8.27655310621 1.09156127677e-18
8.29659318637 1.05914757045e-18
8.31663326653 1.02770242429e-18
8.33667334669 9.97196689973e-19
8.35671342685 9.67602103529e-19
8.37675350701 9.38891258268e-19
8.39679358717 9.11037578529e-19
8.41683366733 8.8401529425e-19
8.43687374749 8.57799416324e-19
8.45691382766 8.32365712712e-19
8.47695390782 8.07690685303e-19
8.49699398798 7.83751547477e-19
8.51703406814 7.60526202373e-19
8.5370741483 7.37993221817e-19
8.55711422846 7.16131825914e-19
8.57715430862 6.9492186325e-19
8.59719438878 6.74343791725e-19
8.61723446894 6.54378659961e-19
8.6372745491 6.35008089293e-19
8.65731462926 6.16214256308e-19
8.67735470942 5.97979875928e-19
8.69739478958 5.80288185004e-19
8.71743486974 5.63122926428e-19
8.7374749499 5.46468333721e-19
8.75751503006 5.30309116101e-19
8.77755511022 5.14630444013e-19
8.79759519038 4.99417935094e-19
8.81763527054 4.84657640579e-19
8.8376753507 4.70336032119e-19
8.85771543086 4.56439989002e-19
8.87775551102 4.42956785774e-19
8.89779559118 4.29874080228e-19
8.91783567134 4.17179901771e-19
8.9378757515 4.04862640146e-19
8.95791583166 3.92911034491e-19
8.97795591182 3.81314162747e-19
8.99799599198 3.70061431377e-19
9.01803607214 3.59142565411e-19
9.0380761523 3.48547598784e-19
9.05811623246 3.38266864981e-19
9.07815631263 3.2829098796e-19
9.09819639279 3.18610873354e-19
9.11823647295 3.09217699948e-19
9.13827655311 3.00102911404e-19
9.15831663327 2.91258208252e-19
9.17835671343 2.82675540118e-19
9.19839679359 2.74347098188e-19
9.21843687375 2.66265307908e-19
9.23847695391 2.584228219e-19
9.25851703407 2.508125131e-19
9.27855711423 2.43427468102e-19
9.29859719439 2.36260980701e-19
9.31863727455 2.29306545642e-19
9.33867735471 2.22557852553e-19
9.35871743487 2.1600878006e-19
9.37875751503 2.09653390088e-19
9.39879759519 2.03485922334e-19
9.41883767535 1.97500788903e-19
9.43887775551 1.9169256911e-19
9.45891783567 1.86056004444e-19
9.47895791583 1.80585993678e-19
9.49899799599 1.75277588134e-19
9.51903807615 1.70125987086e-19
9.53907815631 1.65126533307e-19
9.55911823647 1.60274708748e-19
9.57915831663 1.55566130351e-19
9.59919839679 1.50996545989e-19
9.61923847695 1.46561830523e-19
9.63927855711 1.4225798199e-19
9.65931863727 1.38081117891e-19
9.67935871743 1.3402747161e-19
9.6993987976 1.30093388925e-19
9.71943887776 1.26275324632e-19
9.73947895792 1.22569839275e-19
9.75951903808 1.18973595965e-19
9.77955911824 1.15483357305e-19
9.7995991984 1.12095982402e-19
9.81963927856 1.08808423971e-19
9.83967935872 1.05617725527e-19
9.85971943888 1.02521018662e-19
9.87975951904 9.95155204036e-20
9.8997995992 0.0
9.91983967936 0.0
9.93987975952 0.0
9.95991983968 0.0
9.97995991984 0.0
10.0 0.0
