0.0 0.0
0.0200400801603 0.0
0.0400801603206 0.0
0.060120240481 0.0
0.0801603206413 0.0
0.100200400802 0.0
0.120240480962 0.0
0.140280561122 0.0
0.160320641283 0.0
0.180360721443 0.0
0.200400801603 0.0
0.220440881764 0.0
0.240480961924 1.78953371609e-09
0.260521042084 3.730253851e-11
0.280561122244 3.47240201386e-11
0.300601202405 3.39531392444e-11
0.320641282565 3.43887056356e-11
0.340681362725 3.57237036114e-11
0.360721442886 3.63306834341e-11
0.380761523046 3.68844024771e-11
0.400801603206 3.74357657247e-11
0.420841683367 3.79981772839e-11
0.440881763527 3.85562131748e-11
0.460921843687 3.90868357203e-11
0.480961923848 3.95637570093e-11
0.501002004008 3.99372871159e-11
0.521042084168 4.02952086812e-11
0.541082164329 4.06325261068e-11
0.561122244489 4.09396096001e-11
0.581162324649 4.12320317189e-11
0.60120240481 4.15102170359e-11
0.62124248497 4.17484642945e-11
0.64128256513 4.19583131318e-11
0.661322645291 4.21609823472e-11
0.681362725451 4.22997426206e-11
0.701402805611 4.22636520691e-11
0.721442885772 4.22342682835e-11
0.741482965932 4.22080117663e-11
0.761523046092 4.2128895598e-11
0.781563126253 4.20523236833e-11
0.801603206413 4.19847212296e-11
0.821643286573 4.17572801615e-11
0.841683366733 4.14296396233e-11
0.861723446894 4.11198121897e-11
0.881763527054 4.07369211748e-11
0.901803607214 4.01260834552e-11
0.921843687375 3.95450199736e-11
0.941883767535 3.89905915584e-11
0.961923847695 3.83282002823e-11
0.981963927856 3.76853810773e-11
1.00200400802 3.70724047999e-11
1.02204408818 3.65465345241e-11
1.04208416834 3.60820242771e-11
1.0621242485 3.56355289521e-11
1.08216432866 3.51896825468e-11
1.10220440882 3.47226273271e-11
1.12224448898 3.42735227187e-11
1.14228456914 3.38450245421e-11
1.1623246493 3.32869869138e-11
1.18236472946 3.273967807e-11
1.20240480962 3.22116381246e-11
1.22244488978 3.16910444101e-11
1.24248496994 3.11813219927e-11
1.2625250501 3.06884504939e-11
1.28256513026 3.02184853828e-11
1.30260521042 2.97819323634e-11
1.32264529058 2.93592520363e-11
1.34268537074 2.89497137325e-11
1.3627254509 2.86010618336e-11
1.38276553106 2.82655447132e-11
1.40280561122 2.793942987e-11
1.42284569138 2.75867554091e-11
1.44288577154 2.72225769331e-11
1.4629258517 2.68686297607e-11
1.48296593186 2.65292201391e-11
1.50300601202 2.62111419186e-11
1.52304609218 2.59017423339e-11
1.54308617234 2.56025036776e-11
1.56312625251 2.52532329806e-11
1.58316633267 2.49106590825e-11
1.60320641283 2.45769285585e-11
1.62324649299 2.42527915358e-11
1.64328657315 2.39374318885e-11
1.66332665331 2.36296704046e-11
1.68336673347 2.33423024103e-11
1.70340681363 2.30927172178e-11
1.72344689379 2.28491011267e-11
1.74348697395 2.26110985242e-11
1.76352705411 2.22449276358e-11
1.78356713427 2.18830378451e-11
1.80360721443 2.15293829199e-11
1.82364729459 2.12265273603e-11
1.84368737475 2.09542610961e-11
1.86372745491 2.06879797509e-11
1.88376753507 2.04643657727e-11
1.90380761523 2.03268180341e-11
1.92384769539 2.01922107032e-11
1.94388777555 2.00604498695e-11
1.96392785571 1.97907689509e-11
1.98396793587 1.95237964495e-11
2.00400801603 1.9259773383e-11
2.02404809619 1.90119462612e-11
2.04408817635 1.87694501512e-11
2.06412825651 1.85317637137e-11
2.08416833667 1.82997216465e-11
2.10420841683 1.80742454914e-11
2.12424849699 1.78531105675e-11
2.14428857715 1.76361920233e-11
2.16432865731 1.74141030059e-11
2.18436873747 1.71960770024e-11
2.20440881764 1.69820893214e-11
2.2244488978 1.67446047601e-11
2.24448897796 1.64974617268e-11
2.26452905812 1.62547653062e-11
2.28456913828 1.60122173805e-11
2.30460921844 1.57655663627e-11
2.3246492986 1.55232334877e-11
2.34468937876 1.52851376533e-11
2.36472945892 1.50986405834e-11
2.38476953908 1.49153280147e-11
2.40480961924 1.47351186928e-11
2.4248496994 1.45529125804e-11
2.44488977956 1.43712941568e-11
2.46492985972 1.41926723561e-11
2.48496993988 1.3993781937e-11
2.50501002004 1.37536379354e-11
2.5250501002 1.35173531178e-11
2.54509018036 1.32858592516e-11
2.56513026052 1.31494087618e-11
2.58517034068 1.30151043617e-11
2.60521042084 1.28828955968e-11
2.625250501 1.27039540918e-11
2.64529058116 1.25050930194e-11
2.66533066132 1.23092564734e-11
2.68537074148 1.21179028235e-11
2.70541082164 1.19322153183e-11
2.7254509018 1.17492884701e-11
2.74549098196 1.15696250043e-11
2.76553106212 1.14182786674e-11
2.78557114228 1.12691341472e-11
2.80561122244 1.1122143556e-11
2.82565130261 1.09197335529e-11
2.84569138277 1.06947124186e-11
2.86573146293 1.04728667007e-11
2.88577154309 1.02834958815e-11
2.90581162325 1.01482562207e-11
2.92585170341 1.00148876743e-11
2.94589178357 9.88214427119e-12
2.96593186373 9.71455122544e-12
2.98597194389 9.54922741845e-12
3.00601202405 9.38612691368e-12
3.02605210421 9.22265868095e-12
3.04609218437 9.06028435303e-12
3.06613226453 8.90004992343e-12
3.08617234469 8.74527426017e-12
3.10621242485 8.59815140168e-12
3.12625250501 8.45292976781e-12
3.14629258517 8.31013173964e-12
3.16633266533 8.18182531297e-12
3.18637274549 8.05514552063e-12
3.20641282565 7.93006152504e-12
3.22645290581 7.78188262629e-12
3.24649298597 7.62563864537e-12
3.26653306613 7.47132498445e-12
3.28657314629 7.31322596851e-12
3.30661322645 7.14793173418e-12
3.32665330661 6.98464182163e-12
3.34669338677 6.82527594e-12
3.36673346693 6.70302191013e-12
3.38677354709 6.58222428763e-12
3.40681362725 6.46285712588e-12
3.42685370741 6.33874966682e-12
3.44689378758 6.21374726544e-12
3.46693386774 6.09019887522e-12
3.4869739479 5.97012608616e-12
3.50701402806 5.85458287103e-12
3.52705410822 5.74036049923e-12
3.54709418838 5.62657431251e-12
3.56713426854 5.5012546834e-12
3.5871743487 5.37734306013e-12
3.60721442886 5.25481578502e-12
3.62725450902 5.13943672485e-12
3.64729458918 5.02743100198e-12
3.66733466934 4.91665594734e-12
3.6873747495 4.81071511817e-12
3.70741482966 4.71126692172e-12
3.72745490982 4.61289369623e-12
3.74749498998 4.51586877555e-12
3.76753507014 4.42355258599e-12
3.7875751503 4.33221829188e-12
3.80761523046 4.24185027182e-12
3.82765531062 4.14039436492e-12
3.84769539078 4.03586061162e-12
3.86773547094 3.93241515091e-12
3.8877755511 3.83587817194e-12
3.90781563126 3.74858148823e-12
3.92785571142 3.66217972473e-12
3.94789579158 3.5772638922e-12
3.96793587174 3.49982673403e-12
3.9879759519 3.42317139933e-12
4.00801603206 3.34728607995e-12
4.02805611222 3.26498277506e-12
4.04809619238 3.18116132053e-12
4.06813627255 3.09816917337e-12
4.08817635271 3.02151400092e-12
4.10821643287 2.95308498788e-12
4.12825651303 2.88532315044e-12
4.14829659319 2.81796843937e-12
4.16833667335 2.74885410355e-12
4.18837675351 2.68040382056e-12
4.20841683367 2.61260804544e-12
4.22845691383 2.55016907321e-12
4.24849699399 2.48977167115e-12
4.26853707415 2.42994361435e-12
4.28857715431 2.36923603308e-12
4.30861723447 2.3072243232e-12
4.32865731463 2.24578894407e-12
4.34869739479 2.18559611555e-12
4.36873747495 2.13173838611e-12
4.38877755511 2.07837433261e-12
4.40881763527 2.02549718435e-12
4.42885771543 1.9767747316e-12
4.44889779559 1.92956006929e-12
4.46893787575 1.88277039012e-12
4.48897795591 1.83600845405e-12
4.50901803607 1.78917603325e-12
4.52905811623 1.74275949797e-12
4.54909819639 1.69698209994e-12
4.56913827655 1.65337164564e-12
4.58917835671 1.61014335879e-12
4.60921843687 1.56729222803e-12
4.62925851703 1.52528490748e-12
4.64929859719 1.4837699121e-12
4.66933867735 1.44261242296e-12
4.68937875752 1.40396332844e-12
4.70941883768 1.36821943305e-12
4.72945891784 1.3327794295e-12
4.749498998 1.29728300035e-12
4.76953907816 1.25959410245e-12
4.78957915832 1.22222155513e-12
4.80961923848 1.18516138475e-12
4.82965931864 1.15183833016e-12
4.8496993988 1.11967302628e-12
4.86973947896 1.08777325237e-12
4.88977955912 1.05683006874e-12
4.90981963928 1.02693609934e-12
4.92985971944 9.97285883569e-13
4.9498997996 9.68267963666e-13
4.96993987976 9.41982645853e-13
4.98997995992 9.15909069819e-13
5.01002004008 8.90523715058e-13
5.03006012024 8.65783956154e-13
5.0501002004 8.41241101789e-13
5.07014028056 8.18176235655e-13
5.09018036072 7.95319848266e-13
5.11022044088 7.72643225217e-13
5.13026052104 7.50144250228e-13
5.1503006012 7.27820840174e-13
5.17034068136 7.07249038141e-13
5.19038076152 6.86937926985e-13
5.21042084168 6.66783473802e-13
5.23046092184 6.46783869892e-13
5.250501002 6.26937334348e-13
5.27054108216 6.09041347815e-13
5.29058116232 5.91482658908e-13
5.31062124248 5.740568334e-13
5.33066132265 5.5676236626e-13
5.35070140281 5.39597775156e-13
5.37074148297 5.2305485318e-13
5.39078156313 5.06716162376e-13
5.41082164329 4.90498798982e-13
5.43086172345 4.74401414253e-13
5.45090180361 4.58422679403e-13
5.47094188377 4.44127480024e-13
5.49098196393 4.30283597294e-13
5.51102204409 4.16540641459e-13
5.53106212425 4.02897510924e-13
5.55110220441 3.89353120101e-13
5.57114228457 3.76476874913e-13
5.59118236473 3.63855577548e-13
5.61122244489 3.51324641845e-13
5.63126252505 3.38883099214e-13
5.65130260521 3.26529994889e-13
5.67134268537 3.15302240988e-13
5.69138276553 3.04522110945e-13
5.71142284569 2.938178027e-13
5.73146292585 2.83188517756e-13
5.75150300601 2.72633468815e-13
5.77154308617 2.6252767114e-13
5.79158316633 2.52654793689e-13
5.81162324649 2.42850153165e-13
5.83166332665 2.33113043397e-13
5.85170340681 2.23442767945e-13
5.87174348697 2.14297914834e-13
5.89178356713 2.0545482786e-13
5.91182364729 1.96671819791e-13
5.93186372745 1.87948279448e-13
5.95190380762 1.79283603931e-13
5.97194388778 1.71525197064e-13
5.99198396794 1.64345289516e-13
6.0120240481 1.57213347691e-13
6.03206412826 1.50128891718e-13
6.05210420842 1.43091448121e-13
6.07214428858 1.36452264746e-13
6.09218436874 1.30115149905e-13
6.1122244489 1.23819673807e-13
6.13226452906 1.17565426714e-13
6.15230460922 1.11352004263e-13
6.17234468938 1.05383111112e-13
6.19238476954 9.96294936068e-14
6.2124248497 9.39130682654e-14
6.23246492986 8.82334750333e-14
6.25250501002 8.2590358499e-14
6.27254509018 7.74131773116e-14
6.29258517034 7.27061939403e-14
6.3126252505 6.8029153756e-14
6.33266533066 6.33817714523e-14
6.35270541082 5.87637653449e-14
6.37274549098 5.44711337712e-14
6.39278557114 5.05598555974e-14
6.4128256513 4.66730695098e-14
6.43286573146 4.2810545768e-14
6.45290581162 3.89720575033e-14
6.47294589178 3.55967103823e-14
6.49298597194 3.28617491731e-14
6.5130260521 3.01436523381e-14
6.53306613226 2.74422640503e-14
6.55310621242 2.47574304029e-14
6.57314629259 2.2395008588e-14
6.59318637275 2.05582358181e-14
6.61322645291 1.87326194045e-14
6.63326653307 1.69180577551e-14
6.65330661323 1.51144505126e-14
6.67334669339 1.33824641821e-14
6.69338677355 1.178204695e-14
6.71342685371 1.01912049678e-14
6.73346693387 8.60985234041e-15
6.75350701403 7.03790420147e-15
6.77354709419 5.63967259443e-15
6.79358717435 4.6453757155e-15
6.81362725451 3.65694224095e-15
6.83366733467 2.67432028299e-15
6.85370741483 1.69745856796e-15
6.87374749499 9.27914577886e-16
6.89378757515 7.57900747674e-16
6.91382765531 5.88880392115e-16
6.93386773547 4.20844697854e-16
6.95390781563 2.53784958397e-16
6.97394789579 1.1907977934e-16
6.99398797595 1.0140109716e-16
7.01402805611 8.38293756103e-17
7.03406813627 6.63635401051e-17
7.05410821643 4.9002532627e-17
7.07414829659 3.37048286729e-17
7.09418837675 2.79236303937e-17
7.11422845691 2.21800407561e-17
7.13426853707 1.64736059279e-17
7.15430861723 1.08038808904e-17
7.17434869739 5.8821853163e-18
7.19438877756 5.68742445656e-18
7.21442885772 5.49804287756e-18
7.23446893788 5.31387869782e-18
7.25450901804 5.13477502004e-18
7.2745490982 4.96244837997e-18
7.29458917836 4.81350409638e-18
7.31462925852 4.66906561092e-18
7.33466933868 4.52899537635e-18
7.35470941884 4.39316008841e-18
7.374749499 4.26143055338e-18
7.39478957916 4.13368155978e-18
7.41482965932 4.00979175412e-18
7.43486973948 3.88964352065e-18
7.45490981964 3.77312286482e-18
7.4749498998 3.66011930048e-18
7.49498997996 3.55052574063e-18
7.51503006012 3.44423839163e-18
7.53507014028 3.34115665073e-18
7.55511022044 3.24118300682e-18
7.5751503006 3.14422294434e-18
7.59519038076 3.0501848502e-18
7.61523046092 2.95897992364e-18
7.63527054108 2.87052208892e-18
7.65531062124 2.78472791071e-18
7.6753507014 2.70151651228e-18
7.69539078156 2.62080949605e-18
7.71543086172 2.54253086687e-18
7.73547094188 2.46660695749e-18
7.75551102204 2.39296635652e-18
7.7755511022 2.3215398386e-18
7.79559118236 2.25226029674e-18
7.81563126253 2.18506267679e-18
7.83567134269 2.11988391401e-18
7.85571142285 2.05666287152e-18
7.87575150301 1.99534028079e-18
7.89579158317 1.93585868395e-18
7.91583166333 1.87816237783e-18
7.93587174349 1.82219735988e-18
7.95591182365 1.76791127569e-18
7.97595190381 1.71525336816e-18
7.99599198397 1.66417442827e-18
8.01603206413 1.61462674739e-18
8.03607214429 1.56656407106e-18
8.05611222445 1.51994155424e-18
8.07615230461 1.47471571787e-18
8.09619238477 1.43084440695e-18
8.11623246493 1.38828674972e-18
8.13627254509 1.34700311825e-18
8.15631262525 1.30695509024e-18
8.17635270541 1.26810541192e-18
8.19639278557 1.23041796223e-18
8.21643286573 1.19385771801e-18
8.23647294589 1.1583907203e-18
8.25651302605 1.12398404173e-18
8.27655310621 1.09060575486e-18
8.29659318637 1.05822490151e-18
8.31663326653 1.02681146309e-18
8.33667334669 9.96336331812e-19
8.35671342685 9.6677128277e-19
8.37675350701 9.38088946937e-19
8.39679358717 9.10262784965e-19
8.41683366733 8.83267061799e-19
8.43687374749 8.57076822082e-19
8.45691382766 8.31667866318e-19
8.47695390782 8.07016727769e-19
8.49699398798 7.8310065007e-19
8.51703406814 7.59897565527e-19
8.5370741483 7.37386074096e-19
8.55711422846 7.15545423001e-19
8.57715430862 6.94355486982e-19
8.59719438878 6.73796749157e-19
8.61723446894 6.53850282471e-19
8.6372745491 6.34497731711e-19
8.65731462926 6.15721296082e-19
8.67735470942 5.97503712317e-19
8.69739478958 5.79828238306e-19
8.71743486974 5.62678637228e-19
8.7374749499 5.46039162172e-19
8.75751503006 5.29894541229e-19
8.77755511022 5.14229963048e-19
8.79759519038 4.99031062822e-19
8.81763527054 4.84283908722e-19
8.8376753507 4.69974988734e-19
8.85771543086 4.56091197903e-19
8.87775551102 4.42619825972e-19
8.89779559118 4.29548545398e-19
8.91783567134 4.16865399732e-19
8.9378757515 4.04558792358e-19
8.95791583166 3.9261747558e-19
8.97795591182 3.81030540035e-19
8.99799599198 3.69787404437e-19
9.01803607214 3.58877805633e-19
9.0380761523 3.48291788963e-19
9.05811623246 3.3801969891e-19
9.07815631263 3.28052170048e-19
9.09819639279 3.18380118251e-19
9.11823647295 3.08994732184e-19
9.13827655311 2.99887465043e-19
9.15831663327 2.91050026559e-19
9.17835671343 2.82474375232e-19
9.19839679359 2.74152710816e-19
9.21843687375 2.6607746702e-19
9.23847695391 2.58241304443e-19
9.25851703407 2.50637103719e-19
9.27855711423 2.43257958866e-19
9.29859719439 2.3609717085e-19
9.31863727455 2.29148241332e-19
9.33867735471 2.22404866615e-19
9.35871743487 2.15860931768e-19
9.37875751503 2.09510504935e-19
9.39879759519 2.03347831813e-19
9.41883767535 1.97367330298e-19
9.43887775551 1.91563585296e-19
9.45891783567 1.85931343692e-19
9.47895791583 1.80465509467e-19
9.49899799599 1.75161138969e-19
9.51903807615 1.70013436323e-19
9.53907815631 1.65017748986e-19
9.55911823647 1.6016956343e-19
9.57915831663 1.55464500962e-19
9.59919839679 1.50898313665e-19
9.61923847695 1.46466880469e-19
9.63927855711 1.42166203333e-19
9.65931863727 1.37992403551e-19
9.67935871743 1.33941718164e-19
9.6993987976 1.3001049648e-19
9.71943887776 1.26195196708e-19
9.73947895792 1.22492382681e-19
9.75951903808 1.1889872069e-19
9.77955911824 1.15410976405e-19
9.7995991984 1.12026011895e-19
9.81963927856 1.08740782735e-19
9.83967935872 1.05552335203e-19
9.85971943888 1.02457803556e-19
9.87975951904 9.94544073974e-20
9.8997995992 0.0
9.91983967936 0.0
9.93987975952 0.0
9.95991983968 0.0
9.97995991984 0.0
10.0 0.0
