0.0 0.0
0.0200400801603 0.0
0.0400801603206 0.0
0.060120240481 0.0
0.0801603206413 0.0
0.100200400802 7.76542334357e-10
0.120240480962 9.92535205437e-11
0.140280561122 6.64065112207e-11
0.160320641283 4.42695444268e-11
0.180360721443 3.56571461214e-11
0.200400801603 3.09649223554e-11
0.220440881764 2.62914753876e-10
0.240480961924 2.57134333746e-10
0.260521042084 2.60780666181e-11
0.280561122244 2.53385325586e-11
0.300601202405 2.4675263803e-11
0.320641282565 2.42236929466e-11
0.340681362725 2.40024944889e-11
0.360721442886 2.36157812471e-11
0.380761523046 2.32504839533e-11
0.400801603206 2.28959926588e-11
0.420841683367 2.25899382529e-11
0.440881763527 2.23238527369e-11
0.460921843687 2.20655042099e-11
0.480961923848 2.1820674194e-11
0.501002004008 2.15702353099e-11
0.521042084168 2.13485714779e-11
0.541082164329 2.1144917747e-11
0.561122244489 2.09518492678e-11
0.581162324649 2.07750426168e-11
0.60120240481 2.06179949538e-11
0.62124248497 2.04612690239e-11
0.64128256513 2.03083135797e-11
0.661322645291 2.01759513627e-11
0.681362725451 2.00335422682e-11
0.701402805611 1.98355931683e-11
0.721442885772 1.96490855367e-11
0.741482965932 1.94710389302e-11
0.761523046092 1.92808062411e-11
0.781563126253 1.91013847036e-11
0.801603206413 1.89401099114e-11
0.821643286573 1.87246100675e-11
0.841683366733 1.84761498675e-11
0.861723446894 1.82464430891e-11
0.881763527054 1.79928162435e-11
0.901803607214 1.76557499421e-11
0.921843687375 1.73353876493e-11
0.941883767535 1.70297219691e-11
0.961923847695 1.66855813594e-11
0.981963927856 1.63532538524e-11
1.00200400802 1.60394336489e-11
1.02204408818 1.57622865698e-11
1.04208416834 1.55111771102e-11
1.0621242485 1.52751364619e-11
1.08216432866 1.50399848947e-11
1.10220440882 1.47985109914e-11
1.12224448898 1.45630953861e-11
1.14228456914 1.43386997975e-11
1.1623246493 1.40659013239e-11
1.18236472946 1.38016294589e-11
1.20240480962 1.35541136012e-11
1.22244488978 1.3310565701e-11
1.24248496994 1.3072284933e-11
1.2625250501 1.28417972263e-11
1.28256513026 1.26210642544e-11
1.30260521042 1.2414277568e-11
1.32264529058 1.22149724507e-11
1.34268537074 1.20224110585e-11
1.3627254509 1.18543635694e-11
1.38276553106 1.16930094966e-11
1.40280561122 1.1537685276e-11
1.42284569138 1.1372459956e-11
1.44288577154 1.12034160472e-11
1.4629258517 1.1040706056e-11
1.48296593186 1.08842447871e-11
1.50300601202 1.07366445665e-11
1.52304609218 1.05938525239e-11
1.54308617234 1.04569624085e-11
1.56312625251 1.03009979648e-11
1.58316633267 1.01487014013e-11
1.60320641283 1.00017745357e-11
1.62324649299 9.85893085736e-12
1.64328657315 9.71986479609e-12
1.66332665331 9.58496831024e-12
1.68336673347 9.45812590556e-12
1.70340681363 9.3463412801e-12
1.72344689379 9.23799833154e-12
1.74348697395 9.13250789746e-12
1.76352705411 8.97710173267e-12
1.78356713427 8.82369373886e-12
1.80360721443 8.67392801269e-12
1.82364729459 8.54424903914e-12
1.84368737475 8.42679770073e-12
1.86372745491 8.3133087767e-12
1.88376753507 8.21678536563e-12
1.90380761523 8.1541266047e-12
1.92384769539 8.0931950518e-12
1.94388777555 8.03374815047e-12
1.96392785571 7.92040200523e-12
1.98396793587 7.80839755492e-12
2.00400801603 7.69647809781e-12
2.02404809619 7.59420473329e-12
2.04408817635 7.49254856579e-12
2.06412825651 7.39362382821e-12
2.08416833667 7.29705855598e-12
2.10420841683 7.20316120945e-12
2.12424849699 7.11154282494e-12
2.14428857715 7.02185973743e-12
2.16432865731 6.93022349914e-12
2.18436873747 6.84023109042e-12
2.20440881764 6.75194592722e-12
2.2244488978 6.65451185008e-12
2.24448897796 6.55343020925e-12
2.26452905812 6.45499960345e-12
2.28456913828 6.35669643679e-12
2.30460921844 6.25648296325e-12
2.3246492986 6.1583488599e-12
2.34468937876 6.06203193583e-12
2.36472945892 5.98611257339e-12
2.38476953908 5.91158343508e-12
2.40480961924 5.8384050429e-12
2.4248496994 5.76456817966e-12
2.44488977956 5.69108035516e-12
2.46492985972 5.61888079525e-12
2.48496993988 5.53882895012e-12
2.50501002004 5.44267793416e-12
2.5250501002 5.34813402217e-12
2.54509018036 5.25555822061e-12
2.56513026052 5.20038902171e-12
2.58517034068 5.14614392644e-12
2.60521042084 5.09279878694e-12
2.625250501 5.02117128152e-12
2.64529058116 4.94178669794e-12
2.66533066132 4.86365279929e-12
2.68537074148 4.78733914932e-12
2.70541082164 4.71330751892e-12
2.7254509018 4.64041364466e-12
2.74549098196 4.5688522242e-12
2.76553106212 4.50846396292e-12
2.78557114228 4.44898673913e-12
2.80561122244 4.39039931739e-12
2.82565130261 4.31007682921e-12
2.84569138277 4.22090656666e-12
2.86573146293 4.13301865553e-12
2.88577154309 4.05792534471e-12
2.90581162325 4.0041368824e-12
2.92585170341 3.95111520059e-12
2.94589178357 3.89836896321e-12
2.96593186373 3.83195383355e-12
2.98597194389 3.76645632339e-12
3.00601202405 3.70185703032e-12
3.02605210421 3.63713622451e-12
3.04609218437 3.57286714946e-12
3.06613226453 3.50945980237e-12
3.08617234469 3.4482177715e-12
3.10621242485 3.39000266575e-12
3.12625250501 3.33255260137e-12
3.14629258517 3.27607202516e-12
3.16633266533 3.22530460578e-12
3.18637274549 3.17519192978e-12
3.20641282565 3.12572107837e-12
3.22645290581 3.06718340748e-12
3.24649298597 3.00548704652e-12
3.26653306613 2.94456124385e-12
3.28657314629 2.88215793454e-12
3.30661322645 2.81693556093e-12
3.32665330661 2.752510847e-12
3.34669338677 2.68963819011e-12
3.36673346693 2.64136814029e-12
3.38677354709 2.59367949982e-12
3.40681362725 2.54656161026e-12
3.42685370741 2.49758725709e-12
3.44689378758 2.44826818093e-12
3.46693386774 2.39952775831e-12
3.4869739479 2.35216071307e-12
3.50701402806 2.30658128481e-12
3.52705410822 2.26152719191e-12
3.54709418838 2.21665017298e-12
3.56713426854 2.16724194263e-12
3.5871743487 2.11839225494e-12
3.60721442886 2.07009155115e-12
3.62725450902 2.02460679933e-12
3.64729458918 1.98045302571e-12
3.66733466934 1.93678721074e-12
3.6873747495 1.8950266749e-12
3.70741482966 1.85582367148e-12
3.72745490982 1.81704690621e-12
3.74749498998 1.77880372535e-12
3.76753507014 1.74241593865e-12
3.7875751503 1.7064173116e-12
3.80761523046 1.67080154391e-12
3.82765531062 1.63082622106e-12
3.84769539078 1.58964229433e-12
3.86773547094 1.5488886293e-12
3.8877755511 1.51085495143e-12
3.90781563126 1.47645867034e-12
3.92785571142 1.44241639458e-12
3.94789579158 1.40896055131e-12
3.96793587174 1.37844891489e-12
3.9879759519 1.34824656481e-12
4.00801603206 1.31834876352e-12
4.02805611222 1.28592716979e-12
4.04809619238 1.25290954985e-12
4.06813627255 1.22021946873e-12
4.08817635271 1.19002403539e-12
4.10821643287 1.16306663779e-12
4.12825651303 1.13637290726e-12
4.14829659319 1.10984045148e-12
4.16833667335 1.08261658374e-12
4.18837675351 1.05565494985e-12
4.20841683367 1.02895174098e-12
4.22845691383 1.00435733879e-12
4.24849699399 9.80567144437e-13
4.26853707415 9.57001772873e-13
4.28857715431 9.33091006801e-13
4.30861723447 9.08667690232e-13
4.32865731463 8.84471793341e-13
4.34869739479 8.60765465577e-13
4.36873747495 8.39552834545e-13
4.38877755511 8.18535043289e-13
4.40881763527 7.97709394928e-13
4.42885771543 7.78519347675e-13
4.44889779559 7.59923193848e-13
4.46893787575 7.41494761512e-13
4.48897795591 7.23077682189e-13
4.50901803607 7.0463326626e-13
4.52905811623 6.86352908487e-13
4.54909819639 6.6832445385e-13
4.56913827655 6.51149203598e-13
4.58917835671 6.34124690519e-13
4.60921843687 6.17248922722e-13
4.62925851703 6.00705554246e-13
4.64929859719 5.84356228784e-13
4.66933867735 5.68147866256e-13
4.68937875752 5.52927049922e-13
4.70941883768 5.38849971193e-13
4.72945891784 5.24892738011e-13
4.749498998 5.10913510367e-13
4.76953907816 4.96071488809e-13
4.78957915832 4.81354159425e-13
4.80961923848 4.66759946782e-13
4.82965931864 4.53636906721e-13
4.8496993988 4.40969746631e-13
4.86973947896 4.28407257526e-13
4.88977955912 4.16221455132e-13
4.90981963928 4.04448796505e-13
4.92985971944 3.92772217675e-13
4.9498997996 3.81344657279e-13
4.96993987976 3.7099288788e-13
4.98997995992 3.60724588702e-13
5.01002004008 3.50727319054e-13
5.03006012024 3.40984295953e-13
5.0501002004 3.31318885715e-13
5.07014028056 3.22235392387e-13
5.09018036072 3.13234062184e-13
5.11022044088 3.04303585476e-13
5.13026052104 2.95443123486e-13
5.1503006012 2.866518508e-13
5.17034068136 2.7855020613e-13
5.19038076152 2.70551260449e-13
5.21042084168 2.62614054432e-13
5.23046092184 2.54737871556e-13
5.250501002 2.46922006478e-13
5.27054108216 2.39874093904e-13
5.29058116232 2.32959028029e-13
5.31062124248 2.26096323086e-13
5.33066132265 2.1928538295e-13
5.35070140281 2.12525620626e-13
5.37074148297 2.06010649257e-13
5.39078156313 1.99576124948e-13
5.41082164329 1.93189406149e-13
5.43086172345 1.86849959077e-13
5.45090180361 1.8055725796e-13
5.47094188377 1.74927404079e-13
5.49098196393 1.69475271075e-13
5.51102204409 1.64062906939e-13
5.53106212425 1.58689875678e-13
5.55110220441 1.5335574772e-13
5.57114228457 1.48284704836e-13
5.59118236473 1.43314065314e-13
5.61122244489 1.38379027487e-13
5.63126252505 1.33479208212e-13
5.65130260521 1.28614229884e-13
5.67134268537 1.24192348841e-13
5.69138276553 1.1994673033e-13
5.71142284569 1.15730985812e-13
5.73146292585 1.11544799423e-13
5.75150300601 1.07387859785e-13
5.77154308617 1.03407821723e-13
5.79158316633 9.95195087564e-14
5.81162324649 9.56580785881e-14
5.83166332665 9.18232520151e-14
5.85170340681 8.80147537294e-14
5.87174348697 8.44131481499e-14
5.89178356713 8.09303733246e-14
5.91182364729 7.74712662168e-14
5.93186372745 7.40355852531e-14
5.95190380762 7.06230921701e-14
5.97194388778 6.75674516227e-14
5.99198396794 6.47396070466e-14
6.0120240481 6.19306606952e-14
6.03206412826 5.91404228201e-14
6.05210420842 5.63687062323e-14
6.07214428858 5.37538168475e-14
6.09218436874 5.12578791784e-14
6.1122244489 4.87783466313e-14
6.13226452906 4.63150572193e-14
6.15230460922 4.38678511041e-14
6.17234468938 4.15169395214e-14
6.19238476954 3.92508036752e-14
6.2124248497 3.69993201849e-14
6.23246492986 3.47623467535e-14
6.25250501002 3.25397429397e-14
6.27254509018 3.05006171633e-14
6.29258517034 2.86466491766e-14
6.3126252505 2.68044790663e-14
6.33266533066 2.49739940376e-14
6.35270541082 2.31550827443e-14
6.37274549098 2.14643026693e-14
6.39278557114 1.99236979424e-14
6.4128256513 1.83927441862e-14
6.43286573146 1.68713505502e-14
6.45290581162 1.53594273337e-14
6.47294589178 1.40298874971e-14
6.49298597194 1.29525289166e-14
6.5130260521 1.18818184502e-14
6.53306613226 1.08176943798e-14
6.55310621242 9.76009575942e-15
6.57314629259 8.82946614466e-15
6.59318637275 8.10583957662e-15
6.61322645291 7.38661361958e-15
6.63326653307 6.67174794337e-15
6.65330661323 5.96120271788e-15
6.67334669339 5.27886793437e-15
6.69338677355 4.64835099715e-15
6.71342685371 4.02161095193e-15
6.73346693387 3.39861370434e-15
6.75350701403 2.77932557644e-15
6.77354709419 2.22845281827e-15
6.79358717435 1.83665647656e-15
6.81362725451 1.44717524007e-15
6.83366733467 1.0599884326e-15
6.85370741483 6.75075629466e-16
6.87374749499 3.71811515284e-16
6.89378757515 3.04653215803e-16
6.91382765531 2.37892696622e-16
6.93386773547 1.7152625434e-16
6.95390781563 1.05550236249e-16
6.97394789579 5.23217247449e-17
6.99398797595 4.51855847686e-17
7.01402805611 3.80973103255e-17
7.03406813627 3.10562793894e-17
7.05410821643 2.40618836604e-17
7.07414829659 1.78852207267e-17
7.09418837675 1.54613279722e-17
7.11422845691 1.30570850063e-17
7.13426853707 1.06721471989e-17
7.15430861723 8.30617933764e-18
7.17434869739 6.23916076024e-18
7.19438877756 6.03792999869e-18
7.21442885772 5.84289378652e-18
7.23446893788 5.65384985433e-18
7.25450901804 5.47060281291e-18
7.2745490982 5.29369981532e-18
7.29458917836 5.12955619364e-18
7.31462925852 4.97061795222e-18
7.33466933868 4.81671522999e-18
7.35470941884 4.66768390743e-18
7.374749499 4.5233654043e-18
7.39478957916 4.38360648478e-18
7.41482965932 4.24825906985e-18
7.43486973948 4.11718005649e-18
7.45490981964 3.99023114361e-18
7.4749498998 3.86727866428e-18
7.49498997996 3.7481934241e-18
7.51503006012 3.63285054551e-18
7.53507014028 3.52112931772e-18
7.55511022044 3.41291305212e-18
7.5751503006 3.30808894295e-18
7.59519038076 3.20654793296e-18
7.61523046092 3.108184584e-18
7.63527054108 3.01289695222e-18
7.65531062124 2.92058646781e-18
7.6753507014 2.83115781901e-18
7.69539078156 2.74451884035e-18
7.71543086172 2.66058040484e-18
7.73547094188 2.57925632003e-18
7.75551102204 2.50046322779e-18
7.7755511022 2.42412050768e-18
7.79559118236 2.35015018367e-18
7.81563126253 2.27847683432e-18
7.83567134269 2.20902750599e-18
7.85571142285 2.14173162921e-18
7.87575150301 2.07652093802e-18
7.89579158317 2.01332939205e-18
7.91583166333 1.9520931015e-18
7.93587174349 1.89275025459e-18
7.95591182365 1.83524104768e-18
7.97595190381 1.77950761779e-18
7.99599198397 1.72549397746e-18
8.01603206413 1.67314595194e-18
8.03607214429 1.6224111185e-18
8.05611222445 1.57323874791e-18
8.07615230461 1.52557974793e-18
8.09619238477 1.47938660877e-18
8.11623246493 1.43461335039e-18
8.13627254509 1.39121547172e-18
8.15631262525 1.34914990152e-18
8.17635270541 1.30837495102e-18
8.19639278557 1.26885026815e-18
8.21643286573 1.23053679335e-18
8.23647294589 1.1933967169e-18
8.25651302605 1.15739343769e-18
8.27655310621 1.12249152343e-18
8.29659318637 1.08865667222e-18
8.31663326653 1.0558556754e-18
8.33667334669 1.02405638167e-18
8.35671342685 9.93227662457e-19
8.37675350701 9.63339378449e-19
8.39679358717 9.34362347232e-19
8.41683366733 9.06268312058e-19
8.43687374749 8.79029911657e-19
8.45691382766 8.52620651062e-19
8.47695390782 8.27014873426e-19
8.49699398798 8.02187732777e-19
8.51703406814 7.781151677e-19
8.5370741483 7.54773875894e-19
8.55711422846 7.32141289584e-19
8.57715430862 7.10195551755e-19
8.59719438878 6.88915493183e-19
8.61723446894 6.68280610228e-19
8.6372745491 6.48271043372e-19
8.65731462926 6.28867556467e-19
8.67735470942 6.10051516674e-19
8.69739478958 5.91804875072e-19
8.71743486974 5.74110147902e-19
8.7374749499 5.56950398437e-19
8.75751503006 5.40309219454e-19
8.77755511022 5.24170716277e-19
8.79759519038 5.08519490388e-19
8.81763527054 4.93340623571e-19
8.8376753507 4.78619662581e-19
8.85771543086 4.64342604318e-19
8.87775551102 4.50495881482e-19
8.89779559118 4.37066348704e-19
8.91783567134 4.24041269133e-19
8.9378757515 4.11408301448e-19
8.95791583166 3.99155487316e-19
8.97795591182 3.87271239237e-19
8.99799599198 3.75744328799e-19
9.01803607214 3.64563875315e-19
9.0380761523 3.53719334821e-19
9.05811623246 3.43200489437e-19
9.07815631263 3.32997437075e-19
9.09819639279 3.23100581476e-19
9.11823647295 3.13500622573e-19
9.13827655311 3.04188547161e-19
9.15831663327 2.95155619876e-19
9.17835671343 2.86393374456e-19
9.19839679359 2.7789360529e-19
9.21843687375 2.6964835924e-19
9.23847695391 2.61649927718e-19
9.25851703407 2.53890839027e-19
9.27855711423 2.46363850941e-19
9.29859719439 2.39061943528e-19
9.31863727455 2.31978312199e-19
9.33867735471 2.25106360981e-19
9.35871743487 2.18439696008e-19
9.37875751503 2.1197211921e-19
9.39879759519 2.05697622218e-19
9.41883767535 1.99610380453e-19
9.43887775551 1.93704747402e-19
9.45891783567 1.87975249087e-19
9.47895791583 1.82416578696e-19
9.49899799599 1.77023591397e-19
9.51903807615 1.71791299308e-19
9.53907815631 1.66714866628e-19
9.55911823647 1.61789604928e-19
9.57915831663 1.57010968583e-19
9.59919839679 1.52374550353e-19
9.61923847695 1.47876077103e-19
9.63927855711 1.43511405659e-19
9.65931863727 1.39276518791e-19
9.67935871743 1.35167521326e-19
9.6993987976 1.31180636384e-19
9.71943887776 1.27312201729e-19
9.73947895792 1.23558666236e-19
9.75951903808 1.19916586472e-19
9.77955911824 1.16382623382e-19
9.7995991984 1.12953539074e-19
9.81963927856 1.09626193714e-19
9.83967935872 1.06397542515e-19
9.85971943888 1.03264632813e-19
9.87975951904 1.00224601245e-19
9.8997995992 0.0
9.91983967936 0.0
9.93987975952 0.0
9.95991983968 0.0
9.97995991984 0.0
10.0 0.0
