0.0 0.0
0.0200400801603 0.0
0.0400801603206 0.0
0.060120240481 0.0
0.0801603206413 0.0
0.100200400802 0.0
0.120240480962 0.0
0.140280561122 0.0
0.160320641283 0.0
0.180360721443 0.0
0.200400801603 0.0
0.220440881764 0.0
0.240480961924 0.0
0.260521042084 0.0
0.280561122244 0.0
0.300601202405 0.0
0.320641282565 0.0
0.340681362725 0.0
0.360721442886 8.65932539799e-11
0.380761523046 5.89464225841e-11
0.400801603206 5.02580520355e-11
0.420841683367 4.59976681832e-11
0.440881763527 4.35297674649e-11
0.460921843687 4.19565545794e-11
0.480961923848 4.08720277943e-11
0.501002004008 4.00352267699e-11
0.521042084168 3.94267987669e-11
0.541082164329 3.89714775488e-11
0.561122244489 3.8616639064e-11
0.581162324649 3.83469207411e-11
0.60120240481 3.81408243968e-11
0.62124248497 3.79595542583e-11
0.64128256513 3.78027966079e-11
0.661322645291 3.76810798043e-11
0.681362725451 3.75373878072e-11
0.701402805611 3.7269019108e-11
0.721442885772 3.70329764798e-11
0.741482965932 3.68215707443e-11
0.761523046092 3.65835224005e-11
0.781563126253 3.63646689003e-11
0.801603206413 3.61686917443e-11
0.821643286573 3.58487169002e-11
0.841683366733 3.54551679701e-11
0.861723446894 3.50878349641e-11
0.881763527054 3.46678554598e-11
0.901803607214 3.40635852528e-11
0.921843687375 3.34934433978e-11
0.941883767535 3.29534874078e-11
0.961923847695 3.2329533613e-11
0.981963927856 3.17286815783e-11
1.00200400802 3.11591749313e-11
1.02204408818 3.06682057791e-11
1.04208416834 3.02331751328e-11
1.0621242485 2.98170055162e-11
1.08216432866 2.94044545169e-11
1.10220440882 2.89775593519e-11
1.12224448898 2.85687211063e-11
1.14228456914 2.81805721129e-11
1.1623246493 2.76873207429e-11
1.18236472946 2.72055184882e-11
1.20240480962 2.67420200501e-11
1.22244488978 2.62868113414e-11
1.24248496994 2.58425619395e-11
1.2625250501 2.54140211978e-11
1.28256513026 2.50059863853e-11
1.30260521042 2.46270726458e-11
1.32264529058 2.42609842101e-11
1.34268537074 2.39069895766e-11
1.3627254509 2.36043766811e-11
1.38276553106 2.33136208955e-11
1.40280561122 2.30314425272e-11
1.42284569138 2.27282120411e-11
1.44288577154 2.24163711812e-11
1.4629258517 2.21137335003e-11
1.48296593186 2.18237440731e-11
1.50300601202 2.15519891898e-11
1.52304609218 2.12880114906e-11
1.54308617234 2.10333383293e-11
1.56312625251 2.07381645476e-11
1.58316633267 2.04490398649e-11
1.60320641283 2.01676905226e-11
1.62324649299 1.98946943952e-11
1.64328657315 1.96293470374e-11
1.66332665331 1.93706083802e-11
1.68336673347 1.91288806124e-11
1.70340681363 1.89184635562e-11
1.72344689379 1.87132680886e-11
1.74348697395 1.85129547759e-11
1.76352705411 1.82080762266e-11
1.78356713427 1.7907037758e-11
1.80360721443 1.76130558835e-11
1.82364729459 1.73609078272e-11
1.84368737475 1.71340293865e-11
1.86372745491 1.69122850125e-11
1.88376753507 1.67256293704e-11
1.90380761523 1.66094785481e-11
1.92384769539 1.64958954067e-11
1.94388777555 1.63847945076e-11
1.96392785571 1.61612561035e-11
1.98396793587 1.59401142519e-11
2.00400801603 1.57210767103e-11
2.02404809619 1.55164419884e-11
2.04408817635 1.53157981051e-11
2.06412825651 1.51192290697e-11
2.08416833667 1.4927407281e-11
2.10420841683 1.4741075958e-11
2.12424849699 1.45584134083e-11
2.14428857715 1.43793110132e-11
2.16432865731 1.41961121231e-11
2.18436873747 1.4016337951e-11
2.20440881764 1.38399625181e-11
2.2244488978 1.36445484394e-11
2.24448897796 1.34413711792e-11
2.26452905812 1.3241917585e-11
2.28456913828 1.30426822187e-11
2.30460921844 1.28401994311e-11
2.3246492986 1.26413231241e-11
2.34468937876 1.24459826911e-11
2.36472945892 1.22927256276e-11
2.38476953908 1.21421311126e-11
2.40480961924 1.19941296456e-11
2.4248496994 1.18445679467e-11
2.44488977956 1.16955470568e-11
2.46492985972 1.15490244677e-11
2.48496993988 1.13860710681e-11
2.50501002004 1.11896196079e-11
2.5250501002 1.09963696805e-11
2.54509018036 1.08070760878e-11
2.56513026052 1.06951304288e-11
2.58517034068 1.05849723236e-11
2.60521042084 1.04765589027e-11
2.625250501 1.0330190052e-11
2.64529058116 1.01676711833e-11
2.66533066132 1.00076556359e-11
2.68537074148 9.85132681186e-12
2.70541082164 9.69964424265e-12
2.7254509018 9.55024428699e-12
2.74549098196 9.40353377591e-12
2.76553106212 9.27986985605e-12
2.78557114228 9.15802673186e-12
2.80561122244 9.03796415496e-12
2.82565130261 8.87290532694e-12
2.84569138277 8.68951114869e-12
2.86573146293 8.50873164672e-12
2.88577154309 8.35436536521e-12
2.90581162325 8.24399713914e-12
2.92585170341 8.1351724229e-12
2.94589178357 8.02687831692e-12
2.96593186373 7.89030421721e-12
2.98597194389 7.75559743136e-12
3.00601202405 7.62271964599e-12
3.02605210421 7.48956599051e-12
3.04609218437 7.35732262648e-12
3.06613226453 7.22683804031e-12
3.08617234469 7.10080587181e-12
3.10621242485 6.98100610524e-12
3.12625250501 6.86276819505e-12
3.14629258517 6.74651545959e-12
3.16633266533 6.642043042e-12
3.18637274549 6.53890655256e-12
3.20641282565 6.43708036003e-12
3.22645290581 6.31652438305e-12
3.24649298597 6.18943856753e-12
3.26653306613 6.06393510125e-12
3.28657314629 5.93537496776e-12
3.30661322645 5.80099104143e-12
3.32665330661 5.66824864905e-12
3.34669338677 5.53870491224e-12
3.36673346693 5.43928767555e-12
3.38677354709 5.34106352819e-12
3.40681362725 5.24401099348e-12
3.42685370741 5.14312324713e-12
3.44689378758 5.04152008854e-12
3.46693386774 4.94110692306e-12
3.4869739479 4.84352334155e-12
3.50701402806 4.74962379796e-12
3.52705410822 4.6568048424e-12
3.54709418838 4.56434854985e-12
3.56713426854 4.46254577298e-12
3.5871743487 4.36189399474e-12
3.60721442886 4.26237370131e-12
3.62725450902 4.16865938855e-12
3.64729458918 4.07768880337e-12
3.66733466934 3.98772379834e-12
3.6873747495 3.90168653799e-12
3.70741482966 3.82092142847e-12
3.72745490982 3.74103447309e-12
3.74749498998 3.66224709974e-12
3.76753507014 3.58728403614e-12
3.7875751503 3.51312283879e-12
3.80761523046 3.4397506462e-12
3.82765531062 3.35739332355e-12
3.84769539078 3.27254607912e-12
3.86773547094 3.18858685287e-12
3.8877755511 3.11023432595e-12
3.90781563126 3.03937851339e-12
3.92785571142 2.96925285652e-12
3.94789579158 2.90033634489e-12
3.96793587174 2.83748712734e-12
3.9879759519 2.77527567068e-12
4.00801603206 2.71369227197e-12
4.02805611222 2.64690985575e-12
4.04809619238 2.57890063416e-12
4.06813627255 2.51156748324e-12
4.08817635271 2.44937478603e-12
4.10821643287 2.3938534895e-12
4.12825651303 2.33887606226e-12
4.14829659319 2.28423162212e-12
4.16833667335 2.22816385762e-12
4.18837675351 2.1726372248e-12
4.20841683367 2.11764389445e-12
4.22845691383 2.06699493556e-12
4.24849699399 2.01800314074e-12
4.26853707415 1.96947518784e-12
4.28857715431 1.92023677135e-12
4.30861723447 1.86994376672e-12
4.32865731463 1.82012013658e-12
4.34869739479 1.7713057157e-12
4.36873747495 1.72762735642e-12
4.38877755511 1.68435100719e-12
4.40881763527 1.64147112142e-12
4.42885771543 1.6019598357e-12
4.44889779559 1.56367206587e-12
4.46893787575 1.52573029433e-12
4.48897795591 1.48781258362e-12
4.50901803607 1.44983930668e-12
4.52905811623 1.41220453459e-12
4.54909819639 1.37508911726e-12
4.56913827655 1.33973092849e-12
4.58917835671 1.30468374499e-12
4.60921843687 1.26994346619e-12
4.62925851703 1.23588814982e-12
4.64929859719 1.20223296263e-12
4.66933867735 1.16886863266e-12
4.68937875752 1.13753776519e-12
4.70941883768 1.10856174089e-12
4.72945891784 1.07983293325e-12
4.749498998 1.05105939692e-12
4.76953907816 1.02051059239e-12
4.78957915832 9.90219071008e-13
4.80961923848 9.60181584947e-13
4.82965931864 9.33172565241e-13
4.8496993988 9.07102306074e-13
4.86973947896 8.81247966552e-13
4.88977955912 8.5616934704e-13
4.90981963928 8.31941438392e-13
4.92985971944 8.07911713659e-13
4.9498997996 7.84394896986e-13
4.96993987976 7.6309232325e-13
4.98997995992 7.41961890366e-13
5.01002004008 7.21389547576e-13
5.03006012024 7.01340737581e-13
5.0501002004 6.81451983676e-13
5.07014028056 6.62760963085e-13
5.09018036072 6.44239321405e-13
5.11022044088 6.25863785539e-13
5.13026052104 6.07632627787e-13
5.1503006012 5.89544147683e-13
5.17034068136 5.72874879624e-13
5.19038076152 5.56417187137e-13
5.21042084168 5.40086794517e-13
5.23046092184 5.23882225715e-13
5.250501002 5.07802027494e-13
5.27054108216 4.93302023411e-13
5.29058116232 4.79075553153e-13
5.31062124248 4.64957028557e-13
5.33066132265 4.50945221785e-13
5.35070140281 4.37038923614e-13
5.37074148297 4.23636425421e-13
5.39078156313 4.10399631193e-13
5.41082164329 3.97261389364e-13
5.43086172345 3.84220600013e-13
5.45090180361 3.71276179582e-13
5.47094188377 3.5969545581e-13
5.49098196393 3.48480475885e-13
5.51102204409 3.37347465337e-13
5.53106212425 3.26295526036e-13
5.55110220441 3.15323772971e-13
5.57114228457 3.04893319346e-13
5.59118236473 2.94669533456e-13
5.61122244489 2.8451912313e-13
5.63126252505 2.74441298933e-13
5.65130260521 2.64435282751e-13
5.67134268537 2.55340754002e-13
5.69138276553 2.46608874827e-13
5.71142284569 2.37938556075e-13
5.73146292585 2.29329147103e-13
5.75150300601 2.20780006439e-13
5.77154308617 2.12594803774e-13
5.79158316633 2.04598353165e-13
5.81162324649 1.96657295686e-13
5.83166332665 1.88771056095e-13
5.85170340681 1.80939067116e-13
5.87174348697 1.73532660151e-13
5.89178356713 1.66370723459e-13
5.91182364729 1.59257550236e-13
5.93186372745 1.5219264275e-13
5.95190380762 1.45175510046e-13
5.97194388778 1.38892298893e-13
5.99198396794 1.33077597664e-13
6.0120240481 1.2730182414e-13
6.03206412826 1.21564587592e-13
6.05210420842 1.15865502524e-13
6.07214428858 1.10488965973e-13
6.09218436874 1.05357086441e-13
6.1122244489 1.00258995431e-13
6.13226452906 9.51943593994e-14
6.15230460922 9.01628491928e-14
6.17234468938 8.53293941603e-14
6.19238476954 8.06703044158e-14
6.2124248497 7.60413908887e-14
6.23246492986 7.14423605489e-14
6.25250501002 6.68729241618e-14
6.27254509018 6.26807848399e-14
6.29258517034 5.8869386374e-14
6.3126252505 5.50822802089e-14
6.33266533066 5.13192341858e-14
6.35270541082 4.75800191058e-14
6.37274549098 4.41042777798e-14
6.39278557114 4.09373262351e-14
6.4128256513 3.77902426402e-14
6.43286573146 3.46628400816e-14
6.45290581162 3.15549339928e-14
6.47294589178 2.88220196249e-14
6.49298597194 2.66075858051e-14
6.5130260521 2.44068317052e-14
6.53306613226 2.22196305498e-14
6.55310621242 2.00458571321e-14
6.57314629259 1.81331240153e-14
6.59318637275 1.66459612058e-14
6.61322645291 1.51678478122e-14
6.63326653307 1.36987011773e-14
6.65330661323 1.22384396533e-14
6.67334669339 1.08361755304e-14
6.69338677355 9.54043868382e-15
6.71342685371 8.25246795613e-15
6.73346693387 6.97219347346e-15
6.75350701403 5.69954620264e-15
6.77354709419 4.56754192374e-15
6.79358717435 3.76254707121e-15
6.81362725451 2.96230791537e-15
6.83366733467 2.16678223673e-15
6.85370741483 1.37592831804e-15
6.87374749499 7.52909940621e-16
6.89378757515 6.15225689331e-16
6.91382765531 4.78348453575e-16
6.93386773547 3.42271024105e-16
6.95390781563 2.06986280246e-16
6.97394789579 9.78951029451e-17
6.99398797595 8.35386894529e-17
7.01402805611 6.9270352003e-17
7.03406813627 5.50891760135e-17
7.05410821643 4.09942616776e-17
7.07414829659 2.85709194408e-17
7.09418837675 2.38523065453e-17
7.11422845691 1.91653495881e-17
7.13426853707 1.45096443694e-17
7.15430861723 9.88479495762e-18
7.17434869739 5.86655688691e-18
7.19438877756 5.67567257149e-18
7.21442885772 5.49015028429e-18
7.23446893788 5.30982814536e-18
7.25450901804 5.13454926375e-18
7.2745490982 4.96567412847e-18
7.29458917836 4.81661582447e-18
7.31462925852 4.67206741718e-18
7.33466933868 4.53189120929e-18
7.35470941884 4.39595375209e-18
7.374749499 4.26412571281e-18
7.39478957916 4.13628174608e-18
7.41482965932 4.01230036954e-18
7.43486973948 3.89206384333e-18
7.45490981964 3.77545805342e-18
7.4749498998 3.66237239864e-18
7.49498997996 3.55269968124e-18
7.51503006012 3.4463360009e-18
7.53507014028 3.34318065218e-18
7.55511022044 3.24313602508e-18
7.5751503006 3.1461075088e-18
7.59519038076 3.05200339854e-18
7.61523046092 2.96073480522e-18
7.63527054108 2.87221556802e-18
7.65531062124 2.78636216972e-18
7.6753507014 2.70309365465e-18
7.69539078156 2.62233154926e-18
7.71543086172 2.54399978517e-18
7.73547094188 2.46802462464e-18
7.75551102204 2.39433458837e-18
7.7755511022 2.32286038557e-18
7.79559118236 2.25353484622e-18
7.81563126253 2.18629285548e-18
7.83567134269 2.12107129009e-18
7.85571142285 2.05780895684e-18
7.87575150301 1.99644653293e-18
7.89579158317 1.93692650816e-18
7.91583166333 1.87919312899e-18
7.93587174349 1.82319234432e-18
7.95591182365 1.76887175296e-18
7.97595190381 1.71618055272e-18
7.99599198397 1.66506949115e-18
8.01603206413 1.61549081778e-18
8.03607214429 1.56739823781e-18
8.05611222445 1.52074686733e-18
8.07615230461 1.47549318984e-18
8.09619238477 1.43159501424e-18
8.11623246493 1.38901143397e-18
8.13627254509 1.3477027876e-18
8.15631262525 1.3076306205e-18
8.17635270541 1.26875764777e-18
8.19639278557 1.23104771833e-18
8.21643286573 1.19446578008e-18
8.23647294589 1.15897784618e-18
8.25651302605 1.12455096239e-18
8.27655310621 1.09115317534e-18
8.29659318637 1.05875350189e-18
8.31663326653 1.02732189936e-18
8.33667334669 9.96829236764e-19
8.35671342685 9.67247266809e-19
8.37675350701 9.38548598902e-19
8.39679358717 9.10706672894e-19
8.41683366733 8.83695733681e-19
8.43687374749 8.57490806576e-19
8.45691382766 8.32067673442e-19
8.47695390782 8.07402849573e-19
8.49699398798 7.83473561273e-19
8.51703406814 7.60257724144e-19
8.5370741483 7.3773392203e-19
8.55711422846 7.15881386619e-19
8.57715430862 6.94679977674e-19
8.59719438878 6.74110163867e-19
8.61723446894 6.54153004212e-19
8.6372745491 6.34790130062e-19
8.65731462926 6.16003727668e-19
8.67735470942 5.97776521268e-19
8.69739478958 5.80091756703e-19
8.71743486974 5.62933185531e-19
8.7374749499 5.46285049632e-19
8.75751503006 5.30132066287e-19
8.77755511022 5.14459413718e-19
8.79759519038 4.99252717061e-19
8.81763527054 4.84498034788e-19
8.8376753507 4.70181845525e-19
8.85771543086 4.56291035295e-19
8.87775551102 4.42812885133e-19
8.89779559118 4.29735059097e-19
8.91783567134 4.17045592637e-19
8.9378757515 4.04732881322e-19
8.95791583166 3.92785669915e-19
8.97795591182 3.81193041781e-19
8.99799599198 3.69944408615e-19
9.01803607214 3.59029500496e-19
9.0380761523 3.48438356229e-19
9.05811623246 3.38161314e-19
9.07815631263 3.28189002299e-19
9.09819639279 3.18512331136e-19
9.11823647295 3.09122483514e-19
9.13827655311 3.0001090717e-19
9.15831663327 2.91169306563e-19
9.17835671343 2.8258963511e-19
9.19839679359 2.74264087655e-19
9.21843687375 2.66185093176e-19
9.23847695391 2.58345307702e-19
9.25851703407 2.50737607457e-19
9.27855711423 2.43355082205e-19
9.29859719439 2.36191028805e-19
9.31863727455 2.29238944957e-19
9.33867735471 2.22492523138e-19
9.35871743487 2.15945644728e-19
9.37875751503 2.09592374309e-19
9.39879759519 2.03426954138e-19
9.41883767535 1.97443798795e-19
9.43887775551 1.91637489984e-19
9.45891783567 1.86002771498e-19
9.47895791583 1.80534544334e-19
9.49899799599 1.75227861962e-19
9.51903807615 1.70077925727e-19
9.53907815631 1.65080080402e-19
9.55911823647 1.60229809871e-19
9.57915831663 1.55522732939e-19
9.59919839679 1.50954599278e-19
9.61923847695 1.46521285487e-19
9.63927855711 1.42218791276e-19
9.65931863727 1.38043235769e-19
9.67935871743 1.3399085391e-19
9.6993987976 1.30057992986e-19
9.71943887776 1.26241109249e-19
9.73947895792 1.2253676465e-19
9.75951903808 1.18941623656e-19
9.77955911824 1.15452450182e-19
9.7995991984 1.12066104598e-19
9.81963927856 1.08779540842e-19
9.83967935872 1.05589803609e-19
9.85971943888 1.02494025629e-19
9.87975951904 9.94894250297e-20
9.8997995992 0.0
9.91983967936 0.0
9.93987975952 0.0
9.95991983968 0.0
9.97995991984 0.0
10.0 0.0
