0.0 0.0
0.0200400801603 0.0
0.0400801603206 0.0
0.060120240481 0.0
0.0801603206413 0.0
0.100200400802 0.0
0.120240480962 0.0
0.140280561122 0.0
0.160320641283 0.0
0.180360721443 0.0
0.200400801603 0.0
0.220440881764 0.0
0.240480961924 0.0
0.260521042084 0.0
0.280561122244 0.0
0.300601202405 0.0
0.320641282565 0.0
0.340681362725 0.0
0.360721442886 8.00881637268e-11
0.380761523046 5.80078470469e-11
0.400801603206 5.02635360626e-11
0.420841683367 4.63457875107e-11
0.440881763527 4.40466006343e-11
0.460921843687 4.25720702042e-11
0.480961923848 4.15517364934e-11
0.501002004008 4.07589235341e-11
0.521042084168 4.01832471619e-11
0.541082164329 3.97535123179e-11
0.561122244489 3.94190837971e-11
0.581162324649 3.91663046896e-11
0.60120240481 3.897463263e-11
0.62124248497 3.88053325143e-11
0.64128256513 3.86587013374e-11
0.661322645291 3.85459772432e-11
0.681362725451 3.84091504866e-11
0.701402805611 3.81434058707e-11
0.721442885772 3.79096261015e-11
0.741482965932 3.77002048451e-11
0.761523046092 3.746270208e-11
0.781563126253 3.72441665939e-11
0.801603206413 3.70484152197e-11
0.821643286573 3.67250702853e-11
0.841683366733 3.63258647769e-11
0.861723446894 3.59531154367e-11
0.881763527054 3.55260821903e-11
0.901803607214 3.49098146742e-11
0.921843687375 3.43281988879e-11
0.941883767535 3.37772628965e-11
0.961923847695 3.31399572185e-11
0.981963927856 3.2526094475e-11
1.00200400802 3.1944106744e-11
1.02204408818 3.14424279982e-11
1.04208416834 3.09979465391e-11
1.0621242485 3.0572693346e-11
1.08216432866 3.01510985243e-11
1.10220440882 2.9714672161e-11
1.12224448898 2.92966526054e-11
1.14228456914 2.88996502338e-11
1.1623246493 2.83947562248e-11
1.18236472946 2.79015177413e-11
1.20240480962 2.74269749052e-11
1.22244488978 2.69608630426e-11
1.24248496994 2.6505925829e-11
1.2625250501 2.60670457844e-11
1.28256513026 2.56491565828e-11
1.30260521042 2.52610889117e-11
1.32264529058 2.48861311249e-11
1.34268537074 2.45235387027e-11
1.3627254509 2.42136188283e-11
1.38276553106 2.39158279144e-11
1.40280561122 2.36268208544e-11
1.42284569138 2.33161942338e-11
1.44288577154 2.29967036622e-11
1.4629258517 2.26866307077e-11
1.48296593186 2.23895169424e-11
1.50300601202 2.2111087219e-11
1.52304609218 2.1840614178e-11
1.54308617234 2.15796171563e-11
1.56312625251 2.12770441212e-11
1.58316633267 2.09806593082e-11
1.60320641283 2.06922348865e-11
1.62324649299 2.04123651748e-11
1.64328657315 2.01403286765e-11
1.66332665331 1.98750651333e-11
1.68336673347 1.96272563603e-11
1.70340681363 1.94115636526e-11
1.72344689379 1.9201217458e-11
1.74348697395 1.89958739953e-11
1.76352705411 1.86832199457e-11
1.78356713427 1.83744948503e-11
1.80360721443 1.80729997121e-11
1.82364729459 1.78144230507e-11
1.84368737475 1.7581768544e-11
1.86372745491 1.73543741637e-11
1.88376753507 1.71629799431e-11
1.90380761523 1.70439312546e-11
1.92384769539 1.69275116575e-11
1.94388777555 1.68136337766e-11
1.96392785571 1.65843640581e-11
1.98396793587 1.63575473127e-11
2.00400801603 1.61329504827e-11
2.02404809619 1.59229870906e-11
2.04408817635 1.57171852606e-11
2.06412825651 1.55155596406e-11
2.08416833667 1.53188005874e-11
2.10420841683 1.51276711359e-11
2.12424849699 1.49403020269e-11
2.14428857715 1.47565820371e-11
2.16432865731 1.45686535392e-11
2.18436873747 1.43842355557e-11
2.20440881764 1.42033016384e-11
2.2244488978 1.40028246738e-11
2.24448897796 1.37943765512e-11
2.26452905812 1.35897462847e-11
2.28456913828 1.33853364172e-11
2.30460921844 1.31775902666e-11
2.3246492986 1.29735421668e-11
2.34468937876 1.27731198178e-11
2.36472945892 1.26158853762e-11
2.38476953908 1.24613809344e-11
2.40480961924 1.23095352859e-11
2.4248496994 1.21560859204e-11
2.44488977956 1.2003189275e-11
2.46492985972 1.185285448e-11
2.48496993988 1.16856539891e-11
2.50501002004 1.14840709373e-11
2.5250501002 1.12857714822e-11
2.54509018036 1.10915304182e-11
2.56513026052 1.09766731834e-11
2.58517034068 1.08636490025e-11
2.60521042084 1.07524139449e-11
2.625250501 1.06022216364e-11
2.64529058116 1.04354520142e-11
2.66533066132 1.02712500695e-11
2.68537074148 1.01108304745e-11
2.70541082164 9.95517813632e-12
2.7254509018 9.80186717132e-12
2.74549098196 9.65131520045e-12
2.76553106212 9.52441628215e-12
2.78557114228 9.3993850052e-12
2.80561122244 9.27618010877e-12
2.82565130261 9.1067909806e-12
2.84569138277 8.91858159823e-12
2.86573146293 8.7330546152e-12
2.88577154309 8.57463651411e-12
2.90581162325 8.46137628937e-12
2.92585170341 8.34969941992e-12
2.94589178357 8.2385663127e-12
2.96593186373 8.09840607144e-12
2.98597194389 7.96016153513e-12
3.00601202405 7.82379341557e-12
3.02605210421 7.68714131847e-12
3.04609218437 7.5514227399e-12
3.06613226453 7.41750859322e-12
3.08617234469 7.288163661e-12
3.10621242485 7.16521496335e-12
3.12625250501 7.04386868749e-12
3.14629258517 6.92455935559e-12
3.16633266533 6.8173407845e-12
3.18637274549 6.71149284644e-12
3.20641282565 6.6069892553e-12
3.22645290581 6.48326070015e-12
3.24649298597 6.35282928116e-12
3.26653306613 6.22402143787e-12
3.28657314629 6.09207564353e-12
3.30661322645 5.95415168413e-12
3.32665330661 5.81791208339e-12
3.34669338677 5.68495511818e-12
3.36673346693 5.58292004253e-12
3.38677354709 5.48210916168e-12
3.40681362725 5.38250044693e-12
3.42685370741 5.27895480105e-12
3.44689378758 5.17467445475e-12
3.46693386774 5.0716151693e-12
3.4869739479 4.97145987503e-12
3.50701402806 4.87508562388e-12
3.52705410822 4.77982018576e-12
3.54709418838 4.68492667457e-12
3.56713426854 4.58043935292e-12
3.5871743487 4.47713312951e-12
3.60721442886 4.3749879864e-12
3.62725450902 4.27880198437e-12
3.64729458918 4.18543195132e-12
3.66733466934 4.09309380953e-12
3.6873747495 4.00478697798e-12
3.70741482966 3.92189141904e-12
3.72745490982 3.83989699674e-12
3.74749498998 3.75903100091e-12
3.76753507014 3.68209020264e-12
3.7875751503 3.6059722649e-12
3.80761523046 3.53066399325e-12
3.82765531062 3.44613283286e-12
3.84769539078 3.35904571356e-12
3.86773547094 3.27286989209e-12
3.8877755511 3.19244882854e-12
3.90781563126 3.1197225325e-12
3.92785571142 3.04774553379e-12
3.94789579158 2.97700949418e-12
3.96793587174 2.91250104271e-12
3.9879759519 2.84864707473e-12
4.00801603206 2.78543763547e-12
4.02805611222 2.71689154515e-12
4.04809619238 2.64708606473e-12
4.06813627255 2.57797439913e-12
4.08817635271 2.51413901435e-12
4.10821643287 2.45715136319e-12
4.12825651303 2.40072185486e-12
4.14829659319 2.34463403281e-12
4.16833667335 2.28708513172e-12
4.18837675351 2.23009157146e-12
4.20841683367 2.17364531909e-12
4.22845691383 2.12165826196e-12
4.24849699399 2.07137211552e-12
4.26853707415 2.02156199398e-12
4.28857715431 1.97102252846e-12
4.30861723447 1.91940049125e-12
4.32865731463 1.86826016311e-12
4.34869739479 1.81815566358e-12
4.36873747495 1.77332303271e-12
4.38877755511 1.7289029772e-12
4.40881763527 1.68488980595e-12
4.42885771543 1.64433429613e-12
4.44889779559 1.60503461318e-12
4.46893787575 1.56609002396e-12
4.48897795591 1.52717007437e-12
4.50901803607 1.48819303167e-12
4.52905811623 1.44956339563e-12
4.54909819639 1.4114668034e-12
4.56913827655 1.37517388715e-12
4.58917835671 1.33920015666e-12
4.60921843687 1.30354140432e-12
4.62925851703 1.26858569395e-12
4.64929859719 1.23404065646e-12
4.66933867735 1.19979412961e-12
4.68937875752 1.16763483718e-12
4.70941883768 1.13789266861e-12
4.72945891784 1.1084042221e-12
4.749498998 1.07886982687e-12
4.76953907816 1.0475131434e-12
4.78957915832 1.01642051629e-12
4.80961923848 9.85588612827e-13
4.82965931864 9.57865296823e-13
4.8496993988 9.31105556939e-13
4.86973947896 9.04567421787e-13
4.88977955912 8.7882550965e-13
4.90981963928 8.53956797761e-13
4.92985971944 8.29291488827e-13
4.9498997996 8.05152638365e-13
4.96993987976 7.83286616483e-13
4.98997995992 7.61597269009e-13
5.01002004008 7.40480762142e-13
5.03006012024 7.19901624856e-13
5.0501002004 6.99486759734e-13
5.07014028056 6.80301313561e-13
5.09018036072 6.61289711015e-13
5.11022044088 6.42428063461e-13
5.13026052104 6.23714597987e-13
5.1503006012 6.05147569615e-13
5.17034068136 5.88037307191e-13
5.19038076152 5.71144205531e-13
5.21042084168 5.54381758348e-13
5.23046092184 5.37748450946e-13
5.250501002 5.21242792032e-13
5.27054108216 5.06359148093e-13
5.29058116232 4.91756266642e-13
5.31062124248 4.77264176022e-13
5.33066132265 4.62881616236e-13
5.35070140281 4.48607346384e-13
5.37074148297 4.34850203396e-13
5.39078156313 4.21263140339e-13
5.41082164329 4.07777228053e-13
5.43086172345 3.94391337792e-13
5.45090180361 3.81104357598e-13
5.47094188377 3.69217171169e-13
5.49098196393 3.57705403403e-13
5.51102204409 3.46277766507e-13
5.53106212425 3.34933338808e-13
5.55110220441 3.23671212094e-13
5.57114228457 3.12964709514e-13
5.59118236473 3.024703392e-13
5.61122244489 2.92051279808e-13
5.63126252505 2.81706721197e-13
5.65130260521 2.71435864849e-13
5.67134268537 2.62100625079e-13
5.69138276553 2.53137631453e-13
5.71142284569 2.44237822218e-13
5.73146292585 2.35400529663e-13
5.75150300601 2.26625095487e-13
5.77154308617 2.18223231058e-13
5.79158316633 2.10015111623e-13
5.81162324649 2.01863846929e-13
5.83166332665 1.93768846639e-13
5.85170340681 1.85729528588e-13
5.87174348697 1.78127057997e-13
5.89178356713 1.70775527205e-13
5.91182364729 1.63474046812e-13
5.93186372745 1.56222106022e-13
5.95190380762 1.49019200988e-13
5.97194388778 1.42569650007e-13
5.99198396794 1.36601012948e-13
6.0120240481 1.30672331025e-13
6.03206412826 1.24783203253e-13
6.05210420842 1.18933234013e-13
6.07214428858 1.13414352476e-13
6.09218436874 1.08146604477e-13
6.1122244489 1.02913536939e-13
6.13226452906 9.77148075576e-14
6.15230460922 9.25500785374e-14
6.17234468938 8.75886474853e-14
6.19238476954 8.28061972392e-14
6.2124248497 7.8054719943e-14
6.23246492986 7.33339148689e-14
6.25250501002 6.86434851835e-14
6.27254509018 6.43403433579e-14
6.29258517034 6.04280246358e-14
6.3126252505 5.65406396452e-14
6.33266533066 5.26779501283e-14
6.35270541082 4.88397208646e-14
6.37274549098 4.52719421193e-14
6.39278557114 4.20211303761e-14
6.4128256513 3.87907112354e-14
6.43286573146 3.55804928734e-14
6.45290581162 3.23902858739e-14
6.47294589178 2.95850017992e-14
6.49298597194 2.73119304025e-14
6.5130260521 2.50528999233e-14
6.53306613226 2.28077802572e-14
6.55310621242 2.05764429097e-14
6.57314629259 1.86130593659e-14
6.59318637275 1.70865179549e-14
6.61322645291 1.55692648427e-14
6.63326653307 1.4061215204e-14
6.65330661323 1.25622852488e-14
6.67334669339 1.11228882368e-14
6.69338677355 9.79283961248e-15
6.71342685371 8.47076213943e-15
6.73346693387 7.15658411075e-15
6.75350701403 5.85023468198e-15
6.77354709419 4.68825323573e-15
6.79358717435 3.86194314707e-15
6.81362725451 3.04051424886e-15
6.83366733467 2.22392321614e-15
6.85370741483 1.41212723912e-15
6.87374749499 7.72612427397e-16
6.89378757515 6.3128823072e-16
6.91382765531 4.90792168508e-16
6.93386773547 3.51116848177e-16
6.95390781563 2.12254967831e-16
6.97394789579 1.00280318124e-16
6.99398797595 8.55498673909e-17
7.01402805611 7.09096316473e-17
7.03406813627 5.63586780138e-17
7.05410821643 4.18960885939e-17
7.07414829659 2.91491773305e-17
7.09418837675 2.43109381253e-17
7.11422845691 1.95050292001e-17
7.13426853707 1.47310406705e-17
7.15430861723 9.98857098447e-18
7.17434869739 5.86863360932e-18
7.19438877756 5.6773016894e-18
7.21442885772 5.49133415962e-18
7.23446893788 5.31056912464e-18
7.25450901804 5.13484967815e-18
7.2745490982 4.96557636587e-18
7.29458917836 4.81652151797e-18
7.31462925852 4.67197644253e-18
7.33466933868 4.53180344678e-18
7.35470941884 4.39586908641e-18
7.374749499 4.26404403284e-18
7.39478957916 4.13620294477e-18
7.41482965932 4.01222434375e-18
7.43486973948 3.89199049369e-18
7.45490981964 3.77538728418e-18
7.4749498998 3.66230411753e-18
7.49498997996 3.55263379934e-18
7.51503006012 3.44627243255e-18
7.53507014028 3.34311931482e-18
7.55511022044 3.24307683914e-18
7.5751503006 3.14605039761e-18
7.59519038076 3.0519482882e-18
7.61523046092 2.96068162452e-18
7.63527054108 2.87216424832e-18
7.65531062124 2.78631264486e-18
7.6753507014 2.70304586087e-18
7.69539078156 2.62228542511e-18
7.71543086172 2.54395527141e-18
7.73547094188 2.46798166418e-18
7.75551102204 2.39429312616e-18
7.7755511022 2.32282036854e-18
7.79559118236 2.25349622324e-18
7.81563126253 2.18625557723e-18
7.83567134269 2.12103530904e-18
7.85571142285 2.05777422717e-18
7.87575150301 1.99641301046e-18
7.89579158317 1.93689415029e-18
7.91583166333 1.87916189467e-18
7.93587174349 1.82316219394e-18
7.95591182365 1.76884264834e-18
7.97595190381 1.71615245705e-18
7.99599198397 1.66504236895e-18
8.01603206413 1.61546463481e-18
8.03607214429 1.56737296108e-18
8.05611222445 1.52072246501e-18
8.07615230461 1.47546963125e-18
8.09619238477 1.43157226977e-18
8.11623246493 1.38898947509e-18
8.13627254509 1.34768158679e-18
8.15631262525 1.3076101512e-18
8.17635270541 1.26873788439e-18
8.19639278557 1.23102863617e-18
8.21643286573 1.19444735534e-18
8.23647294589 1.15896005589e-18
8.25651302605 1.12453378439e-18
8.27655310621 1.09113658827e-18
8.29659318637 1.05873748513e-18
8.31663326653 1.02730643304e-18
8.33667334669 9.96814301691e-19
8.35671342685 9.67232844492e-19
8.37675350701 9.38534671494e-19
8.39679358717 9.1069322318e-19
8.41683366733 8.83682745055e-19
8.43687374749 8.57478263014e-19
8.45691382766 8.3205555949e-19
8.47695390782 8.07391150317e-19
8.49699398798 7.83462262328e-19
8.51703406814 7.60246811629e-19
8.5370741483 7.37723382552e-19
8.55711422846 7.15871207258e-19
8.57715430862 6.94670145963e-19
8.59719438878 6.74100667776e-19
8.61723446894 6.54143832134e-19
8.6372745491 6.34781270797e-19
8.65731462926 6.15995170408e-19
8.67735470942 5.97768255586e-19
8.69739478958 5.80083772535e-19
8.71743486974 5.62925473165e-19
8.7374749499 5.46277599696e-19
8.75751503006 5.30124869739e-19
8.77755511022 5.14452461828e-19
8.79759519038 4.99246001408e-19
8.81763527054 4.84491547241e-19
8.8376753507 4.7017557824e-19
8.85771543086 4.56284980698e-19
8.87775551102 4.42807035917e-19
8.89779559118 4.29729408209e-19
8.91783567134 4.17040133268e-19
8.9378757515 4.04727606902e-19
8.95791583166 3.927805741e-19
8.97795591182 3.81188118449e-19
8.99799599198 3.69939651857e-19
9.01803607214 3.59024904606e-19
9.0380761523 3.48433915703e-19
9.05811623246 3.3815702352e-19
9.07815631263 3.28184856735e-19
9.09819639279 3.18508325534e-19
9.11823647295 3.09118613093e-19
9.13827655311 3.00007167312e-19
9.15831663327 2.91165692812e-19
9.17835671343 2.82586143163e-19
9.19839679359 2.74260713359e-19
9.21843687375 2.6618183252e-19
9.23847695391 2.58342156814e-19
9.25851703407 2.50734562598e-19
9.27855711423 2.43352139766e-19
9.29859719439 2.36188185301e-19
9.31863727455 2.29236197023e-19
9.33867735471 2.22489867525e-19
9.35871743487 2.15943078298e-19
9.37875751503 2.09589894033e-19
9.39879759519 2.03424557091e-19
9.41883767535 1.97441482153e-19
9.43887775551 1.91635251019e-19
9.45891783567 1.86000607576e-19
9.47895791583 1.80532452912e-19
9.49899799599 1.75225840583e-19
9.51903807615 1.70075972019e-19
9.53907815631 1.65078192075e-19
9.55911823647 1.60227984712e-19
9.57915831663 1.55520968813e-19
9.59919839679 1.5095289412e-19
9.61923847695 1.46519637304e-19
9.63927855711 1.42217198145e-19
9.65931863727 1.3804169583e-19
9.67935871743 1.33989365368e-19
9.6993987976 1.30056554107e-19
9.71943887776 1.26239718359e-19
9.73947895792 1.2253542013e-19
9.75951903808 1.18940323945e-19
9.77955911824 1.15451193769e-19
9.7995991984 1.12064890027e-19
9.81963927856 1.08778366704e-19
9.83967935872 1.05588668543e-19
9.85971943888 1.02492928322e-19
9.87975951904 9.94883642117e-20
9.8997995992 0.0
9.91983967936 0.0
9.93987975952 0.0
9.95991983968 0.0
9.97995991984 0.0
10.0 0.0
