0.0 0.0
0.0200400801603 0.0
0.0400801603206 0.0
0.060120240481 0.0
0.0801603206413 0.0
0.100200400802 0.0
0.120240480962 0.0
0.140280561122 0.0
0.160320641283 0.0
0.180360721443 0.0
0.200400801603 0.0
0.220440881764 1.26307582285e-09
0.240480961924 9.22716672606e-10
0.260521042084 2.57755967183e-11
0.280561122244 2.63853305453e-11
0.300601202405 2.70656423723e-11
0.320641282565 2.8213410612e-11
0.340681362725 2.98734929344e-11
0.360721442886 3.07966706124e-11
0.380761523046 3.15836820204e-11
0.400801603206 3.23060252053e-11
0.420841683367 3.29934348841e-11
0.440881763527 3.36445221998e-11
0.460921843687 3.42470055734e-11
0.480961923848 3.47831110719e-11
0.501002004008 3.52127379742e-11
0.521042084168 3.56157756553e-11
0.541082164329 3.59896614022e-11
0.561122244489 3.6328065608e-11
0.581162324649 3.66461899057e-11
0.60120240481 3.69453787202e-11
0.62124248497 3.72036932165e-11
0.64128256513 3.74321734855e-11
0.661322645291 3.76503818371e-11
0.681362725451 3.78082795743e-11
0.701402805611 3.78067867768e-11
0.721442885772 3.78083737002e-11
0.741482965932 3.78099665033e-11
0.761523046092 3.77619519755e-11
0.781563126253 3.77141903953e-11
0.801603206413 3.76728654269e-11
0.821643286573 3.74866396663e-11
0.841683366733 3.72088936492e-11
0.861723446894 3.69456068949e-11
0.881763527054 3.66152070236e-11
0.901803607214 3.6078711428e-11
0.921843687375 3.5567738374e-11
0.941883767535 3.50795176107e-11
0.961923847695 3.44931776949e-11
0.981963927856 3.39234967036e-11
1.00200400802 3.33799817672e-11
1.02204408818 3.29142142636e-11
1.04208416834 3.25030195936e-11
1.0621242485 3.21073474138e-11
1.08216432866 3.17114529275e-11
1.10220440882 3.12959603068e-11
1.12224448898 3.0896187495e-11
1.14228456914 3.05149192654e-11
1.1623246493 3.00165030568e-11
1.18236472946 2.95273620312e-11
1.20240480962 2.90552257111e-11
1.22244488978 2.85894668973e-11
1.24248496994 2.81332039454e-11
1.2625250501 2.7691838921e-11
1.28256513026 2.72708353863e-11
1.30260521042 2.68797402313e-11
1.32264529058 2.65009467532e-11
1.34268537074 2.6133806712e-11
1.3627254509 2.58214349907e-11
1.38276553106 2.55207560531e-11
1.40280561122 2.52283551995e-11
1.42284569138 2.49118033351e-11
1.44288577154 2.45847316255e-11
1.4629258517 2.42667582627e-11
1.48296593186 2.39617644457e-11
1.50300601202 2.36759261566e-11
1.52304609218 2.33978264552e-11
1.54308617234 2.31289846665e-11
1.56312625251 2.28148662367e-11
1.58316633267 2.25067055229e-11
1.60320641283 2.22064487806e-11
1.62324649299 2.19147790389e-11
1.64328657315 2.16309639305e-11
1.66332665331 2.13539223507e-11
1.68336673347 2.10951954655e-11
1.70340681363 2.08705489638e-11
1.72344689379 2.06512429124e-11
1.74348697395 2.04369458962e-11
1.76352705411 2.01067753078e-11
1.78356713427 1.9780419362e-11
1.80360721443 1.94614557287e-11
1.82364729459 1.91883576908e-11
1.84368737475 1.89428650569e-11
1.86372745491 1.87027434292e-11
1.88376753507 1.85011528818e-11
1.90380761523 1.83773291296e-11
1.92384769539 1.82561378372e-11
1.94388777555 1.81374955011e-11
1.96392785571 1.78941462822e-11
1.98396793587 1.76532160998e-11
2.00400801603 1.74146891992e-11
2.02404809619 1.71912786464e-11
2.04408817635 1.69724108269e-11
2.06412825651 1.67578697649e-11
2.08416833667 1.65484114097e-11
2.10420841683 1.63448702466e-11
2.12424849699 1.61452358846e-11
2.14428857715 1.59493964425e-11
2.16432865731 1.57488646526e-11
2.18436873747 1.55519905808e-11
2.20440881764 1.53587527677e-11
2.2244488978 1.51442512328e-11
2.24448897796 1.49209999175e-11
2.26452905812 1.47017549817e-11
2.28456913828 1.44826300825e-11
2.30460921844 1.42597806269e-11
2.3246492986 1.40408231958e-11
2.34468937876 1.38256851326e-11
2.36472945892 1.36572032422e-11
2.38476953908 1.3491591488e-11
2.40480961924 1.33287768739e-11
2.4248496994 1.31641469286e-11
2.44488977956 1.30000395595e-11
2.46492985972 1.28386340252e-11
2.48496993988 1.2658886545e-11
2.50501002004 1.24418146997e-11
2.5250501002 1.22282243696e-11
2.54509018036 1.20189588636e-11
2.56513026052 1.18956596497e-11
2.58517034068 1.17742958336e-11
2.60521042084 1.16548220375e-11
2.625250501 1.14930673623e-11
2.64529058116 1.13132864452e-11
2.66533066132 1.11362350361e-11
2.68537074148 1.0963232758e-11
2.70541082164 1.07953503915e-11
2.7254509018 1.06299597766e-11
2.74549098196 1.04675159795e-11
2.76553106212 1.03306852455e-11
2.78557114228 1.01958419248e-11
2.80561122244 1.00629428896e-11
2.82565130261 9.879900422e-12
2.84569138277 9.67639583354e-12
2.86573146293 9.47575880868e-12
2.88577154309 9.30449827009e-12
2.90581162325 9.18220886081e-12
2.92585170341 9.06160894694e-12
2.94589178357 8.94157134677e-12
2.96593186373 8.78999921528e-12
2.98597194389 8.64047661262e-12
3.00601202405 8.49296212865e-12
3.02605210421 8.34511153273e-12
3.04609218437 8.19824741256e-12
3.06613226453 8.05331631662e-12
3.08617234469 7.91332137661e-12
3.10621242485 7.78024802798e-12
3.12625250501 7.64889224204e-12
3.14629258517 7.51972680368e-12
3.16633266533 7.40367159889e-12
3.18637274549 7.28908597783e-12
3.20641282565 7.17594212575e-12
3.22645290581 7.04189819296e-12
3.24649298597 6.90055397599e-12
3.26653306613 6.76095407534e-12
3.28657314629 6.61792652628e-12
3.30661322645 6.46838574985e-12
3.32665330661 6.32065636178e-12
3.34669338677 6.17647561204e-12
3.36673346693 6.06587570005e-12
3.38677354709 5.95659201867e-12
3.40681362725 5.84860115185e-12
3.42685370741 5.73631906667e-12
3.44689378758 5.62322551925e-12
3.46693386774 5.51144619232e-12
3.4869739479 5.40281056848e-12
3.50701402806 5.29827252401e-12
3.52705410822 5.19492840685e-12
3.54709418838 5.09197768895e-12
3.56713426854 4.9785883484e-12
3.5871743487 4.8664718368e-12
3.60721442886 4.75560679456e-12
3.62725450902 4.65120942656e-12
3.64729458918 4.54986366627e-12
3.66733466934 4.44963050224e-12
3.6873747495 4.35377115042e-12
3.70741482966 4.26378653915e-12
3.72745490982 4.17477380734e-12
3.74749498998 4.08698035568e-12
3.76753507014 4.00344741809e-12
3.7875751503 3.92080225356e-12
3.80761523046 3.83903075361e-12
3.82765531062 3.74722375101e-12
3.84769539078 3.65263037697e-12
3.86773547094 3.55902106465e-12
3.8877755511 3.47166326416e-12
3.90781563126 3.39266742393e-12
3.92785571142 3.31448081899e-12
3.94789579158 3.23763835855e-12
3.96793587174 3.16756373854e-12
3.9879759519 3.09819611117e-12
4.00801603206 3.02952480887e-12
4.02805611222 2.95504435899e-12
4.04809619238 2.87918931838e-12
4.06813627255 2.80408426232e-12
4.08817635271 2.73471396816e-12
4.10821643287 2.67278833102e-12
4.12825651303 2.61146607016e-12
4.14829659319 2.55051183828e-12
4.16833667335 2.48796458679e-12
4.18837675351 2.42601791296e-12
4.20841683367 2.36466319172e-12
4.22845691383 2.30815637994e-12
4.24849699399 2.25349697576e-12
4.26853707415 2.19935251636e-12
4.28857715431 2.14441166128e-12
4.30861723447 2.08829010587e-12
4.32865731463 2.03268983344e-12
4.34869739479 1.97821384599e-12
4.36873747495 1.92947140409e-12
4.38877755511 1.88117549717e-12
4.40881763527 1.83332000582e-12
4.42885771543 1.78922466722e-12
4.44889779559 1.746493787e-12
4.46893787575 1.7041473226e-12
4.48897795591 1.66182573508e-12
4.50901803607 1.61944012147e-12
4.52905811623 1.57743070603e-12
4.54909819639 1.53599956427e-12
4.56913827655 1.49652955067e-12
4.58917835671 1.45740524411e-12
4.60921843687 1.41862211449e-12
4.62925851703 1.38060254788e-12
4.64929859719 1.34302841394e-12
4.66933867735 1.30577769016e-12
4.68937875752 1.27079721811e-12
4.70941883768 1.23844617646e-12
4.72945891784 1.20637004993e-12
4.749498998 1.17424270596e-12
4.76953907816 1.14013073047e-12
4.78957915832 1.10630494844e-12
4.80961923848 1.07276176733e-12
4.82965931864 1.04260107508e-12
4.8496993988 1.01348819113e-12
4.86973947896 9.84615531638e-13
4.88977955912 9.56608613093e-13
4.90981963928 9.29551281007e-13
4.92985971944 9.02714477104e-13
4.9498997996 8.76449895232e-13
4.96993987976 8.5265864658e-13
4.98997995992 8.29058968254e-13
5.01002004008 8.06082152836e-13
5.03006012024 7.83689622063e-13
5.0501002004 7.61475241356e-13
5.07014028056 7.40598604772e-13
5.09018036072 7.19910603012e-13
5.11022044088 6.99385246729e-13
5.13026052104 6.79020622173e-13
5.1503006012 6.5881484556e-13
5.17034068136 6.40194509482e-13
5.19038076152 6.21810083247e-13
5.21042084168 6.03567400811e-13
5.23046092184 5.85464826476e-13
5.250501002 5.67500749667e-13
5.27054108216 5.51302214745e-13
5.29058116232 5.35408946004e-13
5.31062124248 5.19635895219e-13
5.33066132265 5.0398170124e-13
5.35070140281 4.88445023431e-13
5.37074148297 4.73471027363e-13
5.39078156313 4.58681856346e-13
5.41082164329 4.44002468152e-13
5.43086172345 4.2943164292e-13
5.45090180361 4.14968178832e-13
5.47094188377 4.02028600141e-13
5.49098196393 3.89497516395e-13
5.51102204409 3.77057758516e-13
5.53106212425 3.64708330118e-13
5.55110220441 3.52448249291e-13
5.57114228457 3.40792942421e-13
5.59118236473 3.29368385537e-13
5.61122244489 3.18025596277e-13
5.63126252505 3.06763698523e-13
5.65130260521 2.95581828657e-13
5.67134268537 2.85418605027e-13
5.69138276553 2.75660549688e-13
5.71142284569 2.65971106597e-13
5.73146292585 2.56349553456e-13
5.75150300601 2.46795178091e-13
5.77154308617 2.37647448615e-13
5.79158316633 2.2871054141e-13
5.81162324649 2.19835384093e-13
5.83166332665 2.11021337857e-13
5.85170340681 2.02267772697e-13
5.87174348697 1.93989809936e-13
5.89178356713 1.85984994111e-13
5.91182364729 1.78034546837e-13
5.93186372745 1.70137915216e-13
5.95190380762 1.62294553839e-13
5.97194388778 1.55271550149e-13
5.99198396794 1.4877220316e-13
6.0120240481 1.42316263884e-13
6.03206412826 1.35903298186e-13
6.05210420842 1.29532877718e-13
6.07214428858 1.23522961034e-13
6.09218436874 1.17786474132e-13
6.1122244489 1.12087669921e-13
6.13226452906 1.06426177702e-13
6.15230460922 1.00801631638e-13
6.17234468938 9.53984313703e-14
6.19238476954 9.01900963319e-14
6.2124248497 8.5015420454e-14
6.23246492986 7.98740779775e-14
6.25250501002 7.47657473431e-14
6.27254509018 7.00791891282e-14
6.29258517034 6.58182630941e-14
6.3126252505 6.15844364407e-14
6.33266533066 5.73774510245e-14
6.35270541082 5.31970519788e-14
6.37274549098 4.93111882694e-14
6.39278557114 4.57705349369e-14
6.4128256513 4.22520480554e-14
6.43286573146 3.87555197475e-14
6.45290581162 3.52807447341e-14
6.47294589178 3.22252197862e-14
6.49298597194 2.97493954364e-14
6.5130260521 2.72888346226e-14
6.53306613226 2.48433963336e-14
6.55310621242 2.2412941296e-14
6.57314629259 2.02743453133e-14
6.59318637275 1.86115887476e-14
6.61322645291 1.69589299556e-14
6.63326653307 1.53162769925e-14
6.65330661323 1.36835390315e-14
6.67334669339 1.21156343699e-14
6.69338677355 1.0666831213e-14
6.71342685371 9.2266948864e-15
6.73346693387 7.79514764927e-15
6.75350701403 6.37211269206e-15
6.77354709419 5.10633384859e-15
6.79358717435 4.20621710725e-15
6.81362725451 3.31140783951e-15
6.83366733467 2.42185907384e-15
6.85370741483 1.53752439494e-15
6.87374749499 8.40864779568e-16
6.89378757515 6.86933232745e-16
6.91382765531 5.33901613716e-16
6.93386773547 3.81761924341e-16
6.95390781563 2.30506263882e-16
6.97394789579 1.08540358966e-16
6.99398797595 9.25142774317e-17
7.01402805611 7.65856810626e-17
7.03406813627 6.07535766888e-17
7.05410821643 4.50169867768e-17
7.07414829659 3.11488242817e-17
7.09418837675 2.58961738482e-17
7.11422845691 2.06781440077e-17
7.13426853707 1.54943062555e-17
7.15430861723 1.03442406136e-17
7.17434869739 5.87186267997e-18
7.19438877756 5.67911995121e-18
7.21442885772 5.49174457429e-18
7.23446893788 5.30957479022e-18
7.25450901804 5.13245382209e-18
7.2745490982 4.96192130508e-18
7.29458917836 4.81299564881e-18
7.31462925852 4.66857512124e-18
7.33466933868 4.52852219961e-18
7.35470941884 4.39270360327e-18
7.374749499 4.2609901612e-18
7.39478957916 4.13325668377e-18
7.41482965932 4.00938183857e-18
7.43486973948 3.88924803008e-18
7.45490981964 3.77274128327e-18
7.4749498998 3.65975113079e-18
7.49498997996 3.55017050372e-18
7.51503006012 3.44389562584e-18
7.53507014028 3.34082591116e-18
7.55511022044 3.24086386473e-18
7.5751503006 3.14391498655e-18
7.59519038076 3.04988767851e-18
7.61523046092 2.95869315426e-18
7.63527054108 2.87024535195e-18
7.65531062124 2.78446084966e-18
7.6753507014 2.70125878351e-18
7.69539078156 2.62056076837e-18
7.71543086172 2.54229082101e-18
7.73547094188 2.46637528571e-18
7.75551102204 2.39274276219e-18
7.7755511022 2.32132403575e-18
7.79559118236 2.2520520097e-18
7.81563126253 2.18486163982e-18
7.83567134269 2.1196898709e-18
7.85571142285 2.05647557528e-18
7.87575150301 1.99515949331e-18
7.89579158317 1.93568417563e-18
7.91583166333 1.87799392732e-18
7.93587174349 1.82203475376e-18
7.95591182365 1.76775430819e-18
7.97595190381 1.71510184085e-18
7.99599198397 1.66402814983e-18
8.01603206413 1.61448553333e-18
8.03607214429 1.56642774348e-18
8.05611222445 1.51980994159e-18
8.07615230461 1.47458865473e-18
8.09619238477 1.43072173378e-18
8.11623246493 1.38816831266e-18
8.13627254509 1.34688876893e-18
8.15631262525 1.30684468556e-18
8.17635270541 1.26799881387e-18
8.19639278557 1.2303150377e-18
8.21643286573 1.19375833862e-18
8.23647294589 1.15829476223e-18
8.25651302605 1.12389138555e-18
8.27655310621 1.09051628535e-18
8.29659318637 1.05813850756e-18
8.31663326653 1.02672803752e-18
8.33667334669 9.96255771221e-19
8.35671342685 9.66693487418e-19
8.37675350701 9.38013820609e-19
8.39679358717 9.10190234843e-19
8.41683366733 8.8319699834e-19
8.43687374749 8.57009158903e-19
8.45691382766 8.31602520081e-19
8.47695390782 8.06953618071e-19
8.49699398798 7.83039699339e-19
8.51703406814 7.59838698922e-19
8.5370741483 7.37329219406e-19
8.55711422846 7.15490510554e-19
8.57715430862 6.94302449554e-19
8.59719438878 6.73745521885e-19
8.61723446894 6.53800802766e-19
8.6372745491 6.34449939178e-19
8.65731462926 6.15675132446e-19
8.67735470942 5.97459121342e-19
8.69739478958 5.79785165726e-19
8.71743486974 5.62637030675e-19
8.7374749499 5.4599897111e-19
8.75751503006 5.29855716889e-19
8.77755511022 5.14192458362e-19
8.79759519038 4.98994832367e-19
8.81763527054 4.8424890866e-19
8.8376753507 4.69941176756e-19
8.85771543086 4.56058533174e-19
8.87775551102 4.4258826908e-19
8.89779559118 4.29518058304e-19
8.91783567134 4.1683594572e-19
8.9378757515 4.0453033599e-19
8.95791583166 3.92589982648e-19
8.97795591182 3.81003977521e-19
8.99799599198 3.69761740469e-19
9.01803607214 3.58853009447e-19
9.0380761523 3.4826783086e-19
9.05811623246 3.37996550222e-19
9.07815631263 3.280298031e-19
9.09819639279 3.18358506328e-19
9.11823647295 3.08973849493e-19
9.13827655311 2.99867286686e-19
9.15831663327 2.91030528499e-19
9.17835671343 2.82455534262e-19
9.19839679359 2.7413450453e-19
9.21843687375 2.66059873788e-19
9.23847695391 2.5822430338e-19
9.25851703407 2.50620674661e-19
9.27855711423 2.43242082344e-19
9.29859719439 2.36081828067e-19
9.31863727455 2.29133414137e-19
9.33867735471 2.22390537483e-19
9.35871743487 2.15847083776e-19
9.37875751503 2.09497121744e-19
9.39879759519 2.03334897644e-19
9.41883767535 1.97354829916e-19
9.43887775551 1.91551503988e-19
9.45891783567 1.85919667251e-19
9.47895791583 1.80454224172e-19
9.49899799599 1.7515023157e-19
9.51903807615 1.70002894026e-19
9.53907815631 1.65007559434e-19
9.55911823647 1.6015971469e-19
9.57915831663 1.55454981508e-19
9.59919839679 1.50889112368e-19
9.61923847695 1.46457986578e-19
9.63927855711 1.42157606466e-19
9.65931863727 1.37984093681e-19
9.67935871743 1.33933685606e-19
9.6993987976 1.3000273188e-19
9.71943887776 1.2618769103e-19
9.73947895792 1.22485127199e-19
9.75951903808 1.18891706974e-19
9.77955911824 1.15404196313e-19
9.7995991984 1.12019457562e-19
9.81963927856 1.08734446565e-19
9.83967935872 1.05546209858e-19
9.85971943888 1.02451881947e-19
9.87975951904 9.94486826771e-20
9.8997995992 0.0
9.91983967936 0.0
9.93987975952 0.0
9.95991983968 0.0
9.97995991984 0.0
10.0 0.0
