0.0 0.0
0.0200400801603 0.0
0.0400801603206 0.0
0.060120240481 0.0
0.0801603206413 0.0
0.100200400802 0.0
0.120240480962 1.020755178e-10
0.140280561122 6.73885530064e-11
0.160320641283 4.46691134396e-11
0.180360721443 3.5891471913e-11
0.200400801603 3.11320858113e-11
0.220440881764 2.66401198049e-10
0.240480961924 2.60431033365e-10
0.260521042084 2.62091147266e-11
0.280561122244 2.54715761029e-11
0.300601202405 2.48106776125e-11
0.320641282565 2.43637681391e-11
0.340681362725 2.41498722505e-11
0.360721442886 2.37673489822e-11
0.380761523046 2.34057463177e-11
0.400801603206 2.30547324382e-11
0.420841683367 2.27520714591e-11
0.440881763527 2.24892576768e-11
0.460921843687 2.22339725434e-11
0.480961923848 2.19919093203e-11
0.501002004008 2.17437335308e-11
0.521042084168 2.15242135289e-11
0.541082164329 2.13225876814e-11
0.561122244489 2.1131373446e-11
0.581162324649 2.09563184774e-11
0.60120240481 2.08009340826e-11
0.62124248497 2.06456680164e-11
0.64128256513 2.04940175958e-11
0.661322645291 2.03629014301e-11
0.681362725451 2.02214220443e-11
0.701402805611 2.00236017521e-11
0.721442885772 1.9837230366e-11
0.741482965932 1.9659325082e-11
0.761523046092 1.94689795802e-11
0.781563126253 1.92894396706e-11
0.801603206413 1.91280632884e-11
0.821643286573 1.89117242114e-11
0.841683366733 1.86619605042e-11
0.861723446894 1.84310205518e-11
0.881763527054 1.81758263936e-11
0.901803607214 1.78361533609e-11
0.921843687375 1.75133062628e-11
0.941883767535 1.72052690975e-11
0.961923847695 1.6858259292e-11
0.981963927856 1.65231410177e-11
1.00200400802 1.62066483278e-11
1.02204408818 1.59272097374e-11
1.04208416834 1.56740795889e-11
1.0621242485 1.54360991047e-11
1.08216432866 1.51990173494e-11
1.10220440882 1.49555112749e-11
1.12224448898 1.47181391467e-11
1.14228456914 1.44918589105e-11
1.1623246493 1.42165830142e-11
1.18236472946 1.39498784546e-11
1.20240480962 1.37000142792e-11
1.22244488978 1.34541483848e-11
1.24248496994 1.32135956379e-11
1.2625250501 1.29809102326e-11
1.28256513026 1.27580827706e-11
1.30260521042 1.25493507591e-11
1.32264529058 1.23481609669e-11
1.34268537074 1.21537727093e-11
1.3627254509 1.19841731917e-11
1.38276553106 1.18213249588e-11
1.40280561122 1.16645504511e-11
1.42284569138 1.14977537978e-11
1.44288577154 1.13270844055e-11
1.4629258517 1.11627945315e-11
1.48296593186 1.10048194305e-11
1.50300601202 1.08558009983e-11
1.52304609218 1.07116288817e-11
1.54308617234 1.05733953557e-11
1.56312625251 1.0415858168e-11
1.58316633267 1.02620183391e-11
1.60320641283 1.01135875145e-11
1.62324649299 9.96928263037e-12
1.64328657315 9.82879449078e-12
1.66332665331 9.69251076827e-12
1.68336673347 9.56437551576e-12
1.70340681363 9.45146955867e-12
1.72344689379 9.34203179502e-12
1.74348697395 9.23547211189e-12
1.76352705411 9.07841127486e-12
1.78356713427 8.92336738507e-12
1.80360721443 8.77200256366e-12
1.82364729459 8.64095559885e-12
1.84368737475 8.52227526429e-12
1.86372745491 8.40758413552e-12
1.88376753507 8.31005274502e-12
1.90380761523 8.24677841227e-12
1.92384769539 8.18524431004e-12
1.94388777555 8.12520746601e-12
1.96392785571 8.01064125085e-12
1.98396793587 7.8974286538e-12
2.00400801603 7.78432539876e-12
2.02404809619 7.68091775213e-12
2.04408817635 7.57816339582e-12
2.06412825651 7.47816201207e-12
2.08416833667 7.38054545386e-12
2.10420841683 7.28562641155e-12
2.12424849699 7.19300579068e-12
2.14428857715 7.10233936743e-12
2.16432865731 7.0096958212e-12
2.18436873747 6.91871432948e-12
2.20440881764 6.82945821305e-12
2.2244488978 6.73094550806e-12
2.24448897796 6.62874079931e-12
2.26452905812 6.52920716367e-12
2.28456913828 6.42980136011e-12
2.30460921844 6.32846621616e-12
2.3246492986 6.22922991828e-12
2.34468937876 6.13182991278e-12
2.36472945892 6.05506307092e-12
2.38476953908 5.97970079439e-12
2.40480961924 5.90570324324e-12
2.4248496994 5.83103789582e-12
2.44488977956 5.75672408276e-12
2.46492985972 5.6837120496e-12
2.48496993988 5.60275489272e-12
2.50501002004 5.50550978355e-12
2.5250501002 5.40988924049e-12
2.54509018036 5.31625853824e-12
2.56513026052 5.26046883641e-12
2.58517034068 5.20561291557e-12
2.60521042084 5.15166640273e-12
2.625250501 5.07922370507e-12
2.64529058116 4.99893270828e-12
2.66533066132 4.91990609423e-12
2.68537074148 4.8427201015e-12
2.70541082164 4.76784191807e-12
2.7254509018 4.69411399897e-12
2.74549098196 4.6217333459e-12
2.76553106212 4.56065525252e-12
2.78557114228 4.50049816855e-12
2.80561122244 4.44124064347e-12
2.82565130261 4.35999448215e-12
2.84569138277 4.26979702544e-12
2.86573146293 4.18089634396e-12
2.88577154309 4.10493871019e-12
2.90581162325 4.05053344522e-12
2.92585170341 3.99690344522e-12
2.94589178357 3.94355167747e-12
2.96593186373 3.87637152853e-12
2.98597194389 3.81011930653e-12
3.00601202405 3.74477540183e-12
3.02605210421 3.67930823404e-12
3.04609218437 3.61429773541e-12
3.06613226453 3.55015869081e-12
3.08617234469 3.48820987476e-12
3.10621242485 3.42932293721e-12
3.12625250501 3.37120968364e-12
3.14629258517 3.31407695299e-12
3.16633266533 3.26272363075e-12
3.18637274549 3.21203244619e-12
3.20641282565 3.16199034124e-12
3.22645290581 3.10277570104e-12
3.24649298597 3.04036542172e-12
3.26653306613 2.97873448682e-12
3.28657314629 2.91560867988e-12
3.30661322645 2.84963084106e-12
3.32665330661 2.78445978987e-12
3.34669338677 2.72085870968e-12
3.36673346693 2.67203001863e-12
3.38677354709 2.6237893668e-12
3.40681362725 2.57612597826e-12
3.42685370741 2.52658440149e-12
3.44689378758 2.47669397431e-12
3.46693386774 2.42738882342e-12
3.4869739479 2.37947292521e-12
3.50701402806 2.33336534402e-12
3.52705410822 2.28778911534e-12
3.54709418838 2.24239193012e-12
3.56713426854 2.19241072463e-12
3.5871743487 2.14299447932e-12
3.60721442886 2.09413352807e-12
3.62725450902 2.04812121916e-12
3.64729458918 2.00345530399e-12
3.66733466934 1.95928295765e-12
3.6873747495 1.91703799419e-12
3.70741482966 1.87738025841e-12
3.72745490982 1.83815366143e-12
3.74749498998 1.79946680119e-12
3.76753507014 1.76265686875e-12
3.7875751503 1.72624057287e-12
3.80761523046 1.69021154236e-12
3.82765531062 1.64977219004e-12
3.84769539078 1.60811012944e-12
3.86773547094 1.5668832954e-12
3.8877755511 1.52840805432e-12
3.90781563126 1.49361249035e-12
3.92785571142 1.45917501417e-12
3.94789579158 1.42533075866e-12
3.96793587174 1.39446492979e-12
3.9879759519 1.36391195389e-12
4.00801603206 1.33366703978e-12
4.02805611222 1.30086894362e-12
4.04809619238 1.26746786037e-12
4.06813627255 1.23439810083e-12
4.08817635271 1.2038519862e-12
4.10821643287 1.17658155333e-12
4.12825651303 1.14957783218e-12
4.14829659319 1.1227372403e-12
4.16833667335 1.09519717248e-12
4.18837675351 1.0679223696e-12
4.20841683367 1.04090897939e-12
4.22845691383 1.01602891005e-12
4.24849699399 9.91962386818e-13
4.26853707415 9.68123285337e-13
4.28857715431 9.43934755764e-13
4.30861723447 9.19227698403e-13
4.32865731463 8.94750692171e-13
4.34869739479 8.70768936688e-13
4.36873747495 8.49309873623e-13
4.38877755511 8.28047904388e-13
4.40881763527 8.06980301292e-13
4.42885771543 7.8756731425e-13
4.44889779559 7.68755118178e-13
4.46893787575 7.5011258413e-13
4.48897795591 7.31481525151e-13
4.50901803607 7.1282280204e-13
4.52905811623 6.94330036387e-13
4.54909819639 6.7609209542e-13
4.56913827655 6.58717275272e-13
4.58917835671 6.41494937747e-13
4.60921843687 6.2442306814e-13
4.62925851703 6.07687457124e-13
4.64929859719 5.91148139314e-13
4.66933867735 5.74751417504e-13
4.68937875752 5.59353722734e-13
4.70941883768 5.45113063413e-13
4.72945891784 5.30993637771e-13
4.749498998 5.16851956188e-13
4.76953907816 5.018374394e-13
4.78957915832 4.86949060123e-13
4.80961923848 4.72185224826e-13
4.82965931864 4.58909669834e-13
4.8496993988 4.46095292985e-13
4.86973947896 4.33386800297e-13
4.88977955912 4.21059371681e-13
4.90981963928 4.09149888399e-13
4.92985971944 3.97337598664e-13
4.9498997996 3.85777220196e-13
4.96993987976 3.75305142326e-13
4.98997995992 3.64917502161e-13
5.01002004008 3.54804040746e-13
5.03006012024 3.4494778001e-13
5.0501002004 3.35170031891e-13
5.07014028056 3.25980966309e-13
5.09018036072 3.16875016753e-13
5.11022044088 3.07840742164e-13
5.13026052104 2.98877294123e-13
5.1503006012 2.89983837723e-13
5.17034068136 2.81788028236e-13
5.19038076152 2.73696109998e-13
5.21042084168 2.65666647375e-13
5.23046092184 2.57698915599e-13
5.250501002 2.49792201212e-13
5.27054108216 2.42662369552e-13
5.29058116232 2.35666927893e-13
5.31062124248 2.28724454409e-13
5.33066132265 2.21834346114e-13
5.35070140281 2.14996009258e-13
5.37074148297 2.08405308955e-13
5.39078156313 2.0189598989e-13
5.41082164329 1.95435030923e-13
5.43086172345 1.89021892123e-13
5.45090180361 1.8265604166e-13
5.47094188377 1.76960746626e-13
5.49098196393 1.71445238267e-13
5.51102204409 1.65969960133e-13
5.53106212425 1.60534471205e-13
5.55110220441 1.55138336965e-13
5.57114228457 1.50008346615e-13
5.59118236473 1.44979926375e-13
5.61122244489 1.39987520931e-13
5.63126252505 1.35030742723e-13
5.65130260521 1.30109209791e-13
5.67134268537 1.25635926766e-13
5.69138276553 1.21340955467e-13
5.71142284569 1.17076204804e-13
5.73146292585 1.12841355273e-13
5.75150300601 1.08636091905e-13
5.77154308617 1.04609786849e-13
5.79158316633 1.00676273005e-13
5.81162324649 9.67699539551e-14
5.83166332665 9.28905472765e-14
5.85170340681 8.90377744849e-14
5.87174348697 8.53943000523e-14
5.89178356713 8.18710378493e-14
5.91182364729 7.837171808e-14
5.93186372745 7.48960963832e-14
5.95190380762 7.14439317458e-14
5.97194388778 6.83527694489e-14
5.99198396794 6.54920519698e-14
6.0120240481 6.2650452042e-14
6.03206412826 5.98277777285e-14
6.05210420842 5.70238396808e-14
6.07214428858 5.43785523521e-14
6.09218436874 5.18535997664e-14
6.1122244489 4.93452427098e-14
6.13226452906 4.68533173266e-14
6.15230460922 4.4377661934e-14
6.17234468938 4.19994206446e-14
6.19238476954 3.9706940707e-14
6.2124248497 3.74292832123e-14
6.23246492986 3.51663042209e-14
6.25250501002 3.29178616699e-14
6.27254509018 3.08550307205e-14
6.29258517034 2.89795106631e-14
6.3126252505 2.71159254177e-14
6.33266533066 2.52641608882e-14
6.35270541082 2.34241044435e-14
6.37274549098 2.17136691292e-14
6.39278557114 2.015515545e-14
6.4128256513 1.86064047489e-14
6.43286573146 1.7067325128e-14
6.45290581162 1.55378258514e-14
6.47294589178 1.4192830837e-14
6.49298597194 1.31029496974e-14
6.5130260521 1.20197937849e-14
6.53306613226 1.09433006711e-14
6.55310621242 9.87340870833e-15
6.57314629259 8.93196218894e-15
6.59318637275 8.19992593113e-15
6.61322645291 7.47234128488e-15
6.63326653307 6.74916745732e-15
6.65330661323 6.03036416125e-15
6.67334669339 5.34009922703e-15
6.69338677355 4.70225461017e-15
6.71342685371 4.06823065976e-15
6.73346693387 3.43799289021e-15
6.75350701403 2.81150723704e-15
6.77354709419 2.25423246456e-15
6.79358717435 1.85788397443e-15
6.81362725451 1.46387738291e-15
6.83366733467 1.07219177787e-15
6.85370741483 6.82806501463e-16
6.87374749499 3.76019335157e-16
6.89378757515 3.08083672257e-16
6.91382765531 2.40550298755e-16
6.93386773547 1.73415472117e-16
6.95390781563 1.06675500957e-16
6.97394789579 5.28311780076e-17
6.99398797595 4.56151549659e-17
7.01402805611 3.84474542109e-17
7.03406813627 3.13274498084e-17
7.05410821643 2.42545295951e-17
7.07414829659 1.80087616921e-17
7.09418837675 1.55593192559e-17
7.11422845691 1.31296706463e-17
7.13426853707 1.07194700177e-17
7.15430861723 8.32838095592e-18
7.17434869739 6.23964138999e-18
7.19438877756 6.03831370631e-18
7.21442885772 5.84318112489e-18
7.23446893788 5.65404137122e-18
7.25450901804 5.47069905108e-18
7.2745490982 5.29370987065e-18
7.29458917836 5.12956588371e-18
7.31462925852 4.97062729066e-18
7.33466933868 4.81672422989e-18
7.35470941884 4.6676925814e-18
7.374749499 4.52337376445e-18
7.39478957916 4.38361454277e-18
7.41482965932 4.24826683687e-18
7.43486973948 4.11718754333e-18
7.45490981964 3.99023836064e-18
7.4749498998 3.86728562147e-18
7.49498997996 3.74820013104e-18
7.51503006012 3.63285701143e-18
7.53507014028 3.52113555149e-18
7.55511022044 3.4129190623e-18
7.5751503006 3.30809473774e-18
7.59519038076 3.20655352027e-18
7.61523046092 3.10818997145e-18
7.63527054108 3.01290214712e-18
7.65531062124 2.92059147721e-18
7.6753507014 2.83116264969e-18
7.69539078156 2.74452349884e-18
7.71543086172 2.66058489742e-18
7.73547094188 2.57926065275e-18
7.75551102204 2.50046740647e-18
7.7755511022 2.42412453791e-18
7.79559118236 2.35015407087e-18
7.81563126253 2.27848058366e-18
7.83567134269 2.20903112247e-18
7.85571142285 2.14173511765e-18
7.87575150301 2.07652430305e-18
7.89579158317 2.01333263814e-18
7.91583166333 1.95209623294e-18
7.93587174349 1.89275327552e-18
7.95591182365 1.83524396208e-18
7.97595190381 1.7795104295e-18
7.99599198397 1.72549669018e-18
8.01603206413 1.67314856922e-18
8.03607214429 1.62241364377e-18
8.05611222445 1.57324118447e-18
8.07615230461 1.52558209897e-18
8.09619238477 1.47938887735e-18
8.11623246493 1.43461553946e-18
8.13627254509 1.39121758412e-18
8.15631262525 1.34915193999e-18
8.17635270541 1.30837691821e-18
8.19639278557 1.26885216659e-18
8.21643286573 1.2305386255e-18
8.23647294589 1.19339848511e-18
8.25651302605 1.15739514423e-18
8.27655310621 1.12249317051e-18
8.29659318637 1.08865826194e-18
8.31663326653 1.0558572098e-18
8.33667334669 1.02405786271e-18
8.35671342685 9.93229092032e-19
8.37675350701 9.63340758378e-19
8.39679358717 9.34363679271e-19
8.41683366733 9.062695979e-19
8.43687374749 8.79031152933e-19
8.45691382766 8.52621849346e-19
8.47695390782 8.27016030233e-19
8.49699398798 8.0218884957e-19
8.51703406814 7.78116245887e-19
8.5370741483 7.54774916834e-19
8.55711422846 7.32142294585e-19
8.57715430862 7.10196522081e-19
8.59719438878 6.8891643005e-19
8.61723446894 6.68281514811e-19
8.6372745491 6.48271916802e-19
8.65731462926 6.28868399836e-19
8.67735470942 6.10052331034e-19
8.69739478958 5.91805661438e-19
8.71743486974 5.74110907252e-19
8.7374749499 5.56951131715e-19
8.75751503006 5.40309927569e-19
8.77755511022 5.24171400108e-19
8.79759519038 5.08520150781e-19
8.81763527054 4.93341261343e-19
8.8376753507 4.78620278519e-19
8.85771543086 4.64343199181e-19
8.87775551102 4.50496456003e-19
8.89779559118 4.37066903591e-19
8.91783567134 4.24041805066e-19
8.9378757515 4.11408819086e-19
8.95791583166 3.99155987292e-19
8.97795591182 3.87271722163e-19
8.99799599198 3.75744795267e-19
9.01803607214 3.64564325893e-19
9.0380761523 3.53719770059e-19
9.05811623246 3.43200909865e-19
9.07815631263 3.32997843205e-19
9.09819639279 3.23100973802e-19
9.11823647295 3.1350100157e-19
9.13827655311 3.04188913289e-19
9.15831663327 2.95155973578e-19
9.17835671343 2.86393716161e-19
9.19839679359 2.77893935411e-19
9.21843687375 2.69648678174e-19
9.23847695391 2.61650235851e-19
9.25851703407 2.53891136729e-19
9.27855711423 2.4636413857e-19
9.29859719439 2.3906222143e-19
9.31863727455 2.31978580708e-19
9.33867735471 2.25106620419e-19
9.35871743487 2.18439946685e-19
9.37875751503 2.11972361427e-19
9.39879759519 2.05697856264e-19
9.41883767535 1.99610606607e-19
9.43887775551 1.93704965934e-19
9.45891783567 1.87975460257e-19
9.47895791583 1.82416782756e-19
9.49899799599 1.7702378859e-19
9.51903807615 1.71791489867e-19
9.53907815631 1.6671505078e-19
9.55911823647 1.61789782891e-19
9.57915831663 1.57011140567e-19
9.59919839679 1.52374716562e-19
9.61923847695 1.47876237734e-19
9.63927855711 1.43511560902e-19
9.65931863727 1.39276668828e-19
9.67935871743 1.35167666334e-19
9.6993987976 1.31180776534e-19
9.71943887776 1.27312337185e-19
9.73947895792 1.23558797158e-19
9.75951903808 1.19916713014e-19
9.77955911824 1.16382745692e-19
9.7995991984 1.12953657295e-19
9.81963927856 1.09626307985e-19
9.83967935872 1.06397652969e-19
9.85971943888 1.03264739579e-19
9.87975951904 1.00224704448e-19
9.8997995992 0.0
9.91983967936 0.0
9.93987975952 0.0
9.95991983968 0.0
9.97995991984 0.0
10.0 0.0
