0.0 0.0
0.0200400801603 0.0
0.0400801603206 0.0
0.060120240481 0.0
0.0801603206413 0.0
0.100200400802 0.0
0.120240480962 0.0
0.140280561122 0.0
0.160320641283 0.0
0.180360721443 0.0
0.200400801603 0.0
0.220440881764 0.0
0.240480961924 0.0
0.260521042084 0.0
0.280561122244 0.0
0.300601202405 0.0
0.320641282565 0.0
0.340681362725 0.0
0.360721442886 0.0
0.380761523046 0.0
0.400801603206 4.29373022842e-11
0.420841683367 3.00586787916e-11
0.440881763527 2.55766671218e-11
0.460921843687 2.32523581096e-11
0.480961923848 2.18235272853e-11
0.501002004008 2.08317993751e-11
0.521042084168 2.01293044168e-11
0.541082164329 1.96059075184e-11
0.561122244489 1.92018548898e-11
0.581162324649 1.8887915414e-11
0.60120240481 1.86386685259e-11
0.62124248497 1.84267143923e-11
0.64128256513 1.82465487095e-11
0.661322645291 1.80992179214e-11
0.681362725451 1.7955164203e-11
0.701402805611 1.77622821998e-11
0.721442885772 1.75932929136e-11
0.741482965932 1.74414558709e-11
0.761523046092 1.72830637931e-11
0.781563126253 1.71388728007e-11
0.801603206413 1.70110150829e-11
0.821643286573 1.68298546059e-11
0.841683366733 1.66177887047e-11
0.861723446894 1.64205871681e-11
0.881763527054 1.62006210806e-11
0.901803607214 1.58975951254e-11
0.921843687375 1.56127238985e-11
0.941883767535 1.53433192131e-11
0.961923847695 1.50368537102e-11
0.981963927856 1.47427754178e-11
1.00200400802 1.4465700478e-11
1.02204408818 1.42268206362e-11
1.04208416834 1.4014843871e-11
1.0621242485 1.38119103775e-11
1.08216432866 1.36099360353e-11
1.10220440882 1.3402242261e-11
1.12224448898 1.32036743192e-11
1.14228456914 1.30174590911e-11
1.1623246493 1.2783636686e-11
1.18236472946 1.25556575899e-11
1.20240480962 1.23365908149e-11
1.22244488978 1.21217990339e-11
1.24248496994 1.19124839435e-11
1.2625250501 1.17106844737e-11
1.28256513026 1.15184193116e-11
1.30260521042 1.1339862409e-11
1.32264529058 1.11675073254e-11
1.34268537074 1.10009523895e-11
1.3627254509 1.08582132259e-11
1.38276553106 1.07211515814e-11
1.40280561122 1.05878988941e-11
1.42284569138 1.04450265281e-11
1.44288577154 1.02984322512e-11
1.4629258517 1.0156180889e-11
1.48296593186 1.00197344699e-11
1.50300601202 9.89181788157e-12
1.52304609218 9.76763302344e-12
1.54308617234 9.64889016968e-12
1.56312625251 9.5117864864e-12
1.58316633267 9.37757185625e-12
1.60320641283 9.24703406477e-12
1.62324649299 9.12042612392e-12
1.64328657315 8.99741480561e-12
1.66332665331 8.87739561166e-12
1.68336673347 8.76497014803e-12
1.70340681363 8.66693907581e-12
1.72344689379 8.57137732563e-12
1.74348697395 8.47804610056e-12
1.76352705411 8.33704535152e-12
1.78356713427 8.19788220847e-12
1.80360721443 8.06202776033e-12
1.82364729459 7.94534935808e-12
1.84368737475 7.84027275058e-12
1.86372745491 7.7376022117e-12
1.88376753507 7.65100367505e-12
1.90380761523 7.59663042506e-12
1.92384769539 7.54347522079e-12
1.94388777555 7.49149687557e-12
1.96392785571 7.38826922504e-12
1.98396793587 7.28618347623e-12
2.00400801603 7.18372977739e-12
2.02404809619 7.09081253206e-12
2.04408817635 6.99828180823e-12
2.06412825651 6.90765807831e-12
2.08416833667 6.81924547502e-12
2.10420841683 6.73338047012e-12
2.12424849699 6.64923016881e-12
2.14428857715 6.56674298308e-12
2.16432865731 6.48242652592e-12
2.18436873747 6.39970803392e-12
2.20440881764 6.31857389221e-12
2.2244488978 6.22879562198e-12
2.24448897796 6.13551224596e-12
2.26452905812 6.04395805369e-12
2.28456913828 5.95253400117e-12
2.30460921844 5.85965956091e-12
2.3246492986 5.76845695817e-12
2.34468937876 5.6788926802e-12
2.36472945892 5.60852911214e-12
2.38476953908 5.53940193972e-12
2.40480961924 5.47147845006e-12
2.4248496994 5.40286550122e-12
2.44488977956 5.33451952126e-12
2.46492985972 5.2673314254e-12
2.48496993988 5.19267766843e-12
2.50501002004 5.10278413212e-12
2.5250501002 5.01436811888e-12
2.54509018036 4.9277725579e-12
2.56513026052 4.87642340454e-12
2.58517034068 4.82590298029e-12
2.60521042084 4.7761911513e-12
2.625250501 4.70920739323e-12
2.64529058116 4.63488302069e-12
2.66533066132 4.56171265508e-12
2.68537074148 4.49023458351e-12
2.70541082164 4.42088511297e-12
2.7254509018 4.35258733968e-12
2.74549098196 4.28552598962e-12
2.76553106212 4.22896953208e-12
2.78557114228 4.17325249322e-12
2.80561122244 4.11835612549e-12
2.82565130261 4.04298338742e-12
2.84569138277 3.95927343287e-12
2.86573146293 3.87676422855e-12
2.88577154309 3.80628958393e-12
2.90581162325 3.75585358254e-12
2.92585170341 3.70612808003e-12
2.94589178357 3.65665167904e-12
2.96593186373 3.59430934816e-12
2.98597194389 3.53282463272e-12
3.00601202405 3.47217978999e-12
3.02605210421 3.41141644098e-12
3.04609218437 3.35107426759e-12
3.06613226453 3.29153922061e-12
3.08617234469 3.23403704981e-12
3.10621242485 3.17937757784e-12
3.12625250501 3.12543473571e-12
3.14629258517 3.07240096302e-12
3.16633266533 3.02473395269e-12
3.18637274549 2.97767993369e-12
3.20641282565 2.93122705254e-12
3.22645290581 2.87625506464e-12
3.24649298597 2.81831625141e-12
3.26653306613 2.76110227431e-12
3.28657314629 2.70250188304e-12
3.30661322645 2.64125579357e-12
3.32665330661 2.58076112209e-12
3.34669338677 2.52172626432e-12
3.36673346693 2.4764042758e-12
3.38677354709 2.43162875552e-12
3.40681362725 2.38738979988e-12
3.42685370741 2.34140907656e-12
3.44689378758 2.29510611173e-12
3.46693386774 2.24934779533e-12
3.4869739479 2.20488002707e-12
3.50701402806 2.16209143715e-12
3.52705410822 2.11979733118e-12
3.54709418838 2.07767096352e-12
3.56713426854 2.03129480388e-12
3.5871743487 1.98544499449e-12
3.60721442886 1.94011256099e-12
3.62725450902 1.89742412326e-12
3.64729458918 1.85598632726e-12
3.66733466934 1.81500829139e-12
3.6873747495 1.77581935933e-12
3.70741482966 1.73903103229e-12
3.72745490982 1.70264418943e-12
3.74749498998 1.66675949583e-12
3.76753507014 1.63261642792e-12
3.7875751503 1.59883990828e-12
3.80761523046 1.56542402523e-12
3.82765531062 1.52792236156e-12
3.84769539078 1.48928970485e-12
3.86773547094 1.45106267269e-12
3.8877755511 1.41538772246e-12
3.90781563126 1.38312449099e-12
3.92785571142 1.35119481043e-12
3.94789579158 1.31981651772e-12
3.96793587174 1.29119943565e-12
3.9879759519 1.26287368939e-12
4.00801603206 1.234834824e-12
4.02805611222 1.20443224972e-12
4.04809619238 1.17347281285e-12
4.06813627255 1.14282203886e-12
4.08817635271 1.11451054246e-12
4.10821643287 1.08923459149e-12
4.12825651303 1.06420698339e-12
4.14829659319 1.03933176768e-12
4.16833667335 1.0138100723e-12
4.18837675351 9.88535397733e-13
4.20841683367 9.63504153761e-13
4.22845691383 9.40449705143e-13
4.24849699399 9.1814976908e-13
4.26853707415 8.96061556166e-13
4.28857715431 8.73650942969e-13
4.30861723447 8.50761403224e-13
4.32865731463 8.28086048968e-13
4.34869739479 8.05870380558e-13
4.36873747495 7.85991298143e-13
4.38877755511 7.66295665335e-13
4.40881763527 7.46780940017e-13
4.42885771543 7.2879882907e-13
4.44889779559 7.11373711311e-13
4.46893787575 6.9410647279e-13
4.48897795591 6.76850682947e-13
4.50901803607 6.5957011516e-13
4.52905811623 6.42443974905e-13
4.54909819639 6.25554494467e-13
4.56913827655 6.09464617434e-13
4.58917835671 5.93516609351e-13
4.60921843687 5.77708591983e-13
4.62925851703 5.62212482276e-13
4.64929859719 5.46898731359e-13
4.66933867735 5.3171763309e-13
4.68937875752 5.17461649812e-13
4.70941883768 5.04276908716e-13
4.72945891784 4.9120492154e-13
4.749498998 4.78112914126e-13
4.76953907816 4.64213908588e-13
4.78957915832 4.50432216201e-13
4.80961923848 4.36766350486e-13
4.82965931864 4.24477967079e-13
4.8496993988 4.12616754882e-13
4.86973947896 4.0085399414e-13
4.88977955912 3.89444240815e-13
4.90981963928 3.78421584721e-13
4.92985971944 3.67489286659e-13
4.9498997996 3.56790455315e-13
4.96993987976 3.4709873312e-13
4.98997995992 3.37485495995e-13
5.01002004008 3.28126239604e-13
5.03006012024 3.19005241485e-13
5.0501002004 3.09957212203e-13
5.07014028056 3.01454000638e-13
5.09018036072 2.93027982144e-13
5.11022044088 2.84668568784e-13
5.13026052104 2.76374969983e-13
5.1503006012 2.68146407698e-13
5.17034068136 2.60563333048e-13
5.19038076152 2.5307660958e-13
5.21042084168 2.45647911694e-13
5.23046092184 2.38276564088e-13
5.250501002 2.30961901955e-13
5.27054108216 2.24365889032e-13
5.29058116232 2.17894373571e-13
5.31062124248 2.1147205831e-13
5.33066132265 2.05098381546e-13
5.35070140281 1.98772790143e-13
5.37074148297 1.92676381858e-13
5.39078156313 1.86655421699e-13
5.41082164329 1.80679373116e-13
5.43086172345 1.74747733086e-13
5.45090180361 1.68860006114e-13
5.47094188377 1.63592426442e-13
5.49098196393 1.58491231244e-13
5.51102204409 1.53427389174e-13
5.53106212425 1.48400489493e-13
5.55110220441 1.43410127497e-13
5.57114228457 1.38665959437e-13
5.59118236473 1.34015831575e-13
5.61122244489 1.29399136496e-13
5.63126252505 1.24815513255e-13
5.65130260521 1.20264606115e-13
5.67134268537 1.16128191723e-13
5.69138276553 1.1215672439e-13
5.71142284569 1.08213305245e-13
5.73146292585 1.04297636805e-13
5.75150300601 1.00409425804e-13
5.77154308617 9.66867386449e-14
5.79158316633 9.30499219206e-14
5.81162324649 8.94383403807e-14
5.83166332665 8.58517310798e-14
5.85170340681 8.22898347345e-14
5.87174348697 7.89214789799e-14
5.89178356713 7.56643173657e-14
5.91182364729 7.24293686744e-14
5.93186372745 6.92164054276e-14
5.95190380762 6.6025203261e-14
5.97194388778 6.31677192578e-14
5.99198396794 6.05232801807e-14
6.0120240481 5.78965739844e-14
6.03206412826 5.52874220642e-14
6.05210420842 5.26956482215e-14
6.07214428858 5.02505516454e-14
6.09218436874 4.79167174799e-14
6.1122244489 4.55982740454e-14
6.13226452906 4.32950688925e-14
6.15230460922 4.10069515913e-14
6.17234468938 3.88089049993e-14
6.19238476954 3.66901574754e-14
6.2124248497 3.4585153918e-14
6.23246492986 3.24937604213e-14
6.25250501002 3.04158448239e-14
6.27254509018 2.85094846715e-14
6.29258517034 2.67762439248e-14
6.3126252505 2.50540674573e-14
6.33266533066 2.33428491622e-14
6.35270541082 2.16424842946e-14
6.37274549098 2.00619212507e-14
6.39278557114 1.86217608111e-14
6.4128256513 1.71906495445e-14
6.43286573146 1.57685020132e-14
6.45290581162 1.43552338593e-14
6.47294589178 1.31124619052e-14
6.49298597194 1.21054182917e-14
6.5130260521 1.11046067625e-14
6.53306613226 1.01099693183e-14
6.55310621242 9.12144868362e-15
6.57314629259 8.25161439578e-15
6.59318637275 7.57526410987e-15
6.61322645291 6.90303799113e-15
6.63326653307 6.23489817334e-15
6.65330661323 5.57080725758e-15
6.67334669339 4.933092236e-15
6.69338677355 4.34381516506e-15
6.71342685371 3.75807724299e-15
6.73346693387 3.1758464604e-15
6.75350701403 2.59709119717e-15
6.77354709419 2.08228185091e-15
6.79358717435 1.71614221715e-15
6.81362725451 1.35217127721e-15
6.83366733467 9.90349643261e-16
6.85370741483 6.30658161612e-16
6.87374749499 3.47272276505e-16
6.89378757515 2.84528704999e-16
6.91382765531 2.22156813975e-16
6.93386773547 1.60153180301e-16
6.95390781563 9.85144255998e-17
6.97394789579 4.87877692655e-17
6.99398797595 4.21321108698e-17
7.01402805611 3.55204380572e-17
7.03406813627 2.89522141333e-17
7.05410821643 2.24269128708e-17
7.07414829659 1.66651042422e-17
7.09418837675 1.44093490248e-17
7.11422845691 1.21713494442e-17
7.13426853707 9.95081870937e-18
7.15430861723 7.74747697986e-18
7.17434869739 5.82296443082e-18
7.19438877756 5.64132482637e-18
7.21442885772 5.46499749383e-18
7.23446893788 5.29382091072e-18
7.25450901804 5.12763854156e-18
7.2745490982 4.96698627653e-18
7.29458917836 4.81788158254e-18
7.31462925852 4.6732884532e-18
7.33466933868 4.53306913012e-18
7.35470941884 4.39709010578e-18
7.374749499 4.26522199081e-18
7.39478957916 4.13733938534e-18
7.41482965932 4.01332075454e-18
7.43486973948 3.89304830805e-18
7.45490981964 3.77640788321e-18
7.4749498998 3.66328883201e-18
7.49498997996 3.55358391163e-18
7.51503006012 3.44718917834e-18
7.53507014028 3.3440038849e-18
7.55511022044 3.24393038104e-18
7.5751503006 3.14687401722e-18
7.59519038076 3.05274305131e-18
7.61523046092 2.96144855827e-18
7.63527054108 2.87290434267e-18
7.65531062124 2.78702685393e-18
7.6753507014 2.70373510429e-18
7.69539078156 2.62295058926e-18
7.71543086172 2.54459721067e-18
7.73547094188 2.46860120209e-18
7.75551102204 2.39489105657e-18
7.7755511022 2.3233974567e-18
7.79559118236 2.25405320681e-18
7.81563126253 2.18679316735e-18
7.83567134269 2.12155419127e-18
7.85571142285 2.05827506242e-18
7.87575150301 1.99689643592e-18
7.89579158317 1.93736078027e-18
7.91583166333 1.87961232144e-18
7.93587174349 1.82359698857e-18
7.95591182365 1.76926236142e-18
7.97595190381 1.71655761947e-18
7.99599198397 1.6654334926e-18
8.01603206413 1.6158422133e-18
8.03607214429 1.56773747037e-18
8.05611222445 1.52107436407e-18
8.07615230461 1.47580936269e-18
8.09619238477 1.4319002604e-18
8.11623246493 1.38930613652e-18
8.13627254509 1.34798731596e-18
8.15631262525 1.30790533095e-18
8.17635270541 1.26902288391e-18
8.19639278557 1.23130381157e-18
8.21643286573 1.19471305004e-18
8.23647294589 1.15921660114e-18
8.25651302605 1.12478149969e-18
8.27655310621 1.09137578178e-18
8.29659318637 1.05896845411e-18
8.31663326653 1.0275294642e-18
8.33667334669 9.9702967162e-19
8.35671342685 9.67440819977e-19
8.37675350701 9.38735509899e-19
8.39679358717 9.10887172778e-19
8.41683366733 8.8387004535e-19
8.43687374749 8.57659145065e-19
8.45691382766 8.32230246203e-19
8.47695390782 8.07559856747e-19
8.49699398798 7.83625195951e-19
8.51703406814 7.60404172621e-19
8.5370741483 7.37875364046e-19
8.55711422846 7.16017995595e-19
8.57715430862 6.94811920937e-19
8.59719438878 6.74237602868e-19
8.61723446894 6.54276094733e-19
8.6372745491 6.34909022422e-19
8.65731462926 6.16118566916e-19
8.67735470942 5.97887447369e-19
8.69739478958 5.80198904722e-19
8.71743486974 5.63036685804e-19
8.7374749499 5.46385027937e-19
8.75751503006 5.30228644004e-19
8.77755511022 5.14552707984e-19
8.79759519038 4.99342840926e-19
8.81763527054 4.84585097351e-19
8.8376753507 4.70265952084e-19
8.85771543086 4.56372287472e-19
8.87775551102 4.42891381011e-19
8.89779559118 4.29810893343e-19
8.91783567134 4.17118856622e-19
8.9378757515 4.04803663238e-19
8.95791583166 3.92854054888e-19
8.97795591182 3.81259111976e-19
8.99799599198 3.70008243345e-19
9.01803607214 3.5909117632e-19
9.0380761523 3.48497947049e-19
9.05811623246 3.38218891155e-19
9.07815631263 3.28244634654e-19
9.09819639279 3.18566085171e-19
9.11823647295 3.09174423407e-19
9.13827655311 3.00061094877e-19
9.15831663327 2.91217801897e-19
9.17835671343 2.82636495815e-19
9.19839679359 2.74309369481e-19
9.21843687375 2.66228849946e-19
9.23847695391 2.58387591381e-19
9.25851703407 2.50778468216e-19
9.27855711423 2.43394568486e-19
9.29859719439 2.36229187379e-19
9.31863727455 2.29275820984e-19
9.33867735471 2.22528160223e-19
9.35871743487 2.15980084974e-19
9.37875751503 2.0962565837e-19
9.39879759519 2.03459121271e-19
9.41883767535 1.97474886908e-19
9.43887775551 1.91667535681e-19
9.45891783567 1.86031810127e-19
9.47895791583 1.80562610029e-19
9.49899799599 1.75254987687e-19
9.51903807615 1.70104143314e-19
9.53907815631 1.65105420594e-19
9.55911823647 1.60254302356e-19
9.57915831663 1.55546406389e-19
9.59919839679 1.50977481383e-19
9.61923847695 1.4654340299e-19
9.63927855711 1.42240170007e-19
9.65931863727 1.38063900673e-19
9.67935871743 1.3401082908e-19
9.6993987976 1.30077301693e-19
9.71943887776 1.2625977397e-19
9.73947895792 1.22554807093e-19
9.75951903808 1.18959064791e-19
9.77955911824 1.15469310263e-19
9.7995991984 1.1208240319e-19
9.81963927856 1.08795296842e-19
9.83967935872 1.05605035271e-19
9.85971943888 1.02508750586e-19
9.87975951904 9.95036603158e-20
9.8997995992 0.0
9.91983967936 0.0
9.93987975952 0.0
9.95991983968 0.0
9.97995991984 0.0
10.0 0.0
