0.0 0.0
0.0200400801603 0.0
0.0400801603206 0.0
0.060120240481 0.0
0.0801603206413 0.0
0.100200400802 0.0
0.120240480962 0.0
0.140280561122 0.0
0.160320641283 0.0
0.180360721443 0.0
0.200400801603 0.0
0.220440881764 0.0
0.240480961924 0.0
0.260521042084 0.0
0.280561122244 0.0
0.300601202405 0.0
0.320641282565 2.3231385449e-10
0.340681362725 7.34779524225e-11
0.360721442886 5.86361817393e-11
0.380761523046 5.26308234998e-11
0.400801603206 4.94848772724e-11
0.420841683367 4.76597776917e-11
0.440881763527 4.65408439725e-11
0.460921843687 4.58225351605e-11
0.480961923848 4.53275361056e-11
0.501002004008 4.49154407359e-11
0.521042084168 4.46330548604e-11
0.541082164329 4.44378354207e-11
0.561122244489 4.42943325052e-11
0.581162324649 4.42016704087e-11
0.60120240481 4.41470292706e-11
0.62124248497 4.40933984605e-11
0.64128256513 4.40458811656e-11
0.661322645291 4.40209845868e-11
0.681362725451 4.39550228672e-11
0.701402805611 4.3730105478e-11
0.721442885772 4.35321792012e-11
0.741482965932 4.33545750699e-11
0.761523046092 4.31376698688e-11
0.781563126253 4.29365532241e-11
0.801603206413 4.27561359937e-11
0.821643286573 4.24234501943e-11
0.841683366733 4.19987883721e-11
0.861723446894 4.1601030412e-11
0.881763527054 4.11373016861e-11
0.901803607214 4.04510595551e-11
0.921843687375 3.98020054345e-11
0.941883767535 3.91860863411e-11
0.961923847695 3.84675046903e-11
0.981963927856 3.7773948181e-11
1.00200400802 3.71151599185e-11
1.02204408818 3.65478325241e-11
1.04208416834 3.60455536038e-11
1.0621242485 3.55645291711e-11
1.08216432866 3.50870683072e-11
1.10220440882 3.45912206603e-11
1.12224448898 3.41157892136e-11
1.14228456914 3.36632637199e-11
1.1623246493 3.30841041924e-11
1.18236472946 3.25177156054e-11
1.20240480962 3.19723907686e-11
1.22244488978 3.14362230245e-11
1.24248496994 3.09124655545e-11
1.2625250501 3.04069024779e-11
1.28256513026 2.99253906858e-11
1.30260521042 2.94782097245e-11
1.32264529058 2.90458965844e-11
1.34268537074 2.86276315859e-11
1.3627254509 2.82705194104e-11
1.38276553106 2.79272452385e-11
1.40280561122 2.75940370032e-11
1.42284569138 2.7235339966e-11
1.44288577154 2.68660042143e-11
1.4629258517 2.65074365707e-11
1.48296593186 2.61638285131e-11
1.50300601202 2.58418352883e-11
1.52304609218 2.55289337009e-11
1.54308617234 2.52265927428e-11
1.56312625251 2.48754397984e-11
1.58316633267 2.45313494008e-11
1.60320641283 2.41964041845e-11
1.62324649299 2.38713119298e-11
1.64328657315 2.35552405893e-11
1.66332665331 2.32469981876e-11
1.68336673347 2.29591389601e-11
1.70340681363 2.27087445361e-11
1.72344689379 2.24644993438e-11
1.74348697395 2.22260326643e-11
1.76352705411 2.18618602474e-11
1.78356713427 2.15021783712e-11
1.80360721443 2.11508553116e-11
1.82364729459 2.0849680699e-11
1.84368737475 2.05787700821e-11
1.86372745491 2.0313939827e-11
1.88376753507 2.00911897275e-11
1.90380761523 1.99530910626e-11
1.92384769539 1.9818016696e-11
1.94388777555 1.96858671376e-11
1.96392785571 1.94185217849e-11
1.98396793587 1.91539893232e-11
2.00400801603 1.88924351898e-11
2.02404809619 1.86470412381e-11
2.04408817635 1.84069387504e-11
2.06412825651 1.81716773613e-11
2.08416833667 1.79420685837e-11
2.10420841683 1.77190090601e-11
2.12424849699 1.75003114401e-11
2.14428857715 1.72858476951e-11
2.16432865731 1.70664133241e-11
2.18436873747 1.68510539715e-11
2.20440881764 1.66397405999e-11
2.2244488978 1.64054917893e-11
2.24448897796 1.61618671085e-11
2.26452905812 1.59226823383e-11
2.28456913828 1.5683723298e-11
2.30460921844 1.54408230053e-11
2.3246492986 1.52022264413e-11
2.34468937876 1.4967850384e-11
2.36472945892 1.4784065097e-11
2.38476953908 1.46034557231e-11
2.40480961924 1.44259399289e-11
2.4248496994 1.42465225179e-11
2.44488977956 1.40677318538e-11
2.46492985972 1.38919238456e-11
2.48496993988 1.36963259278e-11
2.50501002004 1.3460403196e-11
2.5250501002 1.322830894e-11
2.54509018036 1.30009524405e-11
2.56513026052 1.28666411132e-11
2.58517034068 1.27344643109e-11
2.60521042084 1.26043711555e-11
2.625250501 1.24285910348e-11
2.64529058116 1.22333605598e-11
2.66533066132 1.20411256386e-11
2.68537074148 1.18533111046e-11
2.70541082164 1.16710724699e-11
2.7254509018 1.1491566102e-11
2.74549098196 1.13152822442e-11
2.76553106212 1.11667208714e-11
2.78557114228 1.10203387674e-11
2.80561122244 1.08760879985e-11
2.82565130261 1.06776712237e-11
2.84569138277 1.04571740204e-11
2.86573146293 1.02398107569e-11
2.88577154309 1.00542260091e-11
2.90581162325 9.92158724552e-12
2.92585170341 9.79079726499e-12
2.94589178357 9.66063724471e-12
2.96593186373 9.4964287336e-12
2.98597194389 9.33445870376e-12
3.00601202405 9.17468141399e-12
3.02605210421 9.01456352264e-12
3.04609218437 8.8555331123e-12
3.06613226453 8.69861185431e-12
3.08617234469 8.54704263063e-12
3.10621242485 8.40296862674e-12
3.12625250501 8.2607678768e-12
3.14629258517 8.12095025798e-12
3.16633266533 7.99530789819e-12
3.18637274549 7.87126791451e-12
3.20641282565 7.74879967677e-12
3.22645290581 7.60377735042e-12
3.24649298597 7.45088786363e-12
3.26653306613 7.2998975176e-12
3.28657314629 7.14522148317e-12
3.30661322645 6.98352832959e-12
3.32665330661 6.82380592072e-12
3.34669338677 6.66792920161e-12
3.36673346693 6.54831911015e-12
3.38677354709 6.43014120859e-12
3.40681362725 6.31336979823e-12
3.42685370741 6.19197671821e-12
3.44689378758 6.06971827682e-12
3.46693386774 5.94888874499e-12
3.4869739479 5.83146242231e-12
3.50701402806 5.71846832067e-12
3.52705410822 5.60677190348e-12
3.54709418838 5.49550885098e-12
3.56713426854 5.37298850168e-12
3.5871743487 5.25185074883e-12
3.60721442886 5.13207221635e-12
3.62725450902 5.01928171215e-12
3.64729458918 4.9097921125e-12
3.66733466934 4.8015105853e-12
3.6873747495 4.6979559752e-12
3.70741482966 4.6007473497e-12
3.72745490982 4.5045937747e-12
3.74749498998 4.40976197419e-12
3.76753507014 4.31953313556e-12
3.7875751503 4.23026778103e-12
3.80761523046 4.14195049583e-12
3.82765531062 4.04281114439e-12
3.84769539078 3.94067126193e-12
3.86773547094 3.83959867584e-12
3.8877755511 3.74527590396e-12
3.90781563126 3.65997918475e-12
3.92785571142 3.57556004181e-12
3.94789579158 3.4925953651e-12
3.96793587174 3.41693577298e-12
3.9879759519 3.3420427443e-12
4.00801603206 3.26790464304e-12
4.02805611222 3.18750398135e-12
4.04809619238 3.10562443548e-12
4.06813627255 3.02455766976e-12
4.08817635271 2.94968027364e-12
4.10821643287 2.88283614431e-12
4.12825651303 2.81664585896e-12
4.14829659319 2.75085548127e-12
4.16833667335 2.68334983651e-12
4.18837675351 2.61649481967e-12
4.20841683367 2.55028103652e-12
4.22845691383 2.48929844027e-12
4.24849699399 2.43031073872e-12
4.26853707415 2.37188077301e-12
4.28857715431 2.31259425736e-12
4.30861723447 2.25203673865e-12
4.32865731463 2.19204367126e-12
4.34869739479 2.13326526002e-12
4.36873747495 2.0806719504e-12
4.38877755511 2.02856209529e-12
4.40881763527 1.976929037e-12
4.42885771543 1.92935250909e-12
4.44889779559 1.88324897946e-12
4.46893787575 1.8375615692e-12
4.48897795591 1.79190254278e-12
4.50901803607 1.74617600699e-12
4.52905811623 1.70085661238e-12
4.54909819639 1.65616220183e-12
4.56913827655 1.61358376431e-12
4.58917835671 1.57137941203e-12
4.60921843687 1.52954422125e-12
4.62925851703 1.48853356774e-12
4.64929859719 1.44800439559e-12
4.66933867735 1.40782510384e-12
4.68937875752 1.37009465392e-12
4.70941883768 1.33520018349e-12
4.72945891784 1.30060310188e-12
4.749498998 1.26595177161e-12
4.76953907816 1.22916175398e-12
4.78957915832 1.19268126325e-12
4.80961923848 1.15650639828e-12
4.82965931864 1.1239790249e-12
4.8496993988 1.09258208875e-12
4.86973947896 1.06144492629e-12
4.88977955912 1.03124184352e-12
4.90981963928 1.00206318494e-12
4.92985971944 9.73122972005e-13
4.9498997996 9.4480031143e-13
4.96993987976 9.19144552629e-13
4.98997995992 8.93695910014e-13
5.01002004008 8.68919287253e-13
5.03006012024 8.4477306888e-13
5.0501002004 8.20819434793e-13
5.07014028056 7.98308341457e-13
5.09018036072 7.76001081654e-13
5.11022044088 7.53869626898e-13
5.13026052104 7.31911901325e-13
5.1503006012 7.10125861723e-13
5.17034068136 6.90049205157e-13
5.19038076152 6.70227246612e-13
5.21042084168 6.50558473717e-13
5.23046092184 6.31041112778e-13
5.250501002 6.11673417461e-13
5.27054108216 5.94209076777e-13
5.29058116232 5.77074101663e-13
5.31062124248 5.60069028769e-13
5.33066132265 5.4319238254e-13
5.35070140281 5.26442709751e-13
5.37074148297 5.102998017e-13
5.39078156313 4.94356388527e-13
5.41082164329 4.78531581685e-13
5.43086172345 4.6282405918e-13
5.45090180361 4.47232518647e-13
5.47094188377 4.33283624305e-13
5.49098196393 4.19775222765e-13
5.51102204409 4.06365473974e-13
5.53106212425 3.930532984e-13
5.55110220441 3.79837632256e-13
5.57114228457 3.67273955187e-13
5.59118236473 3.54959160085e-13
5.61122244489 3.42732679729e-13
5.63126252505 3.30593565142e-13
5.65130260521 3.18540880931e-13
5.67134268537 3.0758615512e-13
5.69138276553 2.97068232989e-13
5.71142284569 2.86624407677e-13
5.73146292585 2.76253896998e-13
5.75150300601 2.65955929773e-13
5.77154308617 2.5609632933e-13
5.79158316633 2.46464057705e-13
5.81162324649 2.36898463131e-13
5.83166332665 2.27398854001e-13
5.85170340681 2.17964548271e-13
5.87174348697 2.09042883493e-13
5.89178356713 2.00415681053e-13
5.91182364729 1.91847178122e-13
5.93186372745 1.83336776237e-13
5.95190380762 1.74883885068e-13
5.97194388778 1.67315102117e-13
5.99198396794 1.60310692779e-13
6.0120240481 1.53353144106e-13
6.03206412826 1.46441986282e-13
6.05210420842 1.39576755771e-13
6.07214428858 1.33100067684e-13
6.09218436874 1.2691808827e-13
6.1122244489 1.20776784598e-13
6.13226452906 1.14675755584e-13
6.15230460922 1.08614605417e-13
6.17234468938 1.02792027542e-13
6.19238476954 9.7179484042e-14
6.2124248497 9.16032692117e-14
6.23246492986 8.60630306575e-14
6.25250501002 8.05584205421e-14
6.27254509018 7.55083257574e-14
6.29258517034 7.09168976855e-14
6.3126252505 6.63547153695e-14
6.33266533066 6.18214996122e-14
6.35270541082 5.73169747703e-14
6.37274549098 5.31298469919e-14
6.39278557114 4.93147118435e-14
6.4128256513 4.55234964931e-14
6.43286573146 4.17559761505e-14
6.45290581162 3.80119288427e-14
6.47294589178 3.47196350683e-14
6.49298597194 3.20519643204e-14
6.5130260521 2.94007629098e-14
6.53306613226 2.67658783836e-14
6.55310621242 2.41471601719e-14
6.57314629259 2.18429199357e-14
6.59318637275 2.00513770592e-14
6.61322645291 1.82707286251e-14
6.63326653307 1.65008752503e-14
6.65330661323 1.47417187622e-14
6.67334669339 1.30524278097e-14
6.69338677355 1.14914696753e-14
6.71342685371 9.93986131858e-15
6.73346693387 8.39751872262e-15
6.75350701403 6.86435887928e-15
6.77354709419 5.50063489344e-15
6.79358717435 4.53087582463e-15
6.81362725451 3.56684180014e-15
6.83366733467 2.60848207069e-15
6.85370741483 1.65574648903e-15
6.87374749499 9.05210618434e-16
6.89378757515 7.39389712566e-16
6.91382765531 5.74538955563e-16
6.93386773547 4.10649723492e-16
6.95390781563 2.47713497303e-16
6.97394789579 1.16332831178e-16
6.99398797595 9.90851059756e-17
7.01402805611 8.19419792888e-17
7.03406813627 6.49023953463e-17
7.05410821643 4.7965314755e-17
7.07414829659 3.30407432925e-17
7.09418837675 2.73974106079e-17
7.11422845691 2.17909428671e-17
7.13426853707 1.6220892013e-17
7.15430861723 1.06868187468e-17
7.17434869739 5.8824265216e-18
7.19438877756 5.68808865286e-18
7.21442885772 5.4991308227e-18
7.23446893788 5.31539104109e-18
7.25450901804 5.1367123069e-18
7.2745490982 4.964764769e-18
7.29458917836 4.81573861147e-18
7.31462925852 4.67122119497e-18
7.33466933868 4.5310748645e-18
7.35470941884 4.39516621211e-18
7.374749499 4.26336594423e-18
7.39478957916 4.13554875324e-18
7.41482965932 4.01159319313e-18
7.43486973948 3.89138155904e-18
7.45490981964 3.77479977064e-18
7.4749498998 3.66173725918e-18
7.49498997996 3.55208685815e-18
7.51503006012 3.44574469732e-18
7.53507014028 3.3426101002e-18
7.55511022044 3.24258548467e-18
7.5751503006 3.1455762668e-18
7.59519038076 3.05149076765e-18
7.61523046092 2.96024012303e-18
7.63527054108 2.87173819613e-18
7.65531062124 2.78590149281e-18
7.6753507014 2.70264907966e-18
7.69539078156 2.62190250456e-18
7.71543086172 2.54358571978e-18
7.73547094188 2.46762500745e-18
7.75551102204 2.39394890741e-18
7.7755511022 2.32248814734e-18
7.79559118236 2.25317557498e-18
7.81563126253 2.1859460926e-18
7.83567134269 2.12073659345e-18
7.85571142285 2.05748590021e-18
7.87575150301 1.99613470536e-18
7.89579158317 1.93662551347e-18
7.91583166333 1.8789025852e-18
7.93587174349 1.82291188314e-18
7.95591182365 1.76860101929e-18
7.97595190381 1.71591920417e-18
7.99599198397 1.66481719758e-18
8.01603206413 1.61524726084e-18
8.03607214429 1.56716311054e-18
8.05611222445 1.52051987371e-18
8.07615230461 1.47527404442e-18
8.09619238477 1.43138344174e-18
8.11623246493 1.38880716893e-18
8.13627254509 1.347505574e-18
8.15631262525 1.30744021143e-18
8.17635270541 1.2685738051e-18
8.19639278557 1.2308702124e-18
8.21643286573 1.19429438939e-18
8.23647294589 1.15881235709e-18
8.25651302605 1.12439116883e-18
8.27655310621 1.09099887855e-18
8.29659318637 1.05860451015e-18
8.31663326653 1.02717802775e-18
8.33667334669 9.96690306887e-19
8.35671342685 9.67113106593e-19
8.37675350701 9.3841904235e-19
8.39679358717 9.10581559876e-19
8.41683366733 8.83574909718e-19
8.43687374749 8.57374122638e-19
8.45691382766 8.31954985757e-19
8.47695390782 8.07294019432e-19
8.49699398798 7.83368454854e-19
8.51703406814 7.60156212334e-19
8.5370741483 7.37635880258e-19
8.55711422846 7.15786694696e-19
8.57715430862 6.94588519631e-19
8.59719438878 6.74021827809e-19
8.61723446894 6.5406768217e-19
8.6372745491 6.34707717855e-19
8.65731462926 6.15924124767e-19
8.67735470942 5.97699630667e-19
8.69739478958 5.80017484793e-19
8.71743486974 5.62861441978e-19
8.7374749499 5.46215747262e-19
8.75751503006 5.30065120975e-19
8.77755511022 5.14394744276e-19
8.79759519038 4.99190245138e-19
8.81763527054 4.84437684767e-19
8.8376753507 4.70123544427e-19
8.85771543086 4.56234712685e-19
8.87775551102 4.4275847303e-19
8.89779559118 4.29682491889e-19
8.91783567134 4.16994806995e-19
8.9378757515 4.0468381612e-19
8.95791583166 3.92738266152e-19
8.97795591182 3.81147242507e-19
8.99799599198 3.69900158859e-19
9.01803607214 3.58986747194e-19
9.0380761523 3.4839704816e-19
9.05811623246 3.38121401717e-19
9.07815631263 3.28150438071e-19
9.09819639279 3.18475068884e-19
9.11823647295 3.09086478756e-19
9.13827655311 2.99976116963e-19
9.15831663327 2.9113568945e-19
9.17835671343 2.82557151066e-19
9.19839679359 2.7423269804e-19
9.21843687375 2.66154760683e-19
9.23847695391 2.58315996313e-19
9.25851703407 2.50709282396e-19
9.27855711423 2.43327709896e-19
9.29859719439 2.3616457683e-19
9.31863727455 2.29213382013e-19
9.33867735471 2.22467819002e-19
9.35871743487 2.15921770216e-19
9.37875751503 2.09569301242e-19
9.39879759519 2.03404655306e-19
9.41883767535 1.97422247922e-19
9.43887775551 1.91616661699e-19
9.45891783567 1.85982641298e-19
9.47895791583 1.80515088561e-19
9.49899799599 1.75209057766e-19
9.51903807615 1.70059751043e-19
9.53907815631 1.65062513922e-19
9.55911823647 1.60212831015e-19
9.57915831663 1.55506321835e-19
9.59919839679 1.5093873673e-19
9.61923847695 1.46505952958e-19
9.63927855711 1.42203970864e-19
9.65931863727 1.38028910182e-19
9.67935871743 1.33977006447e-19
9.6993987976 1.30044607516e-19
9.71943887776 1.26228170193e-19
9.73947895792 1.2252425696e-19
9.75951903808 1.18929532797e-19
9.77955911824 1.15440762113e-19
9.7995991984 1.12054805759e-19
9.81963927856 1.08768618133e-19
9.83967935872 1.05579244377e-19
9.85971943888 1.02483817651e-19
9.87975951904 9.94795564978e-20
9.8997995992 0.0
9.91983967936 0.0
9.93987975952 0.0
9.95991983968 0.0
9.97995991984 0.0
10.0 0.0
