0.0 0.0
0.0200400801603 0.0
0.0400801603206 0.0
0.060120240481 0.0
0.0801603206413 0.0
0.100200400802 0.0
0.120240480962 0.0
0.140280561122 0.0
0.160320641283 0.0
0.180360721443 0.0
0.200400801603 6.1550734219e-11
0.220440881764 1.0659099998e-09
0.240480961924 8.37866951372e-10
0.260521042084 2.40053546057e-11
0.280561122244 2.48681591519e-11
0.300601202405 2.56903940115e-11
0.320641282565 2.6904345429e-11
0.340681362725 2.85800207391e-11
0.360721442886 2.95342212469e-11
0.380761523046 3.03448196298e-11
0.400801603206 3.108377158e-11
0.420841683367 3.17820754656e-11
0.440881763527 3.24400938529e-11
0.460921843687 3.30471210611e-11
0.480961923848 3.35867912209e-11
0.501002004008 3.40209338288e-11
0.521042084168 3.44271082725e-11
0.541082164329 3.48030791127e-11
0.561122244489 3.51431535058e-11
0.581162324649 3.54622756658e-11
0.60120240481 3.57618946919e-11
0.62124248497 3.60209464852e-11
0.64128256513 3.62502648131e-11
0.661322645291 3.64689132128e-11
0.681362725451 3.66285530354e-11
0.701402805611 3.66331906531e-11
0.721442885772 3.664024871e-11
0.741482965932 3.66467453369e-11
0.761523046092 3.66047245579e-11
0.781563126253 3.65625549367e-11
0.801603206413 3.6526332268e-11
0.821643286573 3.63493497554e-11
0.841683366733 3.60833185159e-11
0.861723446894 3.58309981212e-11
0.881763527054 3.55132860722e-11
0.901803607214 3.49954496133e-11
0.921843687375 3.45021201013e-11
0.941883767535 3.4030611367e-11
0.961923847695 3.34637246199e-11
0.981963927856 3.29128087433e-11
1.00200400802 3.23871561676e-11
1.02204408818 3.19368097081e-11
1.04208416834 3.15392751838e-11
1.0621242485 3.11566502357e-11
1.08216432866 3.07736208787e-11
1.10220440882 3.03714772789e-11
1.12224448898 2.9984497392e-11
1.14228456914 2.96154974021e-11
1.1623246493 2.91327363974e-11
1.18236472946 2.8658896388e-11
1.20240480962 2.82014843583e-11
1.22244488978 2.77501933391e-11
1.24248496994 2.73080560747e-11
1.2625250501 2.68803157111e-11
1.28256513026 2.64722729642e-11
1.30260521042 2.60932125629e-11
1.32264529058 2.5726049303e-11
1.34268537074 2.53701555257e-11
1.3627254509 2.50673886318e-11
1.38276553106 2.47759394052e-11
1.40280561122 2.44924779996e-11
1.42284569138 2.41855334378e-11
1.44288577154 2.38683497957e-11
1.4629258517 2.35599695484e-11
1.48296593186 2.32641574257e-11
1.50300601202 2.29869205771e-11
1.52304609218 2.27171770004e-11
1.54308617234 2.24564556299e-11
1.56312625251 2.215175978e-11
1.58316633267 2.18528295669e-11
1.60320641283 2.15615561643e-11
1.62324649299 2.12786037659e-11
1.64328657315 2.10032622503e-11
1.66332665331 2.07344766886e-11
1.68336673347 2.04834463274e-11
1.70340681363 2.02654942442e-11
1.72344689379 2.00527168179e-11
1.74348697395 1.98447888727e-11
1.76352705411 1.9524341274e-11
1.78356713427 1.9207586726e-11
1.80360721443 1.88980001134e-11
1.82364729459 1.86329394897e-11
1.84368737475 1.83946753681e-11
1.86372745491 1.81616188623e-11
1.88376753507 1.79659695859e-11
1.90380761523 1.78458276765e-11
1.92384769539 1.77282369399e-11
1.94388777555 1.76131165697e-11
1.96392785571 1.73768952905e-11
1.98396793587 1.71430171495e-11
2.00400801603 1.69113959897e-11
2.02404809619 1.66945998462e-11
2.04408817635 1.64821337191e-11
2.06412825651 1.62738650153e-11
2.08416833667 1.60705280635e-11
2.10420841683 1.58729334608e-11
2.12424849699 1.56791291693e-11
2.14428857715 1.54890067383e-11
2.16432865731 1.52943243466e-11
2.18436873747 1.51031908602e-11
2.20440881764 1.49155856082e-11
2.2244488978 1.47073279821e-11
2.24448897796 1.44905703576e-11
2.26452905812 1.42777005509e-11
2.28456913828 1.40649445786e-11
2.30460921844 1.38485689333e-11
2.3246492986 1.36359704042e-11
2.34468937876 1.34270785671e-11
2.36472945892 1.32634942338e-11
2.38476953908 1.31026953028e-11
2.40480961924 1.29446109795e-11
2.4248496994 1.27847619354e-11
2.44488977956 1.2625418687e-11
2.46492985972 1.24686977056e-11
2.48496993988 1.22941621209e-11
2.50501002004 1.20833767277e-11
2.5250501002 1.18759706705e-11
2.54509018036 1.16727630372e-11
2.56513026052 1.15530420881e-11
2.58517034068 1.14351996385e-11
2.60521042084 1.13191916683e-11
2.625250501 1.11621201859e-11
2.64529058116 1.09875406557e-11
2.66533066132 1.08156107219e-11
2.68537074148 1.06476120498e-11
2.70541082164 1.04845846403e-11
2.7254509018 1.03239761071e-11
2.74549098196 1.01662284595e-11
2.76553106212 1.00333552108e-11
2.78557114228 9.90241127219e-12
2.80561122244 9.77335479554e-12
2.82565130261 9.59559787708e-12
2.84569138277 9.39796697782e-12
2.86573146293 9.20312004282e-12
2.88577154309 9.03680292315e-12
2.90581162325 8.91804642401e-12
2.92585170341 8.80093014084e-12
2.94589178357 8.68435936087e-12
2.96593186373 8.53716099658e-12
2.98597194389 8.39195247575e-12
3.00601202405 8.24869360962e-12
3.02605210421 8.10510764994e-12
3.04609218437 7.96247914549e-12
3.06613226453 7.82172743319e-12
3.08617234469 7.68576927167e-12
3.10621242485 7.55653301848e-12
3.12625250501 7.42896439265e-12
3.14629258517 7.30352260076e-12
3.16633266533 7.19081345926e-12
3.18637274549 7.07953119501e-12
3.20641282565 6.96964881039e-12
3.22645290581 6.83946700137e-12
3.24649298597 6.7021943897e-12
3.26653306613 6.56661546847e-12
3.28657314629 6.42770701077e-12
3.30661322645 6.28247215658e-12
3.32665330661 6.1389961554e-12
3.34669338677 5.99896632735e-12
3.36673346693 5.89155147607e-12
3.38677354709 5.78541468895e-12
3.40681362725 5.68053323539e-12
3.42685370741 5.57148361396e-12
3.44689378758 5.46164554714e-12
3.46693386774 5.3530836215e-12
3.4869739479 5.24757474654e-12
3.50701402806 5.14604539951e-12
3.52705410822 5.0456754006e-12
3.54709418838 4.94568723823e-12
3.56713426854 4.83556019333e-12
3.5871743487 4.72666913341e-12
3.60721442886 4.61899332236e-12
3.62725450902 4.51759908441e-12
3.64729458918 4.41916853631e-12
3.66733466934 4.32181839502e-12
3.6873747495 4.2287161812e-12
3.70741482966 4.14131971578e-12
3.72745490982 4.05486702081e-12
3.74749498998 3.96959839567e-12
3.76753507014 3.88846770981e-12
3.7875751503 3.80819912926e-12
3.80761523046 3.72877895646e-12
3.82765531062 3.63961141041e-12
3.84769539078 3.54773736516e-12
3.86773547094 3.45681894575e-12
3.8877755511 3.37197230627e-12
3.90781563126 3.29524729465e-12
3.92785571142 3.2193081405e-12
3.94789579158 3.14467439408e-12
3.96793587174 3.07661398392e-12
3.9879759519 3.0092401478e-12
4.00801603206 2.94254252823e-12
4.02805611222 2.87020248433e-12
4.04809619238 2.79652721136e-12
4.06813627255 2.72358027198e-12
4.08817635271 2.65620330187e-12
4.10821643287 2.59605710888e-12
4.12825651303 2.53649687758e-12
4.14829659319 2.47729402135e-12
4.16833667335 2.41654380312e-12
4.18837675351 2.35637683338e-12
4.20841683367 2.29678473738e-12
4.22845691383 2.24190127779e-12
4.24849699399 2.18881211155e-12
4.26853707415 2.13622303638e-12
4.28857715431 2.08286036272e-12
4.30861723447 2.02835081887e-12
4.32865731463 1.97434752508e-12
4.34869739479 1.92143617421e-12
4.36873747495 1.87409370814e-12
4.38877755511 1.82718490249e-12
4.40881763527 1.78070381517e-12
4.42885771543 1.73787488812e-12
4.44889779559 1.69637120377e-12
4.46893787575 1.6552408547e-12
4.48897795591 1.61413462371e-12
4.50901803607 1.57296616045e-12
4.52905811623 1.5321630538e-12
4.54909819639 1.49192158035e-12
4.56913827655 1.45358490465e-12
4.58917835671 1.41558397502e-12
4.60921843687 1.37791439246e-12
4.62925851703 1.34098642118e-12
4.64929859719 1.30449106303e-12
4.66933867735 1.2683097987e-12
4.68937875752 1.23433359698e-12
4.70941883768 1.20291133194e-12
4.72945891784 1.1717560641e-12
4.749498998 1.1405510211e-12
4.76953907816 1.10741827419e-12
4.78957915832 1.07456347921e-12
4.80961923848 1.04198314748e-12
4.82965931864 1.01268821129e-12
4.8496993988 9.84410991231e-13
4.86973947896 9.56367079387e-13
4.88977955912 9.29164043392e-13
4.90981963928 9.02883324157e-13
4.92985971944 8.76816784886e-13
4.9498997996 8.51306028373e-13
4.96993987976 8.28197616504e-13
4.98997995992 8.05275261197e-13
5.01002004008 7.82957880346e-13
5.03006012024 7.61208003513e-13
5.0501002004 7.39631149934e-13
5.07014028056 7.19353642967e-13
5.09018036072 6.99259344789e-13
5.11022044088 6.79323012093e-13
5.13026052104 6.59542786377e-13
5.1503006012 6.39916838235e-13
5.17034068136 6.21830831257e-13
5.19038076152 6.03973954456e-13
5.21042084168 5.86254743748e-13
5.23046092184 5.68671610635e-13
5.250501002 5.51222991016e-13
5.27054108216 5.35489251852e-13
5.29058116232 5.20052012081e-13
5.31062124248 5.04731532533e-13
5.33066132265 4.89526491321e-13
5.35070140281 4.74435586474e-13
5.37074148297 4.59891213275e-13
5.39078156313 4.45526355122e-13
5.41082164329 4.31268122738e-13
5.43086172345 4.17115331439e-13
5.45090180361 4.0306681406e-13
5.47094188377 3.90498461187e-13
5.49098196393 3.78326879074e-13
5.51102204409 3.66243997058e-13
5.53106212425 3.54248847475e-13
5.55110220441 3.42340476714e-13
5.57114228457 3.310195267e-13
5.59118236473 3.1992270249e-13
5.61122244489 3.0890529532e-13
5.63126252505 2.9796645432e-13
5.65130260521 2.87105340756e-13
5.67134268537 2.77233650806e-13
5.69138276553 2.67755503515e-13
5.71142284569 2.58343996416e-13
5.73146292585 2.48998428018e-13
5.75150300601 2.3971810666e-13
5.77154308617 2.3083276404e-13
5.79158316633 2.22152193366e-13
5.81162324649 2.13531598008e-13
5.83166332665 2.04970357556e-13
5.85170340681 1.96467860146e-13
5.87174348697 1.8842732131e-13
5.89178356713 1.8065209241e-13
5.91182364729 1.72929669837e-13
5.93186372745 1.6525951661e-13
5.95190380762 1.57641103023e-13
5.97194388778 1.50819517033e-13
5.99198396794 1.44506567333e-13
6.0120240481 1.382357783e-13
6.03206412826 1.32006728295e-13
6.05210420842 1.25819001294e-13
6.07214428858 1.19981437399e-13
6.09218436874 1.14409459962e-13
6.1122244489 1.08874082787e-13
6.13226452906 1.03374945844e-13
6.15230460922 9.79116938179e-14
6.17234468938 9.26634383158e-14
6.19238476954 8.76044582961e-14
6.2124248497 8.25781706953e-14
6.23246492986 7.75842591247e-14
6.25250501002 7.26224112749e-14
6.27254509018 6.80702395533e-14
6.29258517034 6.39314932863e-14
6.3126252505 5.98190681993e-14
6.33266533066 5.57327135713e-14
6.35270541082 5.16721818638e-14
6.37274549098 4.78977385372e-14
6.39278557114 4.44586056817e-14
6.4128256513 4.1041002836e-14
6.43286573146 3.76447280975e-14
6.45290581162 3.42695820874e-14
6.47294589178 3.13016635901e-14
6.49298597194 2.88968225543e-14
6.5130260521 2.65068069426e-14
6.53306613226 2.41314797931e-14
6.55310621242 2.1770705832e-14
6.57314629259 1.96934218417e-14
6.59318637275 1.80783329767e-14
6.61322645291 1.64730521629e-14
6.63326653307 1.48774900927e-14
6.65330661323 1.32915585444e-14
6.67334669339 1.17686011546e-14
6.69338677355 1.03613301431e-14
6.71342685371 8.96247732384e-15
6.73346693387 7.57196718517e-15
6.75350701403 6.18972512004e-15
6.77354709419 4.96023017507e-15
6.79358717435 4.08591301472e-15
6.81362725451 3.21675116039e-15
6.83366733467 2.3526989846e-15
6.85370741483 1.49371140027e-15
6.87374749499 8.17017989766e-16
6.89378757515 6.67492056825e-16
6.91382765531 5.18840445468e-16
6.93386773547 3.71055380437e-16
6.95390781563 2.24129181295e-16
6.97394789579 1.05653159788e-16
6.99398797595 9.00797977124e-17
7.01402805611 7.46013271019e-17
7.03406813627 5.92167770457e-17
7.05410821643 4.39251920144e-17
7.07414829659 3.04486498705e-17
7.09418837675 2.53407928714e-17
7.11422845691 2.02667385583e-17
7.13426853707 1.52260653502e-17
7.15430861723 1.02183601142e-17
7.17434869739 5.86907282734e-18
7.19438877756 5.67688161917e-18
7.21442885772 5.49005454577e-18
7.23446893788 5.3084298799e-18
7.25450901804 5.13185087584e-18
7.2745490982 4.96180870401e-18
7.29458917836 4.81288702706e-18
7.31462925852 4.6684703358e-18
7.33466933868 4.5284211127e-18
7.35470941884 4.39260608216e-18
7.374749499 4.26089607801e-18
7.39478957916 4.13316591529e-18
7.41482965932 4.00929426607e-18
7.43486973948 3.88916353919e-18
7.45490981964 3.77265976376e-18
7.4749498998 3.65967247645e-18
7.49498997996 3.55009461222e-18
7.51503006012 3.44382239855e-18
7.53507014028 3.34075525305e-18
7.55511022044 3.2407956842e-18
7.5751503006 3.14384919534e-18
7.59519038076 3.04982419154e-18
7.61523046092 2.95863188956e-18
7.63527054108 2.8701862305e-18
7.65531062124 2.7844037953e-18
7.6753507014 2.70120372283e-18
7.69539078156 2.62050763061e-18
7.71543086172 2.54223953798e-18
7.73547094188 2.46632579166e-18
7.75551102204 2.39269499375e-18
7.7755511022 2.32127793183e-18
7.79559118236 2.25200751141e-18
7.81563126253 2.1848186904e-18
7.83567134269 2.11964841561e-18
7.85571142285 2.05643556136e-18
7.87575150301 1.99512086988e-18
7.89579158317 1.93564689364e-18
7.91583166333 1.8779579395e-18
7.93587174349 1.82200001451e-18
7.95591182365 1.76772077354e-18
7.97595190381 1.71506946842e-18
7.99599198397 1.66399689875e-18
8.01603206413 1.61445536419e-18
8.03607214429 1.56639861827e-18
8.05611222445 1.51978182366e-18
8.07615230461 1.47456150875e-18
8.09619238477 1.43069552565e-18
8.11623246493 1.38814300952e-18
8.13627254509 1.34686433909e-18
8.15631262525 1.30682109844e-18
8.17635270541 1.26797603999e-18
8.19639278557 1.23029304863e-18
8.21643286573 1.19373710693e-18
8.23647294589 1.15827426146e-18
8.25651302605 1.12387159019e-18
8.27655310621 1.09049717079e-18
8.29659318637 1.05812005006e-18
8.31663326653 1.02671021418e-18
8.33667334669 9.96238559954e-19
8.35671342685 9.66676866915e-19
8.37675350701 9.37997770316e-19
8.39679358717 9.10174734929e-19
8.41683366733 8.83182029678e-19
8.43687374749 8.56994703037e-19
8.45691382766 8.31588559207e-19
8.47695390782 8.06940135013e-19
8.49699398798 7.83026677524e-19
8.51703406814 7.59826122361e-19
8.5370741483 7.37317072673e-19
8.55711422846 7.15478778765e-19
8.57715430862 6.94291118347e-19
8.59719438878 6.73734577402e-19
8.61723446894 6.53790231635e-19
8.6372745491 6.34439728499e-19
8.65731462926 6.15665269767e-19
8.67735470942 5.97449594651e-19
8.69739478958 5.79775963428e-19
8.71743486974 5.62628141583e-19
8.7374749499 5.45990384427e-19
8.75751503006 5.29847422196e-19
8.77755511022 5.14184445604e-19
8.79759519038 4.9898709184e-19
8.81763527054 4.84241430999e-19
8.8376753507 4.6993395292e-19
8.85771543086 4.56051554441e-19
8.87775551102 4.4258152703e-19
8.89779559118 4.2951154481e-19
8.91783567134 4.16829652937e-19
8.9378757515 4.04524256347e-19
8.95791583166 3.92584108838e-19
8.97795591182 3.8099830249e-19
8.99799599198 3.69756257408e-19
9.01803607214 3.58847711783e-19
9.0380761523 3.48262712248e-19
9.05811623246 3.37991604538e-19
9.07815631263 3.28025024431e-19
9.09819639279 3.18353888966e-19
9.11823647295 3.08969387928e-19
9.13827655311 2.998629756e-19
9.15831663327 2.91026362754e-19
9.17835671343 2.82451508902e-19
9.19839679359 2.74130614768e-19
9.21843687375 2.66056115002e-19
9.23847695391 2.5822067111e-19
9.25851703407 2.50617164597e-19
9.27855711423 2.43238690328e-19
9.29859719439 2.36078550082e-19
9.31863727455 2.29130246306e-19
9.33867735471 2.22387476061e-19
9.35871743487 2.15844125149e-19
9.37875751503 2.09494262421e-19
9.39879759519 2.03332134253e-19
9.41883767535 1.97352159202e-19
9.43887775551 1.91548922809e-19
9.45891783567 1.8591717257e-19
9.47895791583 1.80451813058e-19
9.49899799599 1.75147901194e-19
9.51903807615 1.70000641653e-19
9.53907815631 1.65005382424e-19
9.55911823647 1.60157610494e-19
9.57915831663 1.55452947664e-19
9.59919839679 1.50887146497e-19
9.61923847695 1.46456086384e-19
9.63927855711 1.42155769731e-19
9.65931863727 1.37982318263e-19
9.67935871743 1.33931969434e-19
9.6993987976 1.30001072957e-19
9.71943887776 1.26186087426e-19
9.73947895792 1.22483577049e-19
9.75951903808 1.18890208477e-19
9.77955911824 1.1540274773e-19
9.7995991984 1.12018057213e-19
9.81963927856 1.08733092827e-19
9.83967935872 1.05544901162e-19
9.85971943888 1.02450616779e-19
9.87975951904 9.94474595744e-20
9.8997995992 0.0
9.91983967936 0.0
9.93987975952 0.0
9.95991983968 0.0
9.97995991984 0.0
10.0 0.0
