0.0 0.0
0.0200400801603 0.0
0.0400801603206 0.0
0.060120240481 0.0
0.0801603206413 0.0
0.100200400802 0.0
0.120240480962 0.0
0.140280561122 0.0
0.160320641283 0.0
0.180360721443 0.0
0.200400801603 0.0
0.220440881764 0.0
0.240480961924 0.0
0.260521042084 0.0
0.280561122244 0.0
0.300601202405 0.0
0.320641282565 0.0
0.340681362725 8.36663817845e-11
0.360721442886 6.1370490124e-11
0.380761523046 5.36473289604e-11
0.400801603206 4.97928725739e-11
0.420841683367 4.75911553456e-11
0.440881763527 4.62402071694e-11
0.460921843687 4.53645936548e-11
0.480961923848 4.47559232713e-11
0.501002004008 4.42587084384e-11
0.521042084168 4.39094633992e-11
0.541082164329 4.36600639968e-11
0.561122244489 4.34719343088e-11
0.581162324649 4.33416078878e-11
0.60120240481 4.32546186444e-11
0.62124248497 4.3173423069e-11
0.64128256513 4.31021172775e-11
0.661322645291 4.30561468505e-11
0.681362725451 4.29727205344e-11
0.701402805611 4.27362007178e-11
0.721442885772 4.25280289697e-11
0.741482965932 4.23412982782e-11
0.761523046092 4.21176237383e-11
0.781563126253 4.19106114902e-11
0.801603206413 4.17249375381e-11
0.821643286573 4.13916909014e-11
0.841683366733 4.09696069508e-11
0.861723446894 4.05745433747e-11
0.881763527054 4.01158098283e-11
0.901803607214 3.94407907812e-11
0.921843687375 3.88026551973e-11
0.941883767535 3.81973451989e-11
0.961923847695 3.74924785117e-11
0.981963927856 3.68124644992e-11
1.00200400802 3.61667937016e-11
1.02204408818 3.56106304516e-11
1.04208416834 3.51181540668e-11
1.0621242485 3.46466302962e-11
1.08216432866 3.4178750771e-11
1.10220440882 3.36931977661e-11
1.12224448898 3.32277450559e-11
1.14228456914 3.27849003677e-11
1.1623246493 3.22189244814e-11
1.18236472946 3.16655585665e-11
1.20240480962 3.11328601507e-11
1.22244488978 3.06092221611e-11
1.24248496994 3.009780054e-11
1.2625250501 2.96042097189e-11
1.28256513026 2.91341328799e-11
1.30260521042 2.86975787004e-11
1.32264529058 2.82755908585e-11
1.34268537074 2.78673615678e-11
1.3627254509 2.75187340273e-11
1.38276553106 2.71836457298e-11
1.40280561122 2.68584021947e-11
1.42284569138 2.65084029578e-11
1.44288577154 2.61481091956e-11
1.4629258517 2.57983470323e-11
1.48296593186 2.54631862088e-11
1.50300601202 2.51491081963e-11
1.52304609218 2.48439222222e-11
1.54308617234 2.45491060932e-11
1.56312625251 2.42068322247e-11
1.58316633267 2.38714681466e-11
1.60320641283 2.35450381384e-11
1.62324649299 2.32282282513e-11
1.64328657315 2.29202263938e-11
1.66332665331 2.26198645129e-11
1.68336673347 2.23393480098e-11
1.70340681363 2.2095307634e-11
1.72344689379 2.18572729294e-11
1.74348697395 2.16248778103e-11
1.76352705411 2.12702060994e-11
1.78356713427 2.09199262491e-11
1.80360721443 2.05778005832e-11
1.82364729459 2.02844822743e-11
1.84368737475 2.00206239751e-11
1.86372745491 1.97626974624e-11
1.88376753507 1.95457224833e-11
1.90380761523 1.94111098374e-11
1.92384769539 1.92794507019e-11
1.94388777555 1.91506476925e-11
1.96392785571 1.88903421829e-11
1.98396793587 1.86327856858e-11
2.00400801603 1.83780689937e-11
2.02404809619 1.81392311938e-11
2.04408817635 1.79054766969e-11
2.06412825651 1.7676441888e-11
2.08416833667 1.74529155479e-11
2.10420841683 1.72357692646e-11
2.12424849699 1.7022874874e-11
2.14428857715 1.68141073657e-11
2.16432865731 1.66005133586e-11
2.18436873747 1.63908909794e-11
2.20440881764 1.61852115745e-11
2.2244488978 1.5957231378e-11
2.24448897796 1.57201391577e-11
2.26452905812 1.54873724971e-11
2.28456913828 1.52548322103e-11
2.30460921844 1.50184651451e-11
2.3246492986 1.47862903017e-11
2.34468937876 1.45582264188e-11
2.36472945892 1.43793729461e-11
2.38476953908 1.42036133349e-11
2.40480961924 1.4030867272e-11
2.4248496994 1.38562762863e-11
2.44488977956 1.3682299276e-11
2.46492985972 1.35112273665e-11
2.48496993988 1.3320912496e-11
2.50501002004 1.30913833338e-11
2.5250501002 1.28655819603e-11
2.54509018036 1.26443924914e-11
2.56513026052 1.25136979609e-11
2.58517034068 1.23850823608e-11
2.60521042084 1.22584960797e-11
2.625250501 1.2087480393e-11
2.64529058116 1.1897551705e-11
2.66533066132 1.17105394018e-11
2.68537074148 1.15278290264e-11
2.70541082164 1.13505441846e-11
2.7254509018 1.11759192431e-11
2.74549098196 1.10044308494e-11
2.76553106212 1.08599052906e-11
2.78557114228 1.07175013104e-11
2.80561122244 1.05771721992e-11
2.82565130261 1.03841688835e-11
2.84569138277 1.0169694862e-11
2.86573146293 9.95827100369e-12
2.88577154309 9.77775367568e-12
2.90581162325 9.64872751985e-12
2.92585170341 9.5215009439e-12
2.94589178357 9.39488860232e-12
2.96593186373 9.23516653088e-12
2.98597194389 9.0776230311e-12
3.00601202405 8.92221355071e-12
3.02605210421 8.76647443388e-12
3.04609218437 8.61179439428e-12
3.06613226453 8.45916691284e-12
3.08617234469 8.31174549526e-12
3.10621242485 8.17161421019e-12
3.12625250501 8.03330586526e-12
3.14629258517 7.89731623965e-12
3.16633266533 7.7751125087e-12
3.18637274549 7.65446809499e-12
3.20641282565 7.53535317031e-12
3.22645290581 7.39430675108e-12
3.24649298597 7.24561109549e-12
3.26653306613 7.09876333053e-12
3.28657314629 6.94833253569e-12
3.30661322645 6.79107911619e-12
3.32665330661 6.63574315417e-12
3.34669338677 6.48414785753e-12
3.36673346693 6.36782012805e-12
3.38677354709 6.25288589079e-12
3.40681362725 6.1393201261e-12
3.42685370741 6.0212609024e-12
3.44689378758 5.90236092771e-12
3.46693386774 5.78485117324e-12
3.4869739479 5.67065144925e-12
3.50701402806 5.56076234317e-12
3.52705410822 5.45213575735e-12
3.54709418838 5.34393119635e-12
3.56713426854 5.22478055805e-12
3.5871743487 5.10697498643e-12
3.60721442886 4.99049172791e-12
3.62725450902 4.8808042266e-12
3.64729458918 4.77432707273e-12
3.66733466934 4.66902516899e-12
3.6873747495 4.56832021303e-12
3.70741482966 4.47378654588e-12
3.72745490982 4.38027925149e-12
3.74749498998 4.28805767483e-12
3.76753507014 4.2003123991e-12
3.7875751503 4.1135044016e-12
3.80761523046 4.02761867956e-12
3.82765531062 3.93121008662e-12
3.84769539078 3.83188421061e-12
3.86773547094 3.73359654791e-12
3.8877755511 3.64187267198e-12
3.90781563126 3.55892592169e-12
3.92785571142 3.47683283079e-12
3.94789579158 3.39615434458e-12
3.96793587174 3.32257946602e-12
3.9879759519 3.24975025198e-12
4.00801603206 3.17765537878e-12
4.02805611222 3.09947120827e-12
4.04809619238 3.0198492776e-12
4.06813627255 2.9410179374e-12
4.08817635271 2.86820522131e-12
4.10821643287 2.80320405399e-12
4.12825651303 2.73883887949e-12
4.14829659319 2.67486277125e-12
4.16833667335 2.60921899685e-12
4.18837675351 2.54420807329e-12
4.20841683367 2.47982085943e-12
4.22845691383 2.42052045466e-12
4.24849699399 2.363159988e-12
4.26853707415 2.30634201088e-12
4.28857715431 2.24869132147e-12
4.30861723447 2.18980492094e-12
4.32865731463 2.13146753042e-12
4.34869739479 2.0743113769e-12
4.36873747495 2.02316950299e-12
4.38877755511 1.97249785522e-12
4.40881763527 1.92228995572e-12
4.42885771543 1.87602657115e-12
4.44889779559 1.83119558087e-12
4.46893787575 1.78676931925e-12
4.48897795591 1.74237076735e-12
4.50901803607 1.69790668092e-12
4.52905811623 1.65383858451e-12
4.54909819639 1.61037829437e-12
4.56913827655 1.56897556826e-12
4.58917835671 1.52793667787e-12
4.60921843687 1.48725683281e-12
4.62925851703 1.44737881335e-12
4.64929859719 1.40796904683e-12
4.66933867735 1.36889956885e-12
4.68937875752 1.33221129001e-12
4.70941883768 1.29828063403e-12
4.72945891784 1.26463921292e-12
4.749498998 1.23094511267e-12
4.76953907816 1.19517154605e-12
4.78957915832 1.15969901445e-12
4.80961923848 1.12452372263e-12
4.82965931864 1.09289509611e-12
4.8496993988 1.06236569708e-12
4.86973947896 1.03208894288e-12
4.88977955912 1.00272048477e-12
4.90981963928 9.74348165116e-13
4.92985971944 9.46207745669e-13
4.9498997996 9.18667843856e-13
4.96993987976 8.93721111281e-13
4.98997995992 8.68975808524e-13
5.01002004008 8.44883975799e-13
5.03006012024 8.21405146986e-13
5.0501002004 7.98113613518e-13
5.07014028056 7.76224746695e-13
5.09018036072 7.54534109599e-13
5.11022044088 7.33014448235e-13
5.13026052104 7.11663743212e-13
5.1503006012 6.90480006912e-13
5.17034068136 6.70958385801e-13
5.19038076152 6.516844449e-13
5.21042084168 6.32559479921e-13
5.23046092184 6.13581765459e-13
5.250501002 5.94749602734e-13
5.27054108216 5.77768148919e-13
5.29058116232 5.61106970435e-13
5.31062124248 5.44572123064e-13
5.33066132265 5.28162171448e-13
5.35070140281 5.11875701958e-13
5.37074148297 4.96179226469e-13
5.39078156313 4.8067674572e-13
5.41082164329 4.65289609255e-13
5.43086172345 4.50016531124e-13
5.45090180361 4.34856244476e-13
5.47094188377 4.21293157067e-13
5.49098196393 4.0815838738e-13
5.51102204409 3.95119556415e-13
5.53106212425 3.8217561409e-13
5.55110220441 3.69325525638e-13
5.57114228457 3.57109394135e-13
5.59118236473 3.45135269872e-13
5.61122244489 3.33247029823e-13
5.63126252505 3.21443750912e-13
5.65130260521 3.09724523285e-13
5.67134268537 2.99072872491e-13
5.69138276553 2.88845945233e-13
5.71142284569 2.78691075009e-13
5.73146292585 2.68607500995e-13
5.75150300601 2.58594473075e-13
5.77154308617 2.49007686472e-13
5.79158316633 2.39641945192e-13
5.81162324649 2.30341044796e-13
5.83166332665 2.21104312577e-13
5.85170340681 2.11931085131e-13
5.87174348697 2.03256314367e-13
5.89178356713 1.94867861717e-13
5.91182364729 1.86536491603e-13
5.93186372745 1.78261621927e-13
5.95190380762 1.700426785e-13
5.97194388778 1.62683371163e-13
5.99198396794 1.55872817411e-13
6.0120240481 1.4910783324e-13
6.03206412826 1.42387961684e-13
6.05210420842 1.35712751884e-13
6.07214428858 1.29415331616e-13
6.09218436874 1.23404464969e-13
6.1122244489 1.17433153088e-13
6.13226452906 1.11501005864e-13
6.15230460922 1.05607638316e-13
6.17234468938 9.99462415155e-14
6.19238476954 9.44890675158e-14
6.2124248497 8.90672207256e-14
6.23246492986 8.36803583982e-14
6.25250501002 7.83281422197e-14
6.27254509018 7.34178584398e-14
6.29258517034 6.89535429841e-14
6.3126252505 6.45176669372e-14
6.33266533066 6.01099587469e-14
6.35270541082 5.57301503185e-14
6.37274549098 5.16589519379e-14
6.39278557114 4.79494467859e-14
6.4128256513 4.42632018102e-14
6.43286573146 4.0599998377e-14
6.45290581162 3.69596205939e-14
6.47294589178 3.37584869611e-14
6.49298597194 3.11646785975e-14
6.5130260521 2.85868854103e-14
6.53306613226 2.60249591207e-14
6.55310621242 2.3478753282e-14
6.57314629259 2.12383168706e-14
6.59318637275 1.94963786537e-14
6.61322645291 1.77650344864e-14
6.63326653307 1.60441877046e-14
6.65330661323 1.43337428224e-14
6.67334669339 1.26912295262e-14
6.69338677355 1.11734955041e-14
6.71342685371 9.6648534049e-15
6.73346693387 8.16522151131e-15
6.75350701403 6.6745190875e-15
6.77354709419 5.34856011232e-15
6.79358717435 4.40565386939e-15
6.81362725451 3.46831483121e-15
6.83366733467 2.53649363553e-15
6.85370741483 1.61014150594e-15
6.87374749499 8.80388502014e-16
6.89378757515 7.1915329509e-16
6.91382765531 5.58861672903e-16
6.93386773547 3.9950524158e-16
6.95390781563 2.41075709482e-16
6.97394789579 1.13327843483e-16
6.99398797595 9.65513461249e-17
7.01402805611 7.9876756787e-17
7.03406813627 6.33030426577e-17
7.05410821643 4.68291870433e-17
7.07414829659 3.23122750635e-17
7.09418837675 2.68196551805e-17
7.11422845691 2.13630520172e-17
7.13426853707 1.59420246477e-17
7.15430861723 1.05561408245e-17
7.17434869739 5.87987997245e-18
7.19438877756 5.68610356591e-18
7.21442885772 5.49770431619e-18
7.23446893788 5.31452024929e-18
7.25450901804 5.13639438016e-18
7.2745490982 4.96494638471e-18
7.29458917836 4.81591380715e-18
7.31462925852 4.67139020141e-18
7.33466933868 4.53123790406e-18
7.35470941884 4.39532349899e-18
7.374749499 4.2635176848e-18
7.39478957916 4.13569514635e-18
7.41482965932 4.01173443035e-18
7.43486973948 3.89151782496e-18
7.45490981964 3.77493124312e-18
7.4749498998 3.66186410962e-18
7.49498997996 3.55220925168e-18
7.51503006012 3.44586279309e-18
7.53507014028 3.34272405156e-18
7.55511022044 3.24269543942e-18
7.5751503006 3.14568236735e-18
7.59519038076 3.05159315127e-18
7.61523046092 2.96033892201e-18
7.63527054108 2.87183353796e-18
7.65531062124 2.78599350038e-18
7.6753507014 2.7027378714e-18
7.69539078156 2.62198819464e-18
7.71543086172 2.54366841823e-18
7.73547094188 2.46770482034e-18
7.75551102204 2.39402593699e-18
7.7755511022 2.32256249216e-18
7.79559118236 2.25324733006e-18
7.81563126253 2.18601534953e-18
7.83567134269 2.12080344052e-18
7.85571142285 2.05755042255e-18
7.87575150301 1.99619698504e-18
7.89579158317 1.93668562961e-18
7.91583166333 1.87896061409e-18
7.93587174349 1.82296789834e-18
7.95591182365 1.7686550917e-18
7.97595190381 1.71597140218e-18
7.99599198397 1.66486758713e-18
8.01603206413 1.61529590551e-18
8.03607214429 1.56721007162e-18
8.05611222445 1.52056521032e-18
8.07615230461 1.47531781359e-18
8.09619238477 1.43142569843e-18
8.11623246493 1.38884796616e-18
8.13627254509 1.3475449629e-18
8.15631262525 1.30747824131e-18
8.17635270541 1.26861052353e-18
8.19639278557 1.23090566524e-18
8.21643286573 1.19432862087e-18
8.23647294589 1.15884540989e-18
8.25651302605 1.1244230841e-18
8.27655310621 1.09102969598e-18
8.29659318637 1.05863426804e-18
8.31663326653 1.02720676303e-18
8.33667334669 9.9671805518e-19
8.35671342685 9.67139902269e-19
8.37675350701 9.38444918562e-19
8.39679358717 9.10606548605e-19
8.41683366733 8.83599041816e-19
8.43687374749 8.5739742787e-19
8.45691382766 8.31977492836e-19
8.47695390782 8.07315756061e-19
8.49699398798 7.83389447761e-19
8.51703406814 7.60176487305e-19
8.5370741483 7.37655462173e-19
8.55711422846 7.15805607558e-19
8.57715430862 6.94606786602e-19
8.59719438878 6.74039471237e-19
8.61723446894 6.54084723619e-19
8.6372745491 6.34724178132e-19
8.65731462926 6.1594002395e-19
8.67735470942 5.97714988131e-19
8.69739478958 5.80032319232e-19
8.71743486974 5.62875771434e-19
8.7374749499 5.46229589147e-19
8.75751503006 5.3007849209e-19
8.77755511022 5.14407660836e-19
8.79759519038 4.99202722792e-19
8.81763527054 4.84449738617e-19
8.8376753507 4.70135189049e-19
8.85771543086 4.56245962145e-19
8.87775551102 4.42769340908e-19
8.89779559118 4.29692991288e-19
8.91783567134 4.17004950563e-19
8.9378757515 4.04693616066e-19
8.95791583166 3.9274773426e-19
8.97795591182 3.8115639015e-19
8.99799599198 3.69908997018e-19
9.01803607214 3.58995286466e-19
9.0380761523 3.48405298776e-19
9.05811623246 3.38129373552e-19
9.07815631263 3.28158140659e-19
9.09819639279 3.18482511428e-19
9.11823647295 3.0909367014e-19
9.13827655311 2.99983065764e-19
9.15831663327 2.91142403947e-19
9.17835671343 2.82563639254e-19
9.19839679359 2.74238967637e-19
9.21843687375 2.6616081914e-19
9.23847695391 2.58321850823e-19
9.25851703407 2.50714939905e-19
9.27855711423 2.4333317711e-19
9.29859719439 2.36169860224e-19
9.31863727455 2.29218487839e-19
9.33867735471 2.22472753297e-19
9.35871743487 2.15926538808e-19
9.37875751503 2.09573909759e-19
9.39879759519 2.03409109183e-19
9.41883767535 1.97426552408e-19
9.43887775551 1.9162082186e-19
9.45891783567 1.85986662029e-19
9.47895791583 1.80518974586e-19
9.49899799599 1.75212813649e-19
9.51903807615 1.70063381192e-19
9.53907815631 1.65066022592e-19
9.55911823647 1.60216222317e-19
9.57915831663 1.55509599738e-19
9.59919839679 1.50941905068e-19
9.61923847695 1.46509015433e-19
9.63927855711 1.42206931051e-19
9.65931863727 1.38031771536e-19
9.67935871743 1.33979772303e-19
9.6993987976 1.30047281096e-19
9.71943887776 1.2623075461e-19
9.73947895792 1.22526755217e-19
9.75951903808 1.18931947798e-19
9.77955911824 1.15443096663e-19
9.7995991984 1.12057062567e-19
9.81963927856 1.08770799815e-19
9.83967935872 1.05581353459e-19
9.85971943888 1.02485856575e-19
9.87975951904 9.94815276226e-20
9.8997995992 0.0
9.91983967936 0.0
9.93987975952 0.0
9.95991983968 0.0
9.97995991984 0.0
10.0 0.0
