0.0 0.0
0.0200400801603 0.0
0.0400801603206 0.0
0.060120240481 0.0
0.0801603206413 0.0
0.100200400802 0.0
0.120240480962 0.0
0.140280561122 0.0
0.160320641283 0.0
0.180360721443 0.0
0.200400801603 0.0
0.220440881764 0.0
0.240480961924 0.0
0.260521042084 0.0
0.280561122244 5.96210288173e-11
0.300601202405 4.77019134087e-11
0.320641282565 4.4400996415e-11
0.340681362725 4.40094611852e-11
0.360721442886 4.3439062217e-11
0.380761523046 4.32000066382e-11
0.400801603206 4.31903552235e-11
0.420841683367 4.33407352915e-11
0.440881763527 4.35852488484e-11
0.460921843687 4.38689856258e-11
0.480961923848 4.41443609859e-11
0.501002004008 4.43442988784e-11
0.521042084168 4.45583220586e-11
0.541082164329 4.47747372759e-11
0.561122244489 4.49778749812e-11
0.581162324649 4.51812800009e-11
0.60120240481 4.53827197441e-11
0.62124248497 4.55519128243e-11
0.64128256513 4.5699777782e-11
0.661322645291 4.58480245418e-11
0.681362725451 4.59337683451e-11
0.701402805611 4.5836065854e-11
0.721442885772 4.57514770462e-11
0.741482965932 4.56755078795e-11
0.761523046092 4.55467961764e-11
0.781563126253 4.54248045917e-11
0.801603206413 4.53158617075e-11
0.821643286573 4.50374793536e-11
0.841683366733 4.46540580598e-11
0.861723446894 4.42926684622e-11
0.881763527054 4.38551902624e-11
0.901803607214 4.31746929159e-11
0.921843687375 4.25285440841e-11
0.941883767535 4.19131589652e-11
0.961923847695 4.11835838037e-11
0.981963927856 4.04767945825e-11
1.00200400802 3.98035222295e-11
1.02204408818 3.92251099504e-11
1.04208416834 3.87137867939e-11
1.0621242485 3.82229543165e-11
1.08216432866 3.77339893073e-11
1.10220440882 3.72231839447e-11
1.12224448898 3.67324605009e-11
1.14228456914 3.62643446311e-11
1.1623246493 3.56581277429e-11
1.18236472946 3.50641162576e-11
1.20240480962 3.44913992939e-11
1.22244488978 3.39272563338e-11
1.24248496994 3.33753046913e-11
1.2625250501 3.28419113102e-11
1.28256513026 3.2333528916e-11
1.30260521042 3.18613250065e-11
1.32264529058 3.14043504358e-11
1.34268537074 3.09617961769e-11
1.3627254509 3.05846927225e-11
1.38276553106 3.02219276167e-11
1.40280561122 2.98695265214e-11
1.42284569138 2.94890037356e-11
1.44288577154 2.9096424078e-11
1.4629258517 2.87150185222e-11
1.48296593186 2.83493839296e-11
1.50300601202 2.80067419306e-11
1.52304609218 2.76735543975e-11
1.54308617234 2.73512729031e-11
1.56312625251 2.69756968972e-11
1.58316633267 2.6607436055e-11
1.60320641283 2.62487718847e-11
1.62324649299 2.59004955305e-11
1.64328657315 2.55617259254e-11
1.66332665331 2.52312090437e-11
1.68336673347 2.49226168681e-11
1.70340681363 2.46544741907e-11
1.72344689379 2.43928004025e-11
1.74348697395 2.41372190726e-11
1.76352705411 2.37448965022e-11
1.78356713427 2.33572411527e-11
1.80360721443 2.2978467003e-11
1.82364729459 2.26540002495e-11
1.84368737475 2.23622581564e-11
1.86372745491 2.20769729676e-11
1.88376753507 2.18372878004e-11
1.90380761523 2.16895056466e-11
1.92384769539 2.15449078914e-11
1.94388777555 2.14033918311e-11
1.96392785571 2.11147581339e-11
1.98396793587 2.082906733e-11
2.00400801603 2.05467352588e-11
2.02404809619 2.02813868829e-11
2.04408817635 2.00219436814e-11
2.06412825651 1.97676726821e-11
2.08416833667 1.95194620017e-11
2.10420841683 1.92782923834e-11
2.12424849699 1.90417886052e-11
2.14428857715 1.88098156108e-11
2.16432865731 1.85723597375e-11
2.18436873747 1.83392682581e-11
2.20440881764 1.81105132231e-11
2.2244488978 1.78567272182e-11
2.24448897796 1.75926694272e-11
2.26452905812 1.73333816396e-11
2.28456913828 1.70742789177e-11
2.30460921844 1.68108265163e-11
2.3246492986 1.65520036858e-11
2.34468937876 1.62977226678e-11
2.36472945892 1.60984830744e-11
2.38476953908 1.59026581489e-11
2.40480961924 1.57101603284e-11
2.4248496994 1.55155510636e-11
2.44488977956 1.53215854031e-11
2.46492985972 1.51308310091e-11
2.48496993988 1.49184833288e-11
2.50501002004 1.46621709795e-11
2.5250501002 1.44099902243e-11
2.54509018036 1.41629335472e-11
2.56513026052 1.40172130195e-11
2.58517034068 1.38737916749e-11
2.60521042084 1.37326152289e-11
2.625250501 1.35416330296e-11
2.64529058116 1.33294292869e-11
2.66533066132 1.31204618618e-11
2.68537074148 1.29162847068e-11
2.70541082164 1.27181584387e-11
2.7254509018 1.2522985473e-11
2.74549098196 1.23313011735e-11
2.76553106212 1.21698087458e-11
2.78557114228 1.20106717527e-11
2.80561122244 1.1853838786e-11
2.82565130261 1.1637947374e-11
2.84569138277 1.13979666578e-11
2.86573146293 1.1161380095e-11
2.88577154309 1.09594135424e-11
2.90581162325 1.08151454279e-11
2.92585170341 1.06728779045e-11
2.94589178357 1.05312828511e-11
2.96593186373 1.03525543526e-11
2.98597194389 1.01762509692e-11
3.00601202405 1.00023234646e-11
3.02605210421 9.8280103917e-12
3.04609218437 9.6548691831e-12
3.06613226453 9.48401428216e-12
3.08617234469 9.31898213377e-12
3.10621242485 9.16211039509e-12
3.12625250501 9.00726972651e-12
3.14629258517 8.85501657146e-12
3.16633266533 8.71821018714e-12
3.18637274549 8.58314140024e-12
3.20641282565 8.449777185e-12
3.22645290581 8.29180814485e-12
3.24649298597 8.12524979822e-12
3.26653306613 7.9607526966e-12
3.28657314629 7.7922264887e-12
3.30661322645 7.61603792298e-12
3.32665330661 7.44198923202e-12
3.34669338677 7.27212568659e-12
3.36673346693 7.14180816668e-12
3.38677354709 7.01304557684e-12
3.40681362725 6.88581015361e-12
3.42685370741 6.75352710398e-12
3.44689378758 6.62029350564e-12
3.46693386774 6.48861197766e-12
3.4869739479 6.3606362789e-12
3.50701402806 6.23748918316e-12
3.52705410822 6.11575188413e-12
3.54709418838 5.99448176734e-12
3.56713426854 5.86092632171e-12
3.5871743487 5.72887347502e-12
3.60721442886 5.59829793105e-12
3.62725450902 5.47534029569e-12
3.64729458918 5.35597871527e-12
3.66733466934 5.23793034542e-12
3.6873747495 5.12503418324e-12
3.70741482966 5.01905686446e-12
3.72745490982 4.91422654761e-12
3.74749498998 4.81083436273e-12
3.76753507014 4.71246020409e-12
3.7875751503 4.6151336598e-12
3.80761523046 4.51883803403e-12
3.82765531062 4.41073185555e-12
3.84769539078 4.29934842403e-12
3.86773547094 4.18912593914e-12
3.8877755511 4.08626454625e-12
3.90781563126 3.99324813759e-12
3.92785571142 3.90118635884e-12
3.94789579158 3.81070875546e-12
3.96793587174 3.72819915816e-12
3.9879759519 3.64652350745e-12
4.00801603206 3.5656691885e-12
4.02805611222 3.47797913078e-12
4.04809619238 3.38867295069e-12
4.06813627255 3.30025125893e-12
4.08817635271 3.21858099024e-12
4.10821643287 3.14567444617e-12
4.12825651303 3.07347945188e-12
4.14829659319 3.00171896988e-12
4.16833667335 2.92808491711e-12
4.18837675351 2.85515903334e-12
4.20841683367 2.78293112538e-12
4.22845691383 2.71641006647e-12
4.24849699399 2.6520643874e-12
4.26853707415 2.58832584173e-12
4.28857715431 2.52365108795e-12
4.30861723447 2.45758784284e-12
4.32865731463 2.39213913955e-12
4.34869739479 2.32801459972e-12
4.36873747495 2.27063863645e-12
4.38877755511 2.21378906193e-12
4.40881763527 2.15745864781e-12
4.42885771543 2.1055541613e-12
4.44889779559 2.05525617638e-12
4.46893787575 2.00541131204e-12
4.48897795591 1.9555964354e-12
4.50901803607 1.90570691115e-12
4.52905811623 1.85626078474e-12
4.54909819639 1.80749583736e-12
4.56913827655 1.7610393717e-12
4.58917835671 1.71499033895e-12
4.60921843687 1.66934339037e-12
4.62925851703 1.62459555912e-12
4.64929859719 1.58037245649e-12
4.66933867735 1.53653047345e-12
4.68937875752 1.49536053765e-12
4.70941883768 1.45728525795e-12
4.72945891784 1.41953393353e-12
4.749498998 1.3817227816e-12
4.76953907816 1.34157670055e-12
4.78957915832 1.30176783953e-12
4.80961923848 1.26229195842e-12
4.82965931864 1.22679670309e-12
4.8496993988 1.19253478773e-12
4.86973947896 1.15855590821e-12
4.88977955912 1.12559609314e-12
4.90981963928 1.09375398195e-12
4.92985971944 1.06217168631e-12
4.9498997996 1.03126302604e-12
4.96993987976 1.00326496317e-12
4.98997995992 9.75492588795e-13
5.01002004008 9.48453379124e-13
5.03006012024 9.22101927088e-13
5.0501002004 8.95960342629e-13
5.07014028056 8.71393046372e-13
5.09018036072 8.47047929929e-13
5.11022044088 8.2289440713e-13
5.13026052104 7.98930220442e-13
5.1503006012 7.75153147741e-13
5.17034068136 7.53241737947e-13
5.19038076152 7.31608090006e-13
5.21042084168 7.10141401234e-13
5.23046092184 6.88839742373e-13
5.250501002 6.67701213839e-13
5.27054108216 6.48640183567e-13
5.29058116232 6.29938478865e-13
5.31062124248 6.11378368293e-13
5.33066132265 5.92958246631e-13
5.35070140281 5.74676532887e-13
5.37074148297 5.57056993548e-13
5.39078156313 5.39655044964e-13
5.41082164329 5.22382390882e-13
5.43086172345 5.05237592878e-13
5.45090180361 4.88219233834e-13
5.47094188377 4.72993926769e-13
5.49098196393 4.58249340208e-13
5.51102204409 4.43612304094e-13
5.53106212425 4.2908164367e-13
5.55110220441 4.14656201266e-13
5.57114228457 4.0094239111e-13
5.59118236473 3.87500154647e-13
5.61122244489 3.74154206409e-13
5.63126252505 3.60903513547e-13
5.65130260521 3.47747057966e-13
5.67134268537 3.35789136786e-13
5.69138276553 3.24307973903e-13
5.71142284569 3.12907603034e-13
5.73146292585 3.01587172765e-13
5.75150300601 2.90345843629e-13
5.77154308617 2.79582997709e-13
5.79158316633 2.69068244568e-13
5.81162324649 2.58626198903e-13
5.83166332665 2.48256107789e-13
5.85170340681 2.37957228685e-13
5.87174348697 2.2821794295e-13
5.89178356713 2.18800060796e-13
5.91182364729 2.09446191573e-13
5.93186372745 2.00155683671e-13
5.95190380762 1.9092789432e-13
5.97194388778 1.82665274858e-13
5.99198396794 1.75018759457e-13
6.0120240481 1.67423349106e-13
6.03206412826 1.59878532225e-13
6.05210420842 1.52383804052e-13
6.07214428858 1.45313226541e-13
6.09218436874 1.38564358073e-13
6.1122244489 1.3185985229e-13
6.13226452906 1.25199272402e-13
6.15230460922 1.18582187352e-13
6.17234468938 1.12225531077e-13
6.19238476954 1.06098148758e-13
6.2124248497 1.00010390551e-13
6.23246492986 9.39618726482e-14
6.25250501002 8.79522161942e-14
6.27254509018 8.24387677979e-14
6.29258517034 7.74260645674e-14
6.3126252505 7.24452615794e-14
6.33266533066 6.74960547227e-14
6.35270541082 6.25781437492e-14
6.37274549098 5.80067463273e-14
6.39278557114 5.38414745888e-14
6.4128256513 4.9702295004e-14
6.43286573146 4.55889627031e-14
6.45290581162 4.15012358793e-14
6.47294589178 3.79067288848e-14
6.49298597194 3.49941919821e-14
6.5130260521 3.20996206271e-14
6.53306613226 2.92228487443e-14
6.55310621242 2.63637123056e-14
6.57314629259 2.38479242114e-14
6.59318637275 2.18919140719e-14
6.61322645291 1.99477883196e-14
6.63326653307 1.80154386914e-14
6.65330661323 1.60947582404e-14
6.67334669339 1.42503514235e-14
6.69338677355 1.25460574707e-14
6.71342685371 1.08519633812e-14
6.73346693387 9.16797762375e-15
6.75350701403 7.49400976345e-15
6.77354709419 6.00503678291e-15
6.79358717435 4.94621878409e-15
6.81362725451 3.89364636152e-15
6.83366733467 2.84726423053e-15
6.85370741483 1.80701776087e-15
6.87374749499 9.87545793202e-16
6.89378757515 8.065148582e-16
6.91382765531 6.26541697086e-16
6.93386773547 4.47616933367e-16
6.95390781563 2.69731303993e-16
6.97394789579 1.2629977803e-16
6.99398797595 1.07489013002e-16
7.01402805611 8.87917214717e-17
7.03406813627 7.02067725983e-17
7.05410821643 5.17330527591e-17
7.07414829659 3.54561381033e-17
7.09418837675 2.93128779734e-17
7.11422845691 2.32092804189e-17
7.13426853707 1.71448740962e-17
7.15430861723 1.1119196675e-17
7.17434869739 5.88973407825e-18
7.19438877756 5.69357394596e-18
7.21442885772 5.50280190047e-18
7.23446893788 5.31725595338e-18
7.25450901804 5.13677910285e-18
7.2745490982 4.96320902093e-18
7.29458917836 4.81423785399e-18
7.31462925852 4.66977345142e-18
7.33466933868 4.52967823057e-18
7.35470941884 4.39381885316e-18
7.374749499 4.26206609268e-18
7.39478957916 4.13429470609e-18
7.41482965932 4.01038330954e-18
7.43486973948 3.890214258e-18
7.45490981964 3.77367352878e-18
7.4749498998 3.6606506086e-18
7.49498997996 3.55103838437e-18
7.51503006012 3.44473303729e-18
7.53507014028 3.34163394041e-18
7.55511022044 3.2416435593e-18
7.5751503006 3.14466735595e-18
7.59519038076 3.05061369567e-18
7.61523046092 2.95939375687e-18
7.63527054108 2.87092144374e-18
7.65531062124 2.78511330167e-18
7.6753507014 2.70188843529e-18
7.69539078156 2.62116842915e-18
7.71543086172 2.5428772708e-18
7.73547094188 2.46694127639e-18
7.75551102204 2.39328901853e-18
7.7755511022 2.32185125642e-18
7.79559118236 2.25256086821e-18
7.81563126253 2.18535278546e-18
7.83567134269 2.12016392961e-18
7.85571142285 2.05693315052e-18
7.87575150301 1.99560116686e-18
7.89579158317 1.93611050842e-18
7.91583166333 1.87840546016e-18
7.93587174349 1.82243200808e-18
7.95591182365 1.76813778675e-18
7.97595190381 1.71547202842e-18
7.99599198397 1.66438551385e-18
8.01603206413 1.61483052454e-18
8.03607214429 1.56676079652e-18
8.05611222445 1.52013147557e-18
8.07615230461 1.47489907384e-18
8.09619238477 1.43102142779e-18
8.11623246493 1.38845765746e-18
8.13627254509 1.34716812702e-18
8.15631262525 1.30711440655e-18
8.17635270541 1.26825923495e-18
8.19639278557 1.23056648408e-18
8.21643286573 1.19400112394e-18
8.23647294589 1.15852918902e-18
8.25651302605 1.12411774559e-18
8.27655310621 1.09073486011e-18
8.29659318637 1.05834956852e-18
8.31663326653 1.02693184655e-18
8.33667334669 9.96452580927e-19
8.35671342685 9.66883541479e-19
8.37675350701 9.38197354092e-19
8.39679358717 9.10367474513e-19
8.41683366733 8.8336816296e-19
8.43687374749 8.57174459518e-19
8.45691382766 8.31762160297e-19
8.47695390782 8.07107794321e-19
8.49699398798 7.83188601138e-19
8.51703406814 7.59982509117e-19
8.5370741483 7.37468114415e-19
8.55711422846 7.15624660591e-19
8.57715430862 6.94432018855e-19
8.59719438878 6.7387066892e-19
8.61723446894 6.53921680443e-19
8.6372745491 6.34566695045e-19
8.65731462926 6.15787908877e-19
8.67735470942 5.97568055725e-19
8.69739478958 5.79890390639e-19
8.71743486974 5.62738674056e-19
8.7374749499 5.46097156423e-19
8.75751503006 5.29950563283e-19
8.77755511022 5.14284080824e-19
8.79759519038 4.9908334187e-19
8.81763527054 4.84334412302e-19
8.8376753507 4.70023777902e-19
8.85771543086 4.56138331585e-19
8.87775551102 4.42665361043e-19
8.89779559118 4.29592536751e-19
8.91783567134 4.16907900349e-19
8.9378757515 4.0459985338e-19
8.95791583166 3.92657146369e-19
8.97795591182 3.81068868238e-19
8.99799599198 3.69824436046e-19
9.01803607214 3.58913585044e-19
9.0380761523 3.4832635903e-19
9.05811623246 3.38053101005e-19
9.07815631263 3.28084444105e-19
9.09819639279 3.18411302823e-19
9.11823647295 3.09024864488e-19
9.13827655311 2.9991658101e-19
9.15831663327 2.91078160875e-19
9.17835671343 2.82501561385e-19
9.19839679359 2.74178981137e-19
9.21843687375 2.66102852723e-19
9.23847695391 2.58265835666e-19
9.25851703407 2.50660809557e-19
9.27855711423 2.43280867415e-19
9.29859719439 2.36119309234e-19
9.31863727455 2.29169635743e-19
9.33867735471 2.22425542341e-19
9.35871743487 2.15880913228e-19
9.37875751503 2.09529815708e-19
9.39879759519 2.03366494667e-19
9.41883767535 1.97385367219e-19
9.43887775551 1.91581017515e-19
9.45891783567 1.85948191709e-19
9.47895791583 1.80481793081e-19
9.49899799599 1.75176877297e-19
9.51903807615 1.7002864783e-19
9.53907815631 1.65032451502e-19
9.55911823647 1.60183774176e-19
9.57915831663 1.55478236567e-19
9.59919839679 1.50911590191e-19
9.61923847695 1.46479713426e-19
9.63927855711 1.42178607704e-19
9.65931863727 1.38004393806e-19
9.67935871743 1.33953308276e-19
9.6993987976 1.30021699949e-19
9.71943887776 1.2620602657e-19
9.73947895792 1.2250285153e-19
9.75951903808 1.18908840687e-19
9.77955911824 1.154207593e-19
9.7995991984 1.12035469036e-19
9.81963927856 1.08749925085e-19
9.83967935872 1.0556117335e-19
9.85971943888 1.02466347729e-19
9.87975951904 9.94626674767e-20
9.8997995992 0.0
9.91983967936 0.0
9.93987975952 0.0
9.95991983968 0.0
9.97995991984 0.0
10.0 0.0
