0.0 0.0
0.0200400801603 0.0
0.0400801603206 0.0
0.060120240481 0.0
0.0801603206413 0.0
0.100200400802 0.0
0.120240480962 0.0
0.140280561122 0.0
0.160320641283 0.0
0.180360721443 0.0
0.200400801603 0.0
0.220440881764 0.0
0.240480961924 0.0
0.260521042084 0.0
0.280561122244 0.0
0.300601202405 0.0
0.320641282565 0.0
0.340681362725 0.0
0.360721442886 1.05633938608e-10
0.380761523046 6.08590268051e-11
0.400801603206 5.02023680816e-11
0.420841683367 4.53006432068e-11
0.440881763527 4.25345392211e-11
0.460921843687 4.07931999645e-11
0.480961923848 3.96021030036e-11
0.501002004008 3.8693863867e-11
0.521042084168 3.80329368105e-11
0.541082164329 3.7536948981e-11
0.561122244489 3.71499119732e-11
0.581162324649 3.68535542435e-11
0.60120240481 3.66247928981e-11
0.62124248497 3.64248358471e-11
0.64128256513 3.62523440844e-11
0.661322645291 3.61166262679e-11
0.681362725451 3.59625140372e-11
0.701402805611 3.56911551734e-11
0.721442885772 3.5452573759e-11
0.741482965932 3.52389627663e-11
0.761523046092 3.50011554542e-11
0.781563126253 3.47828263539e-11
0.801603206413 3.45874302857e-11
0.821643286573 3.42744017804e-11
0.841683366733 3.3891816088e-11
0.861723446894 3.35349340914e-11
0.881763527054 3.31282721872e-11
0.901803607214 3.25461192703e-11
0.921843687375 3.19970925219e-11
0.941883767535 3.14773103648e-11
0.961923847695 3.08777296243e-11
0.981963927856 3.03005926427e-11
1.00200400802 2.97538106873e-11
1.02204408818 2.92823579025e-11
1.04208416834 2.88645587234e-11
1.0621242485 2.84649353676e-11
1.08216432866 2.80688343403e-11
1.10220440882 2.76592376049e-11
1.12224448898 2.72670506266e-11
1.14228456914 2.68949468061e-11
1.1623246493 2.64227089968e-11
1.18236472946 2.59615336946e-11
1.20240480962 2.55179458051e-11
1.22244488978 2.50823805348e-11
1.24248496994 2.46573762922e-11
1.2625250501 2.42474457031e-11
1.28256513026 2.38571435272e-11
1.30260521042 2.34947010051e-11
1.32264529058 2.31445661704e-11
1.34268537074 2.28060315699e-11
1.3627254509 2.25165659827e-11
1.38276553106 2.22384651156e-11
1.40280561122 2.19685666698e-11
1.42284569138 2.16786230216e-11
1.44288577154 2.13805158199e-11
1.4629258517 2.10912235742e-11
1.48296593186 2.08140195693e-11
1.50300601202 2.05542432253e-11
1.52304609218 2.03019194164e-11
1.54308617234 2.00585900329e-11
1.56312625251 1.97766750059e-11
1.58316633267 1.9500557091e-11
1.60320641283 1.92318808447e-11
1.62324649299 1.89711950543e-11
1.64328657315 1.87178259251e-11
1.66332665331 1.84707696243e-11
1.68336673347 1.82399297764e-11
1.70340681363 1.80389617032e-11
1.72344689379 1.78429901657e-11
1.74348697395 1.76516836309e-11
1.76352705411 1.73607059143e-11
1.78356713427 1.7073407525e-11
1.80360721443 1.67928544392e-11
1.82364729459 1.65521989987e-11
1.84368737475 1.63356478254e-11
1.86372745491 1.61240043251e-11
1.88376753507 1.59458229331e-11
1.90380761523 1.58348630762e-11
1.92384769539 1.57263603125e-11
1.94388777555 1.56202327151e-11
1.96392785571 1.54069336403e-11
1.98396793587 1.51959293008e-11
2.00400801603 1.49868220702e-11
2.02404809619 1.4791705297e-11
2.04408817635 1.46002740515e-11
2.06412825651 1.44127359838e-11
2.08416833667 1.42297315358e-11
2.10420841683 1.40519686585e-11
2.12424849699 1.38777104984e-11
2.14428857715 1.37068531239e-11
2.16432865731 1.35320981484e-11
2.18436873747 1.33606142365e-11
2.20440881764 1.31923762849e-11
2.2244488978 1.30059980082e-11
2.24448897796 1.28122265433e-11
2.26452905812 1.26220102171e-11
2.28456913828 1.24320076206e-11
2.30460921844 1.2238915364e-11
2.3246492986 1.20492658111e-11
2.34468937876 1.18629914034e-11
2.36472945892 1.17168314657e-11
2.38476953908 1.15732134215e-11
2.40480961924 1.14320708321e-11
2.4248496994 1.12894450865e-11
2.44488977956 1.11473385225e-11
2.46492985972 1.10076166307e-11
2.48496993988 1.08522384884e-11
2.50501002004 1.06649379945e-11
2.5250501002 1.04806924008e-11
2.54509018036 1.03002209057e-11
2.56513026052 1.01934693577e-11
2.58517034068 1.00884240209e-11
2.60521042084 9.9850439277e-12
2.625250501 9.84549316645e-12
2.64529058116 9.6905534393e-12
2.66533066132 9.53800208037e-12
2.68537074148 9.3889667904e-12
2.70541082164 9.24436190377e-12
2.7254509018 9.10193468949e-12
2.74549098196 8.96207276595e-12
2.76553106212 8.84417670876e-12
2.78557114228 8.72801778314e-12
2.80561122244 8.61355755312e-12
2.82565130261 8.45621737645e-12
2.84569138277 8.28140552179e-12
2.86573146293 8.10908746352e-12
2.88577154309 7.96194305735e-12
2.90581162325 7.85673026319e-12
2.92585170341 7.7529898418e-12
2.94589178357 7.64975645425e-12
2.96593186373 7.5195739502e-12
2.98597194389 7.39117239494e-12
3.00601202405 7.26451521829e-12
3.02605210421 7.13759646828e-12
3.04609218437 7.01154649006e-12
3.06613226453 6.88717382326e-12
3.08617234469 6.76704537905e-12
3.10621242485 6.65285736025e-12
3.12625250501 6.54015881679e-12
3.14629258517 6.42935311361e-12
3.16633266533 6.32977460778e-12
3.18637274549 6.23147010861e-12
3.20641282565 6.13441515537e-12
3.22645290581 6.01951240143e-12
3.24649298597 5.89838792079e-12
3.26653306613 5.7787722506e-12
3.28657314629 5.65624460552e-12
3.30661322645 5.52816805146e-12
3.32665330661 5.401656651e-12
3.34669338677 5.27819422108e-12
3.36673346693 5.18344140754e-12
3.38677354709 5.08982620358e-12
3.40681362725 4.99732811851e-12
3.42685370741 4.90117593932e-12
3.44689378758 4.80434263602e-12
3.46693386774 4.70864392058e-12
3.4869739479 4.61564218983e-12
3.50701402806 4.52615164983e-12
3.52705410822 4.43769136506e-12
3.54709418838 4.34957718572e-12
3.56713426854 4.25255699719e-12
3.5871743487 4.15663413715e-12
3.60721442886 4.06178999182e-12
3.62725450902 3.97247897148e-12
3.64729458918 3.88578295603e-12
3.66733466934 3.8000456088e-12
3.6873747495 3.71805149603e-12
3.70741482966 3.64108169733e-12
3.72745490982 3.56494907708e-12
3.74749498998 3.48986462392e-12
3.76753507014 3.41842475066e-12
3.7875751503 3.34774931447e-12
3.80761523046 3.27782604815e-12
3.82765531062 3.19934108498e-12
3.84769539078 3.11848378073e-12
3.86773547094 3.03847299566e-12
3.8877755511 2.9638051731e-12
3.90781563126 2.89628128846e-12
3.92785571142 2.82945343761e-12
3.94789579158 2.76377804143e-12
3.96793587174 2.70388442163e-12
3.9879759519 2.6445987539e-12
4.00801603206 2.58591178468e-12
4.02805611222 2.52227090256e-12
4.04809619238 2.45746122418e-12
4.06813627255 2.39329598936e-12
4.08817635271 2.33402927539e-12
4.10821643287 2.28111989096e-12
4.12825651303 2.22872893494e-12
4.14829659319 2.17665545372e-12
4.16833667335 2.12322587005e-12
4.18837675351 2.0703120932e-12
4.20841683367 2.01790665735e-12
4.22845691383 1.96964107748e-12
4.24849699399 1.92295473418e-12
4.26853707415 1.87671051994e-12
4.28857715431 1.82978945228e-12
4.30861723447 1.78186361906e-12
4.32865731463 1.73438517827e-12
4.34869739479 1.68786852472e-12
4.36873747495 1.64624605457e-12
4.38877755511 1.60500676584e-12
4.40881763527 1.56414536975e-12
4.42885771543 1.52649394995e-12
4.44889779559 1.49000849179e-12
4.46893787575 1.45385282332e-12
4.48897795591 1.41772017482e-12
4.50901803607 1.38153466941e-12
4.52905811623 1.34567180584e-12
4.54909819639 1.31030390869e-12
4.56913827655 1.27661051266e-12
4.58917835671 1.24321354467e-12
4.60921843687 1.21010909497e-12
4.62925851703 1.17765740185e-12
4.64929859719 1.14558705283e-12
4.66933867735 1.11379392351e-12
4.68937875752 1.08393848785e-12
4.70941883768 1.05632697414e-12
4.72945891784 1.02895108535e-12
4.749498998 1.00153263435e-12
4.76953907816 9.72422645388e-13
4.78957915832 9.43557871045e-13
4.80961923848 9.14935214864e-13
4.82965931864 8.89198334753e-13
4.8496993988 8.64356016825e-13
4.86973947896 8.39719489066e-13
4.88977955912 8.15822163537e-13
4.90981963928 7.92735493925e-13
4.92985971944 7.69837709326e-13
4.9498997996 7.47428697179e-13
4.96993987976 7.27129592186e-13
4.98997995992 7.06994550607e-13
5.01002004008 6.87391327119e-13
5.03006012024 6.68286991802e-13
5.0501002004 6.49335200938e-13
5.07014028056 6.31524713435e-13
5.09018036072 6.13875650762e-13
5.11022044088 5.96365836065e-13
5.13026052104 5.78993622252e-13
5.1503006012 5.617573882e-13
5.17034068136 5.45873486919e-13
5.19038076152 5.3019121237e-13
5.21042084168 5.14630261164e-13
5.23046092184 4.99189226145e-13
5.250501002 4.83866721912e-13
5.27054108216 4.70049934958e-13
5.29058116232 4.56493806864e-13
5.31062124248 4.43040555649e-13
5.33066132265 4.29689010798e-13
5.35070140281 4.16438019552e-13
5.37074148297 4.03667093971e-13
5.39078156313 3.91054077819e-13
5.41082164329 3.78534985092e-13
5.43086172345 3.66108767246e-13
5.45090180361 3.53774391344e-13
5.47094188377 3.42739429579e-13
5.49098196393 3.32052981483e-13
5.51102204409 3.21444652167e-13
5.53106212425 3.10913585463e-13
5.55110220441 3.00458937714e-13
5.57114228457 2.9052007913e-13
5.59118236473 2.80778155953e-13
5.61122244489 2.71106160678e-13
5.63126252505 2.61503340769e-13
5.65130260521 2.51968954488e-13
5.67134268537 2.43303086386e-13
5.69138276553 2.34982777683e-13
5.71142284569 2.26721136513e-13
5.73146292585 2.1851754265e-13
5.75150300601 2.10371384611e-13
5.77154308617 2.0257201194e-13
5.79158316633 1.94952499288e-13
5.81162324649 1.87385776149e-13
5.83166332665 1.79871294185e-13
5.85170340681 1.7240851265e-13
5.87174348697 1.65351251535e-13
5.89178356713 1.58526939427e-13
5.91182364729 1.5174909838e-13
5.93186372745 1.45017253949e-13
5.95190380762 1.38330938148e-13
5.97194388778 1.32343939231e-13
5.99198396794 1.2680336151e-13
6.0120240481 1.21299881362e-13
6.03206412826 1.15833126338e-13
6.05210420842 1.10402728977e-13
6.07214428858 1.05279673715e-13
6.09218436874 1.00389742131e-13
6.1122244489 9.55320103143e-14
6.13226452906 9.07061603298e-14
6.15230460922 8.59118784291e-14
6.17234468938 8.13063153619e-14
6.19238476954 7.68668982688e-14
6.2124248497 7.24562382498e-14
6.23246492986 6.80740559913e-14
6.25250501002 6.37200757989e-14
6.27254509018 5.9725601649e-14
6.29258517034 5.6093914529e-14
6.3126252505 5.24853772084e-14
6.33266533066 4.88997683957e-14
6.35270541082 4.53368696219e-14
6.37274549098 4.20250208086e-14
6.39278557114 3.90074003673e-14
6.4128256513 3.60087133907e-14
6.43286573146 3.30287817151e-14
6.45290581162 3.00674294144e-14
6.47294589178 2.7463384206e-14
6.49298597194 2.53533666892e-14
6.5130260521 2.3256385554e-14
6.53306613226 2.11723199556e-14
6.55310621242 1.91010505455e-14
6.57314629259 1.72785105194e-14
6.59318637275 1.58614691186e-14
6.61322645291 1.44530516582e-14
6.63326653307 1.30531793439e-14
6.65330661323 1.16617743442e-14
6.67334669339 1.03256323435e-14
6.69338677355 9.09099403971e-15
6.71342685371 7.86375667558e-15
6.73346693387 6.64385364326e-15
6.75350701403 5.43121913672e-15
6.77354709419 4.35259455466e-15
6.79358717435 3.58555527489e-15
6.81362725451 2.82304818017e-15
6.83366733467 2.06503302058e-15
6.85370741483 1.31147002533e-15
6.87374749499 7.17826348316e-16
6.89378757515 5.86623646525e-16
6.91382765531 4.56190346576e-16
6.93386773547 3.26519565854e-16
6.95390781563 1.97604506542e-16
6.97394789579 9.36478250118e-17
6.99398797595 7.99574480527e-17
7.01402805611 6.63513375943e-17
7.03406813627 5.28286116543e-17
7.05410821643 3.93884026549e-17
7.07414829659 2.75412272382e-17
7.09418837675 2.30356286856e-17
7.11422845691 1.85604850464e-17
7.13426853707 1.41154022482e-17
7.15430861723 9.69999437329e-18
7.17434869739 5.86284789017e-18
7.19438877756 5.67276099703e-18
7.21442885772 5.48803191132e-18
7.23446893788 5.30849878103e-18
7.25450901804 5.13400474311e-18
7.2745490982 4.96583896016e-18
7.29458917836 4.81677482896e-18
7.31462925852 4.67222080398e-18
7.33466933868 4.53203918023e-18
7.35470941884 4.39609650162e-18
7.374749499 4.26426342826e-18
7.39478957916 4.13641460794e-18
7.41482965932 4.0124285517e-18
7.43486973948 3.89218751336e-18
7.45490981964 3.77557737277e-18
7.4749498998 3.66248752288e-18
7.49498997996 3.55281076026e-18
7.51503006012 3.44644317917e-18
7.53507014028 3.3432840689e-18
7.55511022044 3.24323581439e-18
7.5751503006 3.14620379999e-18
7.59519038076 3.0520963162e-18
7.61523046092 2.96082446942e-18
7.63527054108 2.87230209449e-18
7.65531062124 2.78644566999e-18
7.6753507014 2.70317423623e-18
7.69539078156 2.62240931577e-18
7.71543086172 2.5440748365e-18
7.73547094188 2.46809705706e-18
7.75551102204 2.39440449468e-18
7.7755511022 2.32292785523e-18
7.79559118236 2.25359996547e-18
7.81563126253 2.18635570744e-18
7.83567134269 2.12113195491e-18
7.85571142285 2.0578675118e-18
7.87575150301 1.99650305251e-18
7.89579158317 1.93698106417e-18
7.91583166333 1.87924579068e-18
7.93587174349 1.82324317845e-18
7.95591182365 1.76892082388e-18
7.97595190381 1.71622792251e-18
7.99599198397 1.66511521965e-18
8.01603206413 1.6155349627e-18
8.03607214429 1.56744085479e-18
8.05611222445 1.52078801002e-18
8.07615230461 1.47553290999e-18
8.09619238477 1.43163336175e-18
8.11623246493 1.38904845696e-18
8.13627254509 1.34773853247e-18
8.15631262525 1.307665132e-18
8.17635270541 1.26879096908e-18
8.19639278557 1.23107989106e-18
8.21643286573 1.19449684439e-18
8.23647294589 1.15900784081e-18
8.25651302605 1.12457992468e-18
8.27655310621 1.09118114131e-18
8.29659318637 1.0587805063e-18
8.31663326653 1.02734797573e-18
8.33667334669 9.96854417423e-19
8.35671342685 9.67271582952e-19
8.37675350701 9.38572080616e-19
8.39679358717 9.10729349205e-19
8.41683366733 8.83717632591e-19
8.43687374749 8.57511955096e-19
8.45691382766 8.32088097634e-19
8.47695390782 8.07422574577e-19
8.49699398798 7.83492611347e-19
8.51703406814 7.60276122691e-19
8.5370741483 7.37751691628e-19
8.55711422846 7.15898549055e-19
8.57715430862 6.94696553967e-19
8.59719438878 6.741261743e-19
8.61723446894 6.54168468353e-19
8.6372745491 6.34805066796e-19
8.65731462926 6.16018155216e-19
8.67735470942 5.97790457213e-19
8.69739478958 5.80105218013e-19
8.71743486974 5.62946188578e-19
8.7374749499 5.46297610218e-19
8.75751503006 5.3014419966e-19
8.77755511022 5.14471134593e-19
8.79759519038 4.9926403964e-19
8.81763527054 4.84508972777e-19
8.8376753507 4.70192412152e-19
8.85771543086 4.56301243325e-19
8.87775551102 4.42822746889e-19
8.89779559118 4.29744586472e-19
8.91783567134 4.17054797108e-19
8.9378757515 4.0474177397e-19
8.95791583166 3.92794261433e-19
8.97795591182 3.81201342491e-19
8.99799599198 3.69952428481e-19
9.01803607214 3.59037249136e-19
9.0380761523 3.48445842928e-19
9.05811623246 3.38168547718e-19
9.07815631263 3.28195991689e-19
9.09819639279 3.18519084549e-19
9.11823647295 3.09129009013e-19
9.13827655311 3.00017212538e-19
9.15831663327 2.91175399315e-19
9.17835671343 2.82595522499e-19
9.19839679359 2.74269776686e-19
9.21843687375 2.6619059061e-19
9.23847695391 2.58350620067e-19
9.25851703407 2.50742741056e-19
9.27855711423 2.43360043125e-19
9.29859719439 2.36195822921e-19
9.31863727455 2.29243577942e-19
9.33867735471 2.22497000471e-19
9.35871743487 2.15949971697e-19
9.37875751503 2.09596556022e-19
9.39879759519 2.03430995527e-19
9.41883767535 1.97447704622e-19
9.43887775551 1.91641264849e-19
9.45891783567 1.8600641984e-19
9.47895791583 1.80538070443e-19
9.49899799599 1.75231269977e-19
9.51903807615 1.70081219649e-19
9.53907815631 1.65083264093e-19
9.55911823647 1.6023288706e-19
9.57915831663 1.55525707229e-19
9.59919839679 1.50957474147e-19
9.61923847695 1.46524064294e-19
9.63927855711 1.42221477268e-19
9.65931863727 1.38045832079e-19
9.67935871743 1.33993363565e-19
9.6993987976 1.30060418909e-19
9.71943887776 1.26243454264e-19
9.73947895792 1.22539031484e-19
9.75951903808 1.18943814945e-19
9.77955911824 1.15454568469e-19
9.7995991984 1.12068152342e-19
9.81963927856 1.08781520417e-19
9.83967935872 1.05591717307e-19
9.85971943888 1.02495875667e-19
9.87975951904 9.94912135467e-20
9.8997995992 0.0
9.91983967936 0.0
9.93987975952 0.0
9.95991983968 0.0
9.97995991984 0.0
10.0 0.0
