0.0 0.0
0.0200400801603 0.0
0.0400801603206 0.0
0.060120240481 0.0
0.0801603206413 0.0
0.100200400802 0.0
0.120240480962 0.0
0.140280561122 0.0
0.160320641283 0.0
0.180360721443 0.0
0.200400801603 0.0
0.220440881764 0.0
0.240480961924 0.0
0.260521042084 0.0
0.280561122244 0.0
0.300601202405 0.0
0.320641282565 0.0
0.340681362725 0.0
0.360721442886 0.0
0.380761523046 0.0
0.400801603206 0.0
0.420841683367 0.0
0.440881763527 0.0
0.460921843687 0.0
0.480961923848 0.0
0.501002004008 0.0
0.521042084168 0.0
0.541082164329 0.0
0.561122244489 0.0
0.581162324649 0.0
0.60120240481 0.0
0.62124248497 0.0
0.64128256513 0.0
0.661322645291 0.0
0.681362725451 0.0
0.701402805611 0.0
0.721442885772 0.0
0.741482965932 0.0
0.761523046092 0.0
0.781563126253 0.0
0.801603206413 0.0
0.821643286573 0.0
0.841683366733 0.0
0.861723446894 0.0
0.881763527054 0.0
0.901803607214 0.0
0.921843687375 0.0
0.941883767535 0.0
0.961923847695 0.0
0.981963927856 0.0
1.00200400802 0.0
1.02204408818 0.0
1.04208416834 0.0
1.0621242485 0.0
1.08216432866 0.0
1.10220440882 0.0
1.12224448898 0.0
1.14228456914 0.0
1.1623246493 0.0
1.18236472946 0.0
1.20240480962 0.0
1.22244488978 0.0
1.24248496994 0.0
1.2625250501 0.0
1.28256513026 0.0
1.30260521042 0.0
1.32264529058 0.0
1.34268537074 0.0
1.3627254509 0.0
1.38276553106 0.0
1.40280561122 0.0
1.42284569138 0.0
1.44288577154 0.0
1.4629258517 0.0
1.48296593186 0.0
1.50300601202 0.0
1.52304609218 0.0
1.54308617234 0.0
1.56312625251 0.0
1.58316633267 0.0
1.60320641283 0.0
1.62324649299 0.0
1.64328657315 0.0
1.66332665331 0.0
1.68336673347 0.0
1.70340681363 0.0
1.72344689379 0.0
1.74348697395 0.0
1.76352705411 0.0
1.78356713427 0.0
1.80360721443 0.0
1.82364729459 0.0
1.84368737475 0.0
1.86372745491 0.0
1.88376753507 0.0
1.90380761523 0.0
1.92384769539 0.0
1.94388777555 0.0
1.96392785571 0.0
1.98396793587 0.0
2.00400801603 0.0
2.02404809619 0.0
2.04408817635 0.0
2.06412825651 0.0
2.08416833667 0.0
2.10420841683 0.0
2.12424849699 0.0
2.14428857715 0.0
2.16432865731 0.0
2.18436873747 0.0
2.20440881764 0.0
2.2244488978 0.0
2.24448897796 0.0
2.26452905812 0.0
2.28456913828 0.0
2.30460921844 0.0
2.3246492986 0.0
2.34468937876 0.0
2.36472945892 0.0
2.38476953908 0.0
2.40480961924 0.0
2.4248496994 0.0
2.44488977956 0.0
2.46492985972 0.0
2.48496993988 0.0
2.50501002004 0.0
2.5250501002 0.0
2.54509018036 0.0
2.56513026052 0.0
2.58517034068 0.0
2.60521042084 0.0
2.625250501 0.0
2.64529058116 0.0
2.66533066132 0.0
2.68537074148 0.0
2.70541082164 0.0
2.7254509018 0.0
2.74549098196 0.0
2.76553106212 0.0
2.78557114228 0.0
2.80561122244 0.0
2.82565130261 0.0
2.84569138277 0.0
2.86573146293 0.0
2.88577154309 0.0
2.90581162325 0.0
2.92585170341 0.0
2.94589178357 0.0
2.96593186373 0.0
2.98597194389 0.0
3.00601202405 0.0
3.02605210421 0.0
3.04609218437 0.0
3.06613226453 0.0
3.08617234469 0.0
3.10621242485 0.0
3.12625250501 0.0
3.14629258517 0.0
3.16633266533 0.0
3.18637274549 0.0
3.20641282565 0.0
3.22645290581 0.0
3.24649298597 0.0
3.26653306613 0.0
3.28657314629 0.0
3.30661322645 0.0
3.32665330661 0.0
3.34669338677 0.0
3.36673346693 0.0
3.38677354709 0.0
3.40681362725 0.0
3.42685370741 0.0
3.44689378758 0.0
3.46693386774 0.0
3.4869739479 0.0
3.50701402806 0.0
3.52705410822 0.0
3.54709418838 0.0
3.56713426854 0.0
3.5871743487 0.0
3.60721442886 0.0
3.62725450902 0.0
3.64729458918 0.0
3.66733466934 0.0
3.6873747495 0.0
3.70741482966 0.0
3.72745490982 0.0
3.74749498998 0.0
3.76753507014 0.0
3.7875751503 0.0
3.80761523046 0.0
3.82765531062 0.0
3.84769539078 0.0
3.86773547094 0.0
3.8877755511 0.0
3.90781563126 0.0
3.92785571142 0.0
3.94789579158 0.0
3.96793587174 0.0
3.9879759519 0.0
4.00801603206 0.0
4.02805611222 0.0
4.04809619238 0.0
4.06813627255 0.0
4.08817635271 0.0
4.10821643287 0.0
4.12825651303 0.0
4.14829659319 0.0
4.16833667335 0.0
4.18837675351 0.0
4.20841683367 0.0
4.22845691383 0.0
4.24849699399 0.0
4.26853707415 0.0
4.28857715431 0.0
4.30861723447 0.0
4.32865731463 0.0
4.34869739479 0.0
4.36873747495 0.0
4.38877755511 0.0
4.40881763527 0.0
4.42885771543 0.0
4.44889779559 0.0
4.46893787575 0.0
4.48897795591 0.0
4.50901803607 0.0
4.52905811623 0.0
4.54909819639 0.0
4.56913827655 0.0
4.58917835671 0.0
4.60921843687 0.0
4.62925851703 0.0
4.64929859719 0.0
4.66933867735 0.0
4.68937875752 0.0
4.70941883768 0.0
4.72945891784 0.0
4.749498998 0.0
4.76953907816 0.0
4.78957915832 0.0
4.80961923848 0.0
4.82965931864 0.0
4.8496993988 0.0
4.86973947896 0.0
4.88977955912 0.0
4.90981963928 0.0
4.92985971944 0.0
4.9498997996 0.0
4.96993987976 0.0
4.98997995992 0.0
5.01002004008 0.0
5.03006012024 0.0
5.0501002004 0.0
5.07014028056 0.0
5.09018036072 0.0
5.11022044088 0.0
5.13026052104 0.0
5.1503006012 0.0
5.17034068136 0.0
5.19038076152 0.0
5.21042084168 0.0
5.23046092184 0.0
5.250501002 0.0
5.27054108216 0.0
5.29058116232 0.0
5.31062124248 0.0
5.33066132265 0.0
5.35070140281 0.0
5.37074148297 0.0
5.39078156313 0.0
5.41082164329 0.0
5.43086172345 0.0
5.45090180361 0.0
5.47094188377 0.0
5.49098196393 0.0
5.51102204409 0.0
5.53106212425 0.0
5.55110220441 0.0
5.57114228457 0.0
5.59118236473 0.0
5.61122244489 0.0
5.63126252505 0.0
5.65130260521 0.0
5.67134268537 0.0
5.69138276553 0.0
5.71142284569 0.0
5.73146292585 0.0
5.75150300601 0.0
5.77154308617 0.0
5.79158316633 0.0
5.81162324649 0.0
5.83166332665 0.0
5.85170340681 0.0
5.87174348697 0.0
5.89178356713 0.0
5.91182364729 0.0
5.93186372745 0.0
5.95190380762 0.0
5.97194388778 0.0
5.99198396794 0.0
6.0120240481 0.0
6.03206412826 0.0
6.05210420842 0.0
6.07214428858 0.0
6.09218436874 0.0
6.1122244489 0.0
6.13226452906 0.0
6.15230460922 0.0
6.17234468938 0.0
6.19238476954 0.0
6.2124248497 0.0
6.23246492986 0.0
6.25250501002 0.0
6.27254509018 0.0
6.29258517034 0.0
6.3126252505 0.0
6.33266533066 0.0
6.35270541082 0.0
6.37274549098 0.0
6.39278557114 0.0
6.4128256513 0.0
6.43286573146 0.0
6.45290581162 0.0
6.47294589178 0.0
6.49298597194 0.0
6.5130260521 0.0
6.53306613226 0.0
6.55310621242 0.0
6.57314629259 0.0
6.59318637275 0.0
6.61322645291 0.0
6.63326653307 0.0
6.65330661323 0.0
6.67334669339 0.0
6.69338677355 0.0
6.71342685371 0.0
6.73346693387 0.0
6.75350701403 0.0
6.77354709419 0.0
6.79358717435 0.0
6.81362725451 0.0
6.83366733467 0.0
6.85370741483 0.0
6.87374749499 0.0
6.89378757515 0.0
6.91382765531 0.0
6.93386773547 0.0
6.95390781563 0.0
6.97394789579 0.0
6.99398797595 0.0
7.01402805611 0.0
7.03406813627 0.0
7.05410821643 0.0
7.07414829659 0.0
7.09418837675 0.0
7.11422845691 0.0
7.13426853707 0.0
7.15430861723 0.0
7.17434869739 0.0
7.19438877756 0.0
7.21442885772 0.0
7.23446893788 0.0
7.25450901804 0.0
7.2745490982 0.0
7.29458917836 0.0
7.31462925852 0.0
7.33466933868 0.0
7.35470941884 0.0
7.374749499 0.0
7.39478957916 0.0
7.41482965932 0.0
7.43486973948 0.0
7.45490981964 0.0
7.4749498998 0.0
7.49498997996 0.0
7.51503006012 0.0
7.53507014028 0.0
7.55511022044 0.0
7.5751503006 0.0
7.59519038076 0.0
7.61523046092 0.0
7.63527054108 0.0
7.65531062124 0.0
7.6753507014 0.0
7.69539078156 0.0
7.71543086172 0.0
7.73547094188 0.0
7.75551102204 0.0
7.7755511022 0.0
7.79559118236 0.0
7.81563126253 0.0
7.83567134269 0.0
7.85571142285 0.0
7.87575150301 0.0
7.89579158317 0.0
7.91583166333 0.0
7.93587174349 0.0
7.95591182365 0.0
7.97595190381 0.0
7.99599198397 0.0
8.01603206413 0.0
8.03607214429 0.0
8.05611222445 0.0
8.07615230461 0.0
8.09619238477 0.0
8.11623246493 0.0
8.13627254509 0.0
8.15631262525 0.0
8.17635270541 0.0
8.19639278557 0.0
8.21643286573 0.0
8.23647294589 0.0
8.25651302605 0.0
8.27655310621 0.0
8.29659318637 0.0
8.31663326653 0.0
8.33667334669 0.0
8.35671342685 0.0
8.37675350701 0.0
8.39679358717 0.0
8.41683366733 0.0
8.43687374749 0.0
8.45691382766 0.0
8.47695390782 0.0
8.49699398798 0.0
8.51703406814 0.0
8.5370741483 0.0
8.55711422846 0.0
8.57715430862 0.0
8.59719438878 0.0
8.61723446894 0.0
8.6372745491 0.0
8.65731462926 0.0
8.67735470942 0.0
8.69739478958 0.0
8.71743486974 0.0
8.7374749499 0.0
8.75751503006 0.0
8.77755511022 0.0
8.79759519038 0.0
8.81763527054 0.0
8.8376753507 0.0
8.85771543086 0.0
8.87775551102 0.0
8.89779559118 0.0
8.91783567134 0.0
8.9378757515 0.0
8.95791583166 0.0
8.97795591182 0.0
8.99799599198 0.0
9.01803607214 0.0
9.0380761523 0.0
9.05811623246 0.0
9.07815631263 0.0
9.09819639279 0.0
9.11823647295 0.0
9.13827655311 0.0
9.15831663327 0.0
9.17835671343 0.0
9.19839679359 0.0
9.21843687375 0.0
9.23847695391 0.0
9.25851703407 0.0
9.27855711423 0.0
9.29859719439 0.0
9.31863727455 0.0
9.33867735471 0.0
9.35871743487 0.0
9.37875751503 0.0
9.39879759519 0.0
9.41883767535 0.0
9.43887775551 0.0
9.45891783567 0.0
9.47895791583 0.0
9.49899799599 0.0
9.51903807615 0.0
9.53907815631 0.0
9.55911823647 0.0
9.57915831663 0.0
9.59919839679 0.0
9.61923847695 0.0
9.63927855711 0.0
9.65931863727 0.0
9.67935871743 0.0
9.6993987976 0.0
9.71943887776 0.0
9.73947895792 0.0
9.75951903808 0.0
9.77955911824 0.0
9.7995991984 0.0
9.81963927856 0.0
9.83967935872 0.0
9.85971943888 0.0
9.87975951904 0.0
9.8997995992 0.0
9.91983967936 0.0
9.93987975952 0.0
9.95991983968 0.0
9.97995991984 0.0
10.0 0.0
