0.0 0.0
0.0200400801603 0.0
0.0400801603206 0.0
0.060120240481 0.0
0.0801603206413 0.0
0.100200400802 0.0
0.120240480962 0.0
0.140280561122 0.0
0.160320641283 0.0
0.180360721443 0.0
0.200400801603 0.0
0.220440881764 0.0
0.240480961924 0.0
0.260521042084 0.0
0.280561122244 0.0
0.300601202405 0.0
0.320641282565 0.0
0.340681362725 0.0
0.360721442886 0.0
0.380761523046 0.0
0.400801603206 0.0
0.420841683367 0.0
0.440881763527 3.29379458985e-11
0.460921843687 1.40512236412e-11
0.480961923848 1.09240789479e-11
0.501002004008 9.49043193054e-12
0.521042084168 8.65597758967e-12
0.541082164329 8.10050335972e-12
0.561122244489 7.70445890702e-12
0.581162324649 7.41009522643e-12
0.60120240481 7.18170650303e-12
0.62124248497 6.99567049727e-12
0.64128256513 6.84240879097e-12
0.661322645291 6.71720958401e-12
0.681362725451 6.60664198771e-12
0.701402805611 6.48787227885e-12
0.721442885772 6.38497075964e-12
0.741482965932 6.29202297992e-12
0.761523046092 6.20163624209e-12
0.781563126253 6.12040444773e-12
0.801603206413 6.04990446431e-12
0.821643286573 5.96484509169e-12
0.841683366733 5.87159399671e-12
0.861723446894 5.78519976078e-12
0.881763527054 5.69167551243e-12
0.901803607214 5.57142924859e-12
0.921843687375 5.45904491288e-12
0.941883767535 5.35267778187e-12
0.961923847695 5.23491033657e-12
0.981963927856 5.12255765307e-12
1.00200400802 5.01831324672e-12
1.02204408818 4.92873846159e-12
1.04208416834 4.84902454597e-12
1.0621242485 4.77223935184e-12
1.08216432866 4.69437634623e-12
1.10220440882 4.61521397647e-12
1.12224448898 4.53972593481e-12
1.14228456914 4.47156142617e-12
1.1623246493 4.3878386823e-12
1.18236472946 4.30645331058e-12
1.20240480962 4.22837370772e-12
1.22244488978 4.15201890158e-12
1.24248496994 4.07778946365e-12
1.2625250501 4.0062213336e-12
1.28256513026 3.93779139931e-12
1.30260521042 3.8742044049e-12
1.32264529058 3.81291341511e-12
1.34268537074 3.75371718487e-12
1.3627254509 3.70270323983e-12
1.38276553106 3.65375979395e-12
1.40280561122 3.60581688999e-12
1.42284569138 3.55454727194e-12
1.44288577154 3.50218416891e-12
1.4629258517 3.45132989621e-12
1.48296593186 3.40234180085e-12
1.50300601202 3.35635148891e-12
1.52304609218 3.31174096293e-12
1.54308617234 3.27034050961e-12
1.56312625251 3.22290788229e-12
1.58316633267 3.1765194886e-12
1.60320641283 3.13144265775e-12
1.62324649299 3.08775339304e-12
1.64328657315 3.04533092796e-12
1.66332665331 3.00381769058e-12
1.68336673347 2.96457135443e-12
1.70340681363 2.93020348893e-12
1.72344689379 2.89672070405e-12
1.74348697395 2.86394264051e-12
1.76352705411 2.8152839473e-12
1.78356713427 2.76729815492e-12
1.80360721443 2.72048279758e-12
1.82364729459 2.68013313997e-12
1.84368737475 2.64370763187e-12
1.86372745491 2.60813104943e-12
1.88376753507 2.57796504137e-12
1.90380761523 2.55859945669e-12
1.92384769539 2.53967598162e-12
1.94388777555 2.52117931818e-12
1.96392785571 2.48560879582e-12
1.98396793587 2.45045475542e-12
2.00400801603 2.4135194974e-12
2.02404809619 2.38339842688e-12
2.04408817635 2.35162028836e-12
2.06412825651 2.32051875132e-12
2.08416833667 2.29019330694e-12
2.10420841683 2.26075429272e-12
2.12424849699 2.23192211417e-12
2.14428857715 2.20367791536e-12
2.16432865731 2.17485563014e-12
2.18436873747 2.14659675401e-12
2.20440881764 2.11889532973e-12
2.2244488978 2.08834030393e-12
2.24448897796 2.05664419621e-12
2.26452905812 2.02555075606e-12
2.28456913828 1.9945258544e-12
2.30460921844 1.96304174851e-12
2.3246492986 1.93213797817e-12
2.34468937876 1.90180232738e-12
2.36472945892 1.87788523843e-12
2.38476953908 1.8543996308e-12
2.40480961924 1.8313337544e-12
2.4248496994 1.80805616318e-12
2.44488977956 1.78488478003e-12
2.46492985972 1.7621156592e-12
2.48496993988 1.73687597598e-12
2.50501002004 1.70657648438e-12
2.5250501002 1.67678459207e-12
2.54509018036 1.64761382308e-12
2.56513026052 1.63019374498e-12
2.58517034068 1.61306213519e-12
2.60521042084 1.59621177741e-12
2.625250501 1.57362261488e-12
2.64529058116 1.54860133313e-12
2.66533066132 1.52397569892e-12
2.68537074148 1.49992442436e-12
2.70541082164 1.4765922631e-12
2.7254509018 1.45362028463e-12
2.74549098196 1.43106956076e-12
2.76553106212 1.4120244748e-12
2.78557114228 1.3932674718e-12
2.80561122244 1.37479196595e-12
2.82565130261 1.34951027432e-12
2.84569138277 1.32146247832e-12
2.86573146293 1.29382245619e-12
2.88577154309 1.27019480543e-12
2.90581162325 1.25324206436e-12
2.92585170341 1.23653232682e-12
2.94589178357 1.21991182455e-12
2.96593186373 1.19901693642e-12
2.98597194389 1.17841356907e-12
3.00601202405 1.15809557881e-12
3.02605210421 1.13774391136e-12
3.04609218437 1.11753790412e-12
3.06613226453 1.0976057414e-12
3.08617234469 1.07835494936e-12
3.10621242485 1.06005466464e-12
3.12625250501 1.04199746771e-12
3.14629258517 1.0242471871e-12
3.16633266533 1.00828627692e-12
3.18637274549 9.92533381253e-13
3.20641282565 9.76984403579e-13
3.22645290581 9.58606038865e-13
3.24649298597 9.39244875069e-13
3.26653306613 9.20128548331e-13
3.28657314629 9.00554823116e-13
3.30661322645 8.80104850716e-13
3.32665330661 8.59908232018e-13
3.34669338677 8.40200396845e-13
3.36673346693 8.25055560699e-13
3.38677354709 8.10095350739e-13
3.40681362725 7.95316367813e-13
3.42685370741 7.79960974398e-13
3.44689378758 7.64501096479e-13
3.46693386774 7.4922488096e-13
3.4869739479 7.34380227564e-13
3.50701402806 7.20096238581e-13
3.52705410822 7.05978940121e-13
3.54709418838 6.91919622066e-13
3.56713426854 6.76449610549e-13
3.5871743487 6.61156709426e-13
3.60721442886 6.4603785937e-13
3.62725450902 6.31799939305e-13
3.64729458918 6.17979656267e-13
3.66733466934 6.04314026403e-13
3.6873747495 5.91244875841e-13
3.70741482966 5.78975387124e-13
3.72745490982 5.66840958401e-13
3.74749498998 5.54874994358e-13
3.76753507014 5.43489429106e-13
3.7875751503 5.32227134143e-13
3.80761523046 5.21086094978e-13
3.82765531062 5.08588388065e-13
3.84769539078 4.95716115826e-13
3.86773547094 4.82979971892e-13
3.8877755511 4.7109330665e-13
3.90781563126 4.60341749623e-13
3.92785571142 4.49702187105e-13
3.94789579158 4.39246977398e-13
3.96793587174 4.29710493997e-13
3.9879759519 4.20271838927e-13
4.00801603206 4.10929497687e-13
4.02805611222 4.00802574181e-13
4.04809619238 3.90491527615e-13
4.06813627255 3.80283967845e-13
4.08817635271 3.7085466685e-13
4.10821643287 3.62434946707e-13
4.12825651303 3.54098540866e-13
4.14829659319 3.45813538555e-13
4.16833667335 3.37314451745e-13
4.18837675351 3.28898171508e-13
4.20841683367 3.20563480917e-13
4.22845691383 3.12886330893e-13
4.24849699399 3.05460535853e-13
4.26853707415 2.98105711073e-13
4.28857715431 2.90644360054e-13
4.30861723447 2.8302445958e-13
4.32865731463 2.75476297164e-13
4.34869739479 2.68081425346e-13
4.36873747495 2.61463445367e-13
4.38877755511 2.5490692097e-13
4.40881763527 2.48410991217e-13
4.42885771543 2.42424747062e-13
4.44889779559 2.36624011551e-13
4.46893787575 2.30876162789e-13
4.48897795591 2.25132536502e-13
4.50901803607 2.19381084705e-13
4.52905811623 2.13681334487e-13
4.54909819639 2.08060593449e-13
4.56913827655 2.02705875175e-13
4.58917835671 1.97398645092e-13
4.60921843687 1.92138267882e-13
4.62925851703 1.86981847003e-13
4.64929859719 1.81886331889e-13
4.66933867735 1.7683519877e-13
4.68937875752 1.72091703667e-13
4.70941883768 1.67704375374e-13
4.72945891784 1.63354780474e-13
4.749498998 1.58998802126e-13
4.76953907816 1.54374997496e-13
4.78957915832 1.49790421048e-13
4.80961923848 1.45244570932e-13
4.82965931864 1.41156553915e-13
4.8496993988 1.3721066761e-13
4.86973947896 1.33297705369e-13
4.88977955912 1.29502220454e-13
4.90981963928 1.25835528495e-13
4.92985971944 1.22199049631e-13
4.9498997996 1.18640315507e-13
4.96993987976 1.15416305573e-13
4.98997995992 1.12218542122e-13
5.01002004008 1.09105314587e-13
5.03006012024 1.06071393987e-13
5.0501002004 1.03061870271e-13
5.07014028056 1.0023347072e-13
5.09018036072 9.74308595176e-14
5.11022044088 9.46505151641e-14
5.13026052104 9.18921706733e-14
5.1503006012 8.91555633598e-14
5.17034068136 8.66334891281e-14
5.19038076152 8.41435428672e-14
5.21042084168 8.16729906472e-14
5.23046092184 7.92216044876e-14
5.250501002 7.67891600095e-14
5.27054108216 7.45955220623e-14
5.29058116232 7.24433397643e-14
5.31062124248 7.03076001564e-14
5.33066132265 6.81881136063e-14
5.35070140281 6.60846934222e-14
5.37074148297 6.40574858346e-14
5.39078156313 6.20554263898e-14
5.41082164329 6.00683700541e-14
5.43086172345 5.80961471532e-14
5.45090180361 5.61385905928e-14
5.47094188377 5.43870810372e-14
5.49098196393 5.26909069074e-14
5.51102204409 5.10072109151e-14
5.53106212425 4.93358544766e-14
5.55110220441 4.76767010796e-14
5.57114228457 4.60993794877e-14
5.59118236473 4.45533538175e-14
5.61122244489 4.30184932112e-14
5.63126252505 4.1494675959e-14
5.65130260521 3.9981782136e-14
5.67134268537 3.86066022171e-14
5.69138276553 3.72862562947e-14
5.71142284569 3.59752769633e-14
5.73146292585 3.46735638936e-14
5.75150300601 3.33810182033e-14
5.77154308617 3.2143490772e-14
5.79158316633 3.09345265439e-14
5.81162324649 2.97339869158e-14
5.83166332665 2.85417832623e-14
5.85170340681 2.73578282137e-14
5.87174348697 2.623818757e-14
5.89178356713 2.51555126069e-14
5.91182364729 2.40802517381e-14
5.93186372745 2.30123283196e-14
5.95190380762 2.19516667749e-14
5.97194388778 2.10018637272e-14
5.99198396794 2.01228427873e-14
6.0120240481 1.92497416837e-14
6.03206412826 1.83825001917e-14
6.05210420842 1.75210589129e-14
6.07214428858 1.67083550511e-14
6.09218436874 1.59326266588e-14
6.1122244489 1.51620354658e-14
6.13226452906 1.43965300757e-14
6.15230460922 1.36360597864e-14
6.17234468938 1.2905523944e-14
6.19238476954 1.22013445758e-14
6.2124248497 1.15017515963e-14
6.23246492986 1.08066998841e-14
6.25250501002 1.01161449169e-14
6.27254509018 9.48257904812e-15
6.29258517034 8.90652048479e-15
6.3126252505 8.33415466868e-15
6.33266533066 7.76544581892e-15
6.35270541082 7.20035862315e-15
6.37274549098 6.67507056374e-15
6.39278557114 6.19642157216e-15
6.4128256513 5.72079309866e-15
6.43286573146 5.24815631465e-15
6.45290581162 4.7784827639e-15
6.47294589178 4.36543851694e-15
6.49298597194 4.0306835793e-15
6.5130260521 3.69801077005e-15
6.53306613226 3.36740045463e-15
6.55310621242 3.03883325016e-15
6.57314629259 2.74968808645e-15
6.59318637275 2.52480115259e-15
6.61322645291 2.30129405217e-15
6.63326653307 2.0791539024e-15
6.65330661323 1.85836798507e-15
6.67334669339 1.64634969165e-15
6.69338677355 1.4504243664e-15
6.71342685371 1.25568303975e-15
6.73346693387 1.06211482058e-15
6.75350701403 8.69708954976e-16
6.77354709419 6.98544123907e-16
6.79358717435 5.76752009248e-16
6.81362725451 4.55687239051e-16
6.83366733467 3.35343158581e-16
6.85370741483 2.15713197458e-16
6.87374749499 1.21426451021e-16
6.89378757515 1.00408133785e-16
6.91382765531 7.9518959902e-17
6.93386773547 5.87576175071e-17
6.95390781563 3.81228150246e-17
6.97394789579 2.14484909089e-17
6.99398797595 1.90803360177e-17
7.01402805611 1.67316057647e-17
7.03406813627 1.44019740771e-17
7.05410821643 1.20911229475e-17
7.07414829659 1.00381664403e-17
7.09418837675 9.15358641489e-18
7.11422845691 8.27902041651e-18
7.13426853707 7.41424703732e-18
7.15430861723 6.55905108688e-18
7.17434869739 5.80018619268e-18
7.19438877756 5.62364075988e-18
7.21442885772 5.4523817902e-18
7.23446893788 5.28624789028e-18
7.25450901804 5.12508265526e-18
7.2745490982 4.96896281143e-18
7.29458917836 4.81978822814e-18
7.31462925852 4.67512772281e-18
7.33466933868 4.53484344496e-18
7.35470941884 4.39880179847e-18
7.374749499 4.26687330864e-18
7.39478957916 4.13893249348e-18
7.41482965932 4.01485773908e-18
7.43486973948 3.89453117898e-18
7.45490981964 3.7778385772e-18
7.4749498998 3.6646692152e-18
7.49498997996 3.55491578219e-18
7.51503006012 3.44847426902e-18
7.53507014028 3.34524386547e-18
7.55511022044 3.2451268606e-18
7.5751503006 3.14802854646e-18
7.59519038076 3.05385712467e-18
7.61523046092 2.96252361602e-18
7.63527054108 2.8739417729e-18
7.65531062124 2.78802799451e-18
7.6753507014 2.70470124466e-18
7.69539078156 2.62388297228e-18
7.71543086172 2.5454970343e-18
7.73547094188 2.46946962106e-18
7.75551102204 2.39572918394e-18
7.7755511022 2.32420636543e-18
7.79559118236 2.2548339312e-18
7.81563126253 2.18754670448e-18
7.83567134269 2.12228150234e-18
7.85571142285 2.05897707411e-18
7.87575150301 1.99757404158e-18
7.89579158317 1.93801484122e-18
7.91583166333 1.88024366809e-18
7.93587174349 1.82420642155e-18
7.95591182365 1.76985065269e-18
7.97595190381 1.71712551335e-18
7.99599198397 1.66598170678e-18
8.01603206413 1.61637143981e-18
8.03607214429 1.56824837651e-18
8.05611222445 1.52156759332e-18
8.07615230461 1.47628553556e-18
8.09619238477 1.43235997527e-18
8.11623246493 1.38974997046e-18
8.13627254509 1.34841582548e-18
8.15631262525 1.30831905274e-18
8.17635270541 1.2694223356e-18
8.19639278557 1.23168949234e-18
8.21643286573 1.19508544138e-18
8.23647294589 1.15957616744e-18
8.25651302605 1.12512868884e-18
8.27655310621 1.0917110258e-18
8.29659318637 1.05929216971e-18
8.31663326653 1.02784205335e-18
8.33667334669 9.97331522028e-19
8.35671342685 9.67732305659e-19
8.37675350701 9.39016991644e-19
8.39679358717 9.11158998626e-19
8.41683366733 8.84132551056e-19
8.43687374749 8.5791265453e-19
8.45691382766 8.3247507191e-19
8.47695390782 8.07796300161e-19
8.49699398798 7.8385354792e-19
8.51703406814 7.60624713752e-19
8.5370741483 7.38088365074e-19
8.55711422846 7.16223717734e-19
8.57715430862 6.9501061622e-19
8.59719438878 6.74429514477e-19
8.61723446894 6.54461457312e-19
8.6372745491 6.35088062384e-19
8.65731462926 6.16291502733e-19
8.67735470942 5.98054489859e-19
8.69739478958 5.80360257317e-19
8.71743486974 5.63192544816e-19
8.7374749499 5.46535582808e-19
8.75751503006 5.30374077555e-19
8.77755511022 5.14693196645e-19
8.79759519038 4.99478554963e-19
8.81763527054 4.8471620109e-19
8.8376753507 4.70392604114e-19
8.85771543086 4.56494640854e-19
8.87775551102 4.4300958347e-19
8.89779559118 4.2992508746e-19
8.91783567134 4.17229180012e-19
8.9378757515 4.04910248729e-19
8.95791583166 3.92957030687e-19
8.97795591182 3.81358601835e-19
8.99799599198 3.70104366716e-19
9.01803607214 3.59184048507e-19
9.0380761523 3.48587679356e-19
9.05811623246 3.38305591022e-19
9.07815631263 3.28328405799e-19
9.09819639279 3.18647027716e-19
9.11823647295 3.09252634008e-19
9.13827655311 3.00136666843e-19
9.15831663327 2.91290825309e-19
9.17835671343 2.82707057639e-19
9.19839679359 2.74377553678e-19
9.21843687375 2.66294737575e-19
9.23847695391 2.58451260703e-19
9.25851703407 2.5083999479e-19
9.27855711423 2.43454025266e-19
9.29859719439 2.36286644804e-19
9.31863727455 2.29331347064e-19
9.33867735471 2.22581820625e-19
9.35871743487 2.16031943106e-19
9.37875751503 2.09675775458e-19
9.39879759519 2.03507556435e-19
9.41883767535 1.97521697235e-19
9.43887775551 1.91712776297e-19
9.45891783567 1.86075534263e-19
9.47895791583 1.80604869093e-19
9.49899799599 1.75295831317e-19
9.51903807615 1.70143619451e-19
9.53907815631 1.65143575533e-19
9.55911823647 1.60291180806e-19
9.57915831663 1.55582051529e-19
9.59919839679 1.51011934912e-19
9.61923847695 1.46576705182e-19
9.63927855711 1.42272359757e-19
9.65931863727 1.38095015547e-19
9.67935871743 1.34040905361e-19
9.6993987976 1.30106374424e-19
9.71943887776 1.26287876999e-19
9.73947895792 1.22581973112e-19
9.75951903808 1.18985325377e-19
9.77955911824 1.15494695916e-19
9.7995991984 1.12106943371e-19
9.81963927856 1.0881902001e-19
9.83967935872 1.05627968914e-19
9.85971943888 1.02530921258e-19
9.87975951904 9.95250936662e-20
9.8997995992 0.0
9.91983967936 0.0
9.93987975952 0.0
9.95991983968 0.0
9.97995991984 0.0
10.0 0.0
