0.0 0.0
0.0200400801603 0.0
0.0400801603206 0.0
0.060120240481 0.0
0.0801603206413 0.0
0.100200400802 0.0
0.120240480962 0.0
0.140280561122 0.0
0.160320641283 0.0
0.180360721443 2.55800621067e-11
0.200400801603 1.63059936028e-11
0.220440881764 5.85382522282e-10
0.240480961924 5.37290971253e-10
0.260521042084 1.66579171291e-11
0.280561122244 1.79605287169e-11
0.300601202405 1.90404237537e-11
0.320641282565 2.03005877476e-11
0.340681362725 2.18468846367e-11
0.360721442886 2.28023607873e-11
0.380761523046 2.3611812054e-11
0.400801603206 2.43381032226e-11
0.420841683367 2.50114525194e-11
0.440881763527 2.5636793825e-11
0.460921843687 2.62087843824e-11
0.480961923848 2.67166563514e-11
0.501002004008 2.71316688392e-11
0.521042084168 2.75166799299e-11
0.541082164329 2.78702308937e-11
0.561122244489 2.8189537194e-11
0.581162324649 2.84873819319e-11
0.60120240481 2.87652848312e-11
0.62124248497 2.90069348049e-11
0.64128256513 2.92216235575e-11
0.661322645291 2.94251660914e-11
0.681362725451 2.95791338482e-11
0.701402805611 2.96058569759e-11
0.721442885772 2.96324485799e-11
0.741482965932 2.96562912967e-11
0.761523046092 2.96392595535e-11
0.781563126253 2.96206416121e-11
0.801603206413 2.96058940421e-11
0.821643286573 2.94761936203e-11
0.841683366733 2.92731552653e-11
0.861723446894 2.90800072022e-11
0.881763527054 2.88325383977e-11
0.901803607214 2.84217796399e-11
0.921843687375 2.80299629814e-11
0.941883767535 2.76548422504e-11
0.961923847695 2.72015016198e-11
0.981963927856 2.67604079358e-11
1.00200400802 2.63395004419e-11
1.02204408818 2.59793974052e-11
1.04208416834 2.56616958198e-11
1.0621242485 2.53554531911e-11
1.08216432866 2.50479552734e-11
1.10220440882 2.47245423425e-11
1.12224448898 2.44131225476e-11
1.14228456914 2.41166869146e-11
1.1623246493 2.37273961527e-11
1.18236472946 2.33450516048e-11
1.20240480962 2.29757820044e-11
1.22244488978 2.26112251704e-11
1.24248496994 2.22538767917e-11
1.2625250501 2.19079939821e-11
1.28256513026 2.15778671341e-11
1.30260521042 2.12711622461e-11
1.32264529058 2.09739800204e-11
1.34268537074 2.06858103028e-11
1.3627254509 2.04407870158e-11
1.38276553106 2.02048598008e-11
1.40280561122 1.99752127904e-11
1.42284569138 1.97262525219e-11
1.44288577154 1.94688446544e-11
1.4629258517 1.92184923399e-11
1.48296593186 1.8978239918e-11
1.50300601202 1.8753052523e-11
1.52304609218 1.85339017008e-11
1.54308617234 1.83223730138e-11
1.56312625251 1.80749203216e-11
1.58316633267 1.78320968971e-11
1.60320641283 1.75954522549e-11
1.62324649299 1.73655318614e-11
1.64328657315 1.7141759714e-11
1.66332665331 1.69232393245e-11
1.68336673347 1.67190635357e-11
1.70340681363 1.65418287941e-11
1.72344689379 1.63687752778e-11
1.74348697395 1.6199614478e-11
1.76352705411 1.59386064669e-11
1.78356713427 1.56805703391e-11
1.80360721443 1.54283465079e-11
1.82364729459 1.52124232575e-11
1.84368737475 1.50183361398e-11
1.86372745491 1.4828469983e-11
1.88376753507 1.46691065233e-11
1.90380761523 1.4571347069e-11
1.92384769539 1.44756513729e-11
1.94388777555 1.43819545415e-11
1.96392785571 1.41893904521e-11
1.98396793587 1.3998716944e-11
2.00400801603 1.380941228e-11
2.02404809619 1.36331525744e-11
2.04408817635 1.34599235543e-11
2.06412825651 1.32901068324e-11
2.08416833667 1.31243027789e-11
2.10420841683 1.29631740502e-11
2.12424849699 1.28051277643e-11
2.14428857715 1.26500760744e-11
2.16432865731 1.24912902498e-11
2.18436873747 1.23353914268e-11
2.20440881764 1.21823633257e-11
2.2244488978 1.20124618619e-11
2.24448897796 1.18356095161e-11
2.26452905812 1.1661921906e-11
2.28456913828 1.14883177495e-11
2.30460921844 1.13117485444e-11
2.3246492986 1.1138254903e-11
2.34468937876 1.09677798018e-11
2.36472945892 1.08342975731e-11
2.38476953908 1.07030836166e-11
2.40480961924 1.05740804499e-11
2.4248496994 1.04436300921e-11
2.44488977956 1.03135870397e-11
2.46492985972 1.01856800915e-11
2.48496993988 1.00432177806e-11
2.50501002004 9.87114246921e-12
2.5250501002 9.70182095408e-12
2.54509018036 9.53592257707e-12
2.56513026052 9.43820998589e-12
2.58517034068 9.34202809506e-12
2.60521042084 9.24734111727e-12
2.625250501 9.11910886881e-12
2.64529058116 8.97657117097e-12
2.66533066132 8.83619337999e-12
2.68537074148 8.69902264928e-12
2.70541082164 8.56590876674e-12
2.7254509018 8.434766999e-12
2.74549098196 8.30595859704e-12
2.76553106212 8.19746658183e-12
2.78557114228 8.09054768452e-12
2.80561122244 7.98516784994e-12
2.82565130261 7.84000058177e-12
2.84569138277 7.67859405287e-12
2.86573146293 7.51945812804e-12
2.88577154309 7.3836261108e-12
2.90581162325 7.28664620562e-12
2.92585170341 7.19100410934e-12
2.94589178357 7.09580556059e-12
2.96593186373 6.97558272021e-12
2.98597194389 6.8569831025e-12
3.00601202405 6.73997397918e-12
3.02605210421 6.6226953355e-12
3.04609218437 6.50619671385e-12
3.06613226453 6.39122930527e-12
3.08617234469 6.28017626909e-12
3.10621242485 6.1746132826e-12
3.12625250501 6.07041097743e-12
3.14629258517 5.96794462155e-12
3.16633266533 5.8758797994e-12
3.18637274549 5.78497931104e-12
3.20641282565 5.69522115737e-12
3.22645290581 5.58887554526e-12
3.24649298597 5.47673459832e-12
3.26653306613 5.365975879e-12
3.28657314629 5.25249503991e-12
3.30661322645 5.13384335073e-12
3.32665330661 5.0166271862e-12
3.34669338677 4.902225326e-12
3.36673346693 4.81447193337e-12
3.38677354709 4.72776172688e-12
3.40681362725 4.64207617606e-12
3.42685370741 4.55298365248e-12
3.44689378758 4.46324578444e-12
3.46693386774 4.37454962509e-12
3.4869739479 4.28834719411e-12
3.50701402806 4.20539561853e-12
3.52705410822 4.12339047151e-12
3.54709418838 4.0416964426e-12
3.56713426854 3.95171649096e-12
3.5871743487 3.86274558836e-12
3.60721442886 3.77476682485e-12
3.62725450902 3.6919202729e-12
3.64729458918 3.61149474498e-12
3.66733466934 3.53195131861e-12
3.6873747495 3.45587845688e-12
3.70741482966 3.38446753185e-12
3.72745490982 3.31382719155e-12
3.74749498998 3.24415382938e-12
3.76753507014 3.17786135847e-12
3.7875751503 3.11227282702e-12
3.80761523046 3.04737706086e-12
3.82765531062 2.97451514222e-12
3.84769539078 2.89944084876e-12
3.86773547094 2.82514689975e-12
3.8877755511 2.7558143206e-12
3.90781563126 2.6931183583e-12
3.92785571142 2.63106414237e-12
3.94789579158 2.57007627862e-12
3.96793587174 2.51445989266e-12
3.9879759519 2.45940420083e-12
4.00801603206 2.40490075145e-12
4.02805611222 2.34578572067e-12
4.04809619238 2.28557908261e-12
4.06813627255 2.22596726725e-12
4.08817635271 2.17090710112e-12
4.10821643287 2.12175593373e-12
4.12825651303 2.07308333698e-12
4.14829659319 2.02470250681e-12
4.16833667335 1.97505678842e-12
4.18837675351 1.92588743888e-12
4.20841683367 1.87718762306e-12
4.22845691383 1.83233573496e-12
4.24849699399 1.78895001332e-12
4.26853707415 1.74597276102e-12
4.28857715431 1.70236303202e-12
4.30861723447 1.65781575788e-12
4.32865731463 1.61368199386e-12
4.34869739479 1.5704404229e-12
4.36873747495 1.5317499873e-12
4.38877755511 1.49341378266e-12
4.40881763527 1.45542695826e-12
4.42885771543 1.42042482537e-12
4.44889779559 1.38650563821e-12
4.46893787575 1.35289141862e-12
4.48897795591 1.31929675687e-12
4.50901803607 1.28565108101e-12
4.52905811623 1.25230386158e-12
4.54909819639 1.21941552036e-12
4.56913827655 1.18808383857e-12
4.58917835671 1.15702643184e-12
4.60921843687 1.12623970851e-12
4.62925851703 1.09605898586e-12
4.64929859719 1.06623172144e-12
4.66933867735 1.03666105163e-12
4.68937875752 1.00889250134e-12
4.70941883768 9.83211225989e-13
4.72945891784 9.57748077106e-13
4.749498998 9.32244151919e-13
4.76953907816 9.0516457347e-13
4.78957915832 8.78312073579e-13
4.80961923848 8.51683803502e-13
4.82965931864 8.27740691395e-13
4.8496993988 8.04629308841e-13
4.86973947896 7.81708539044e-13
4.88977955912 7.59474970435e-13
4.90981963928 7.37995172677e-13
4.92985971944 7.16690363594e-13
4.9498997996 6.95839750604e-13
4.96993987976 6.76952609186e-13
4.98997995992 6.58217483125e-13
5.01002004008 6.39976774213e-13
5.03006012024 6.22199859435e-13
5.0501002004 6.04564313814e-13
5.07014028056 5.87990738395e-13
5.09018036072 5.71566863095e-13
5.11022044088 5.55272056423e-13
5.13026052104 5.39104800381e-13
5.1503006012 5.23063600733e-13
5.17034068136 5.0828104001e-13
5.19038076152 4.93685722989e-13
5.21042084168 4.79202891862e-13
5.23046092184 4.64831249095e-13
5.250501002 4.50569517075e-13
5.27054108216 4.37709431115e-13
5.29058116232 4.25091663314e-13
5.31062124248 4.12569302293e-13
5.33066132265 4.00141268223e-13
5.35070140281 3.87806497539e-13
5.37074148297 3.7591841785e-13
5.39078156313 3.64177042523e-13
5.41082164329 3.52522794687e-13
5.43086172345 3.40954706563e-13
5.45090180361 3.29471824682e-13
5.47094188377 3.19198769902e-13
5.49098196393 3.09250006019e-13
5.51102204409 2.99373724152e-13
5.53106212425 2.89569133753e-13
5.55110220441 2.79835455754e-13
5.57114228457 2.70581906284e-13
5.59118236473 2.61511536232e-13
5.61122244489 2.52506063746e-13
5.63126252505 2.4356479367e-13
5.65130260521 2.34687040764e-13
5.67134268537 2.266180145e-13
5.69138276553 2.1887065178e-13
5.71142284569 2.11177747181e-13
5.73146292585 2.03538727552e-13
5.75150300601 1.95953027777e-13
5.77154308617 1.88690168415e-13
5.79158316633 1.81594676848e-13
5.81162324649 1.74548197703e-13
5.83166332665 1.67550224066e-13
5.85170340681 1.60600256006e-13
5.87174348697 1.540278812e-13
5.89178356713 1.47672360665e-13
5.91182364729 1.41359994795e-13
5.93186372745 1.35090344828e-13
5.95190380762 1.28862977944e-13
5.97194388778 1.23286931053e-13
5.99198396794 1.18126637802e-13
6.0120240481 1.13000800396e-13
6.03206412826 1.07909074288e-13
6.05210420842 1.0285111952e-13
6.07214428858 9.8079384245e-14
6.09218436874 9.35247357558e-14
6.1122244489 8.89999994232e-14
6.13226452906 8.45048810329e-14
6.15230460922 8.00390902269e-14
6.17234468938 7.57490349204e-14
6.19238476954 7.16136909486e-14
6.2124248497 6.75050657541e-14
6.23246492986 6.34229007819e-14
6.25250501002 5.93669408113e-14
6.27254509018 5.5645852057e-14
6.29258517034 5.2262700238e-14
6.3126252505 4.89010607515e-14
6.33266533066 4.55607286909e-14
6.35270541082 4.22415017515e-14
6.37274549098 3.91561259405e-14
6.39278557114 3.63448369996e-14
6.4128256513 3.35511450298e-14
6.43286573146 3.0774885011e-14
6.45290581162 2.80158939867e-14
6.47294589178 2.55897779388e-14
6.49298597194 2.36239331379e-14
6.5130260521 2.16702062394e-14
6.53306613226 1.97284852797e-14
6.55310621242 1.77986596755e-14
6.57314629259 1.61005654343e-14
6.59318637275 1.47802815293e-14
6.61322645291 1.34680151314e-14
6.63326653307 1.21636932134e-14
6.65330661323 1.0867243637e-14
6.67334669339 9.6222710539e-15
6.69338677355 8.47186411737e-15
6.71342685371 7.3283386711e-15
6.73346693387 6.19163296632e-15
6.75350701403 5.0616859949e-15
6.77354709419 4.0565996666e-15
6.79358717435 3.34184785135e-15
6.81362725451 2.63131083727e-15
6.83366733467 1.92495129586e-15
6.85370741483 1.22273234162e-15
6.87374749499 6.69527788064e-16
6.89378757515 5.4724998928e-16
6.91382765531 4.25688242901e-16
6.93386773547 3.04836149968e-16
6.95390781563 1.84687390414e-16
6.97394789579 8.77961367244e-17
6.99398797595 7.50227985745e-17
7.01402805611 6.23283203814e-17
7.03406813627 4.97118686776e-17
7.05410821643 3.71726238081e-17
7.07414829659 2.61182467846e-17
7.09418837675 2.19059287783e-17
7.11422845691 1.77223580247e-17
7.13426853707 1.35671556904e-17
7.15430861723 9.43995090911e-18
7.17434869739 5.85198218126e-18
7.19438877756 5.66319630845e-18
7.21442885772 5.47975489464e-18
7.23446893788 5.30149640081e-18
7.25450901804 5.12826426659e-18
7.2745490982 4.96124989391e-18
7.29458917836 4.81234796467e-18
7.31462925852 4.66795031145e-18
7.33466933868 4.52791944273e-18
7.35470941884 4.39212210787e-18
7.374749499 4.2604291648e-18
7.39478957916 4.13271545172e-18
7.41482965932 4.00885966302e-18
7.43486973948 3.88874422901e-18
7.45490981964 3.7722551995e-18
7.4749498998 3.65928213106e-18
7.49498997996 3.54971797782e-18
7.51503006012 3.44345898573e-18
7.53507014028 3.34040459018e-18
7.55511022044 3.24045731677e-18
7.5751503006 3.14352268533e-18
7.59519038076 3.0495091168e-18
7.61523046092 2.95832784323e-18
7.63527054108 2.86989282046e-18
7.65531062124 2.7841206436e-18
7.6753507014 2.70093046519e-18
7.69539078156 2.6202439159e-18
7.71543086172 2.54198502774e-18
7.73547094188 2.46608015966e-18
7.75551102204 2.39245792549e-18
7.7755511022 2.32104912416e-18
7.79559118236 2.25178667209e-18
7.81563126253 2.18460553768e-18
7.83567134269 2.11944267789e-18
7.85571142285 2.05623697679e-18
7.87575150301 1.99492918601e-18
7.89579158317 1.93546186708e-18
7.91583166333 1.87777933557e-18
7.93587174349 1.82182760695e-18
7.95591182365 1.76755434419e-18
7.97595190381 1.71490880693e-18
7.99599198397 1.66384180227e-18
8.01603206413 1.61430563714e-18
8.03607214429 1.56625407205e-18
8.05611222445 1.5196422764e-18
8.07615230461 1.47442678505e-18
8.09619238477 1.43056545638e-18
8.11623246493 1.38801743157e-18
8.13627254509 1.34674309515e-18
8.15631262525 1.30670403679e-18
8.17635270541 1.26786301433e-18
8.19639278557 1.23018391783e-18
8.21643286573 1.19363173488e-18
8.23647294589 1.15817251688e-18
8.25651302605 1.12377334646e-18
8.27655310621 1.09040230577e-18
8.29659318637 1.05802844594e-18
8.31663326653 1.02662175732e-18
8.33667334669 9.96153140726e-19
8.35671342685 9.66594379579e-19
8.37675350701 9.37918112862e-19
8.39679358717 9.10097808952e-19
8.41683366733 8.83107740242e-19
8.43687374749 8.56922958557e-19
8.45691382766 8.31519271325e-19
8.47695390782 8.06873218483e-19
8.49699398798 7.82962050104e-19
8.51703406814 7.597637047e-19
8.5370741483 7.37256788212e-19
8.55711422846 7.15420553635e-19
8.57715430862 6.94234881274e-19
8.59719438878 6.73680259615e-19
8.61723446894 6.53737766776e-19
8.6372745491 6.34389052536e-19
8.65731462926 6.15616320912e-19
8.67735470942 5.9740231328e-19
8.69739478958 5.79730292006e-19
8.71743486974 5.62584024587e-19
8.7374749499 5.45947768275e-19
8.75751503006 5.2980625518e-19
8.77755511022 5.14144677821e-19
8.79759519038 4.9894867513e-19
8.81763527054 4.84204318881e-19
8.8376753507 4.69898100537e-19
8.85771543086 4.56016918496e-19
8.87775551102 4.42548065737e-19
8.89779559118 4.29479217836e-19
8.91783567134 4.16798421354e-19
8.9378757515 4.04494082581e-19
8.95791583166 3.92554956619e-19
8.97795591182 3.8097013681e-19
8.99799599198 3.69729044475e-19
9.01803607214 3.58821418976e-19
9.0380761523 3.48237308079e-19
9.05811623246 3.37967058611e-19
9.07815631263 3.28001307403e-19
9.09819639279 3.1833097251e-19
9.11823647295 3.08947244698e-19
9.13827655311 2.99841579196e-19
9.15831663327 2.91005687689e-19
9.17835671343 2.8243153057e-19
9.19839679359 2.74111309414e-19
9.21843687375 2.6603745969e-19
9.23847695391 2.58202643696e-19
9.25851703407 2.50599743701e-19
9.27855711423 2.43221855308e-19
9.29859719439 2.36062281006e-19
9.31863727455 2.2911452393e-19
9.33867735471 2.22372281802e-19
9.35871743487 2.15829441065e-19
9.37875751503 2.09480071186e-19
9.39879759519 2.03318419138e-19
9.41883767535 1.97338904051e-19
9.43887775551 1.91536112022e-19
9.45891783567 1.85904791083e-19
9.47895791583 1.80439846325e-19
9.49899799599 1.75136335164e-19
9.51903807615 1.6998946276e-19
9.53907815631 1.64994577566e-19
9.55911823647 1.60147167018e-19
9.57915831663 1.5544285335e-19
9.59919839679 1.50877389542e-19
9.61923847695 1.46446655391e-19
9.63927855711 1.42146653691e-19
9.65931863727 1.37973506543e-19
9.67935871743 1.33923451766e-19
9.6993987976 1.29992839422e-19
9.71943887776 1.26178128443e-19
9.73947895792 1.22475883365e-19
9.75951903808 1.18882771154e-19
9.77955911824 1.15395558135e-19
9.7995991984 1.12011107007e-19
9.81963927856 1.08726373954e-19
9.83967935872 1.05538405842e-19
9.85971943888 1.02444337496e-19
9.87975951904 9.94413890665e-20
9.8997995992 0.0
9.91983967936 0.0
9.93987975952 0.0
9.95991983968 0.0
9.97995991984 0.0
10.0 0.0
