0.0 0.0
0.0200400801603 0.0
0.0400801603206 0.0
0.060120240481 0.0
0.0801603206413 0.0
0.100200400802 0.0
0.120240480962 0.0
0.140280561122 0.0
0.160320641283 0.0
0.180360721443 3.98308215236e-11
0.200400801603 1.96566962917e-11
0.220440881764 6.71465332129e-10
0.240480961924 6.01880424961e-10
0.260521042084 1.83711359322e-11
0.280561122244 1.96516300639e-11
0.300601202405 2.07208698454e-11
0.320641282565 2.20068302911e-11
0.340681362725 2.36152775261e-11
0.360721442886 2.45926591705e-11
0.380761523046 2.54200988518e-11
0.400801603206 2.61641655721e-11
0.420841683367 2.68561724179e-11
0.440881763527 2.750041897e-11
0.460921843687 2.80905151705e-11
0.480961923848 2.86144451952e-11
0.501002004008 2.90410635752e-11
0.521042084168 2.94374538648e-11
0.541082164329 2.98020836971e-11
0.561122244489 3.01314611298e-11
0.581162324649 3.04390559669e-11
0.60120240481 3.0726438739e-11
0.62124248497 3.09760203052e-11
0.64128256513 3.11975665751e-11
0.661322645291 3.14078427852e-11
0.681362725451 3.15656604614e-11
0.701402805611 3.15882010329e-11
0.721442885772 3.16111382521e-11
0.741482965932 3.16317769763e-11
0.761523046092 3.16092308666e-11
0.781563126253 3.15853698186e-11
0.801603206413 3.15658461503e-11
0.821643286573 3.14239485435e-11
0.841683366733 3.120415362e-11
0.861723446894 3.0995234233e-11
0.881763527054 3.07287639767e-11
0.901803607214 3.02884612229e-11
0.921843687375 2.98685976459e-11
0.941883767535 2.94668117983e-11
0.961923847695 2.89818607734e-11
0.981963927856 2.85101511727e-11
1.00200400802 2.80600134814e-11
1.02204408818 2.76747544513e-11
1.04208416834 2.73348145803e-11
1.0621242485 2.70072758911e-11
1.08216432866 2.66786879005e-11
1.10220440882 2.63332395904e-11
1.12224448898 2.6000656128e-11
1.14228456914 2.56838811195e-11
1.1623246493 2.52682649371e-11
1.18236472946 2.48601311858e-11
1.20240480962 2.4466003869e-11
1.22244488978 2.40769683345e-11
1.24248496994 2.36956752333e-11
1.2625250501 2.33266647143e-11
1.28256513026 2.29745171703e-11
1.30260521042 2.26473621794e-11
1.32264529058 2.23303927686e-11
1.34268537074 2.20230664543e-11
1.3627254509 2.17617233858e-11
1.38276553106 2.15100995025e-11
1.40280561122 2.12652331136e-11
1.42284569138 2.09998528398e-11
1.44288577154 2.07255038667e-11
1.4629258517 2.04587008159e-11
1.48296593186 2.02026945089e-11
1.50300601202 1.99627484405e-11
1.52304609218 1.97292480617e-11
1.54308617234 1.95037631022e-11
1.56312625251 1.92400471387e-11
1.58316633267 1.89812789802e-11
1.60320641283 1.87291062043e-11
1.62324649299 1.84841086167e-11
1.64328657315 1.82456722545e-11
1.66332665331 1.80128556949e-11
1.68336673347 1.77953543669e-11
1.70340681363 1.76065447253e-11
1.72344689379 1.74221966018e-11
1.74348697395 1.72420112444e-11
1.76352705411 1.69640633457e-11
1.78356713427 1.66892897378e-11
1.80360721443 1.6420712516e-11
1.82364729459 1.61907851423e-11
1.84368737475 1.59841097362e-11
1.86372745491 1.57819347633e-11
1.88376753507 1.56122350451e-11
1.90380761523 1.55081145079e-11
1.92384769539 1.54061952985e-11
1.94388777555 1.5306408069e-11
1.96392785571 1.51013904439e-11
1.98396793587 1.4898390764e-11
2.00400801603 1.46970121527e-11
2.02404809619 1.45091856906e-11
2.04408817635 1.43247600543e-11
2.06412825651 1.41439696911e-11
2.08416833667 1.39674534002e-11
2.10420841683 1.37959162685e-11
2.12424849699 1.36276627149e-11
2.14428857715 1.34625990725e-11
2.16432865731 1.32935636113e-11
2.18436873747 1.31276033237e-11
2.20440881764 1.29647007387e-11
2.2244488978 1.27838419199e-11
2.24448897796 1.25955876088e-11
2.26452905812 1.24107038633e-11
2.28456913828 1.22259111656e-11
2.30460921844 1.20379649584e-11
2.3246492986 1.18532941224e-11
2.34468937876 1.16718378498e-11
2.36472945892 1.15297539134e-11
2.38476953908 1.13900855039e-11
2.40480961924 1.12527713654e-11
2.4248496994 1.11139183937e-11
2.44488977956 1.09755002177e-11
2.46492985972 1.08393566618e-11
2.48496993988 1.068772388e-11
2.50501002004 1.0504577095e-11
2.5250501002 1.03243625051e-11
2.54509018036 1.01477923652e-11
2.56513026052 1.00437887457e-11
2.58517034068 9.94141494108e-12
2.60521042084 9.84063282728e-12
2.625250501 9.70415205268e-12
2.64529058116 9.55244820889e-12
2.66533066132 9.40304399407e-12
2.68537074148 9.25705374341e-12
2.70541082164 9.11538174346e-12
2.7254509018 8.97580935834e-12
2.74549098196 8.838720987e-12
2.76553106212 8.72325397926e-12
2.78557114228 8.6094617408e-12
2.80561122244 8.4973079998e-12
2.82565130261 8.34281375333e-12
2.84569138277 8.17103883607e-12
2.86573146293 8.00168114974e-12
2.88577154309 7.85712376894e-12
2.90581162325 7.75391245328e-12
2.92585170341 7.65212529183e-12
2.94589178357 7.55081061945e-12
2.96593186373 7.42286644777e-12
2.98597194389 7.29665022907e-12
3.00601202405 7.17212710975e-12
3.02605210421 7.04731771697e-12
3.04609218437 6.92333891605e-12
3.06613226453 6.80099007157e-12
3.08617234469 6.68280720195e-12
3.10621242485 6.57046702472e-12
3.12625250501 6.45957524248e-12
3.14629258517 6.35053117646e-12
3.16633266533 6.25255621964e-12
3.18637274549 6.15582062623e-12
3.20641282565 6.06030097212e-12
3.22645290581 5.94713033167e-12
3.24649298597 5.82779306107e-12
3.26653306613 5.70992706072e-12
3.28657314629 5.58916475366e-12
3.30661322645 5.46290038267e-12
3.32665330661 5.33816398772e-12
3.34669338677 5.21642274688e-12
3.36673346693 5.12303912705e-12
3.38677354709 5.03076585117e-12
3.40681362725 4.93958319038e-12
3.42685370741 4.84477535763e-12
3.44689378758 4.74928105965e-12
3.46693386774 4.65489551353e-12
3.4869739479 4.56316382367e-12
3.50701402806 4.47489164217e-12
3.52705410822 4.38762678506e-12
3.54709418838 4.30069320459e-12
3.56713426854 4.20494271806e-12
3.5871743487 4.11026619512e-12
3.60721442886 4.01664563337e-12
3.62725450902 3.92848649045e-12
3.64729458918 3.84290376111e-12
3.66733466934 3.7582598635e-12
3.6873747495 3.67730917335e-12
3.70741482966 3.6013194111e-12
3.72745490982 3.52614978026e-12
3.74749498998 3.45200925682e-12
3.76753507014 3.3814664666e-12
3.7875751503 3.31167286851e-12
3.80761523046 3.24261656759e-12
3.82765531062 3.16508368313e-12
3.84769539078 3.08519677693e-12
3.86773547094 3.00614037289e-12
3.8877755511 2.93236344322e-12
3.90781563126 2.86564857693e-12
3.92785571142 2.79961669632e-12
3.94789579158 2.73471961401e-12
3.96793587174 2.67553833731e-12
3.9879759519 2.61695377846e-12
4.00801603206 2.55895694117e-12
4.02805611222 2.49605309958e-12
4.04809619238 2.4319877976e-12
4.06813627255 2.36855553054e-12
4.08817635271 2.30996666472e-12
4.10821643287 2.25766550943e-12
4.12825651303 2.20587366177e-12
4.14829659319 2.15439234603e-12
4.16833667335 2.10156516517e-12
4.18837675351 2.04924494593e-12
4.20841683367 1.99742441306e-12
4.22845691383 1.9496984156e-12
4.24849699399 1.90353258174e-12
4.26853707415 1.85780144401e-12
4.28857715431 1.81139736287e-12
4.30861723447 1.76399572574e-12
4.32865731463 1.71703414739e-12
4.34869739479 1.67102197641e-12
4.36873747495 1.62985256356e-12
4.38877755511 1.58906012057e-12
4.40881763527 1.54863948469e-12
4.42885771543 1.51139479187e-12
4.44889779559 1.47530245909e-12
4.46893787575 1.43953466695e-12
4.48897795591 1.40378772116e-12
4.50901803607 1.36798652853e-12
4.52905811623 1.33250294625e-12
4.54909819639 1.29750767155e-12
4.56913827655 1.26416880606e-12
4.58917835671 1.2311218158e-12
4.60921843687 1.19836287821e-12
4.62925851703 1.16624878886e-12
4.64929859719 1.13451082715e-12
4.66933867735 1.10304592393e-12
4.68937875752 1.0734986006e-12
4.70941883768 1.04617227414e-12
4.72945891784 1.01907806772e-12
4.749498998 9.91940494709e-13
4.76953907816 9.63126366668e-13
4.78957915832 9.34553884935e-13
4.80961923848 9.06220017711e-13
4.82965931864 8.80743314736e-13
4.8496993988 8.56151631977e-13
4.86973947896 8.31762788366e-13
4.88977955912 8.08105177483e-13
4.90981963928 7.8524963137e-13
4.92985971944 7.62580297192e-13
4.9498997996 7.40394264265e-13
4.96993987976 7.20297470348e-13
4.98997995992 7.00362440421e-13
5.01002004008 6.80953505103e-13
5.03006012024 6.62038079328e-13
5.0501002004 6.43273087994e-13
5.07014028056 6.25638090367e-13
5.09018036072 6.08162390262e-13
5.11022044088 5.90824034645e-13
5.13026052104 5.73621408086e-13
5.1503006012 5.5655292044e-13
5.17034068136 5.40823685808e-13
5.19038076152 5.25293694393e-13
5.21042084168 5.09883400616e-13
5.23046092184 4.9459142368e-13
5.250501002 4.79416403988e-13
5.27054108216 4.65732797832e-13
5.29058116232 4.52307034016e-13
5.31062124248 4.3898279295e-13
5.33066132265 4.2575892553e-13
5.35070140281 4.12634299966e-13
5.37074148297 3.99984976055e-13
5.39078156313 3.87491756595e-13
5.41082164329 3.75091249485e-13
5.43086172345 3.62782424866e-13
5.45090180361 3.50564268106e-13
5.47094188377 3.39633414594e-13
5.49098196393 3.29047622094e-13
5.51102204409 3.18538957077e-13
5.53106212425 3.081065783e-13
5.55110220441 2.97749656737e-13
5.57114228457 2.87903611645e-13
5.59118236473 2.78252479049e-13
5.61122244489 2.68670403093e-13
5.63126252505 2.59156644049e-13
5.65130260521 2.4971047274e-13
5.67134268537 2.41124814966e-13
5.69138276553 2.32881419893e-13
5.71142284569 2.24695972575e-13
5.73146292585 2.16567863123e-13
5.75150300601 2.08496490197e-13
5.77154308617 2.00768631477e-13
5.79158316633 1.9321885931e-13
5.81162324649 1.85721240063e-13
5.83166332665 1.7827523433e-13
5.85170340681 1.70880310137e-13
5.87174348697 1.63887157791e-13
5.89178356713 1.57124746302e-13
5.91182364729 1.50408254435e-13
5.93186372745 1.43737215311e-13
5.95190380762 1.37111168372e-13
5.97194388778 1.31178144639e-13
5.99198396794 1.25687494904e-13
6.0120240481 1.20233508305e-13
6.03206412826 1.14815818224e-13
6.05210420842 1.09434062926e-13
6.07214428858 1.04356853396e-13
6.09218436874 9.9510630534e-14
6.1122244489 9.46962359022e-14
6.13226452906 8.99133564414e-14
6.15230460922 8.51616831954e-14
6.17234468938 8.05969975465e-14
6.19238476954 7.61969291753e-14
6.2124248497 7.18252910147e-14
6.23246492986 6.74818079501e-14
6.25250501002 6.31662084144e-14
6.27254509018 5.9206919941e-14
6.29258517034 5.56072042709e-14
6.3126252505 5.2030378688e-14
6.33266533066 4.84762251671e-14
6.35270541082 4.4944528451e-14
6.37274549098 4.16616546272e-14
6.39278557114 3.86704151742e-14
6.4128256513 3.56978995502e-14
6.43286573146 3.27439321736e-14
6.45290581162 2.98083396581e-14
6.47294589178 2.72269328187e-14
6.49298597194 2.51352634746e-14
6.5130260521 2.30564877819e-14
6.53306613226 2.09904866184e-14
6.55310621242 1.89371423301e-14
6.57314629259 1.71303643933e-14
6.59318637275 1.57255832892e-14
6.61322645291 1.43293327214e-14
6.63326653307 1.29415350005e-14
6.65330661323 1.15621133822e-14
6.67334669339 1.02374639637e-14
6.69338677355 9.01343377288e-15
6.71342685371 7.79672537994e-15
6.73346693387 6.58727309461e-15
6.75350701403 5.38501201418e-15
6.77354709419 4.31560444902e-15
6.79358717435 3.55511711605e-15
6.81362725451 2.79911406996e-15
6.83366733467 2.04755560547e-15
6.85370741483 1.30040248817e-15
6.87374749499 7.11802611186e-16
6.89378757515 5.81714759891e-16
6.91382765531 4.52388310972e-16
6.93386773547 3.23816471295e-16
6.95390781563 1.95992531176e-16
6.97394789579 9.29144563528e-17
6.99398797595 7.93385534851e-17
7.01402805611 6.58461042158e-17
7.03406813627 5.24362357134e-17
7.05410821643 3.91080894082e-17
7.07414829659 2.73594478897e-17
7.09418837675 2.28904425823e-17
7.11422845691 1.84516331041e-17
7.13426853707 1.40426283795e-17
7.15430861723 9.66304543704e-18
7.17434869739 5.85685944682e-18
7.19438877756 5.66709825993e-18
7.21442885772 5.48268714273e-18
7.23446893788 5.3034645033e-18
7.25450901804 5.12927372914e-18
7.2745490982 4.96139214671e-18
7.29458917836 4.81248519051e-18
7.31462925852 4.66808269099e-18
7.33466933868 4.52804714999e-18
7.35470941884 4.39224531052e-18
7.374749499 4.26054802438e-18
7.39478957916 4.13283012389e-18
7.41482965932 4.00897029773e-18
7.43486973948 3.88885097076e-18
7.45490981964 3.77235818752e-18
7.4749498998 3.65938149952e-18
7.49498997996 3.54981385599e-18
7.51503006012 3.4435514982e-18
7.53507014028 3.340493857e-18
7.55511022044 3.24054345365e-18
7.5751503006 3.14360580376e-18
7.59519038076 3.04958932425e-18
7.61523046092 2.95840524326e-18
7.63527054108 2.86996751289e-18
7.65531062124 2.78419272464e-18
7.6753507014 2.70100002757e-18
7.69539078156 2.62031104901e-18
7.71543086172 2.54204981773e-18
7.73547094188 2.46614268957e-18
7.75551102204 2.39251827539e-18
7.7755511022 2.32110737122e-18
7.79559118236 2.25184289069e-18
7.81563126253 2.18465979955e-18
7.83567134269 2.11949505217e-18
7.85571142285 2.05628753013e-18
7.87575150301 1.99497798268e-18
7.89579158317 1.93550896903e-18
7.91583166333 1.87782480255e-18
7.93587174349 1.82187149655e-18
7.95591182365 1.76759671195e-18
7.97595190381 1.71494970639e-18
7.99599198397 1.66388128507e-18
8.01603206413 1.61434375307e-18
8.03607214429 1.56629086912e-18
8.05611222445 1.5196778009e-18
8.07615230461 1.47446108163e-18
8.09619238477 1.43059856811e-18
8.11623246493 1.38804939996e-18
8.13627254509 1.34677396024e-18
8.15631262525 1.30673383721e-18
8.17635270541 1.26789178732e-18
8.19639278557 1.23021169932e-18
8.21643286573 1.19365855951e-18
8.23647294589 1.15819841808e-18
8.25651302605 1.12379835645e-18
8.27655310621 1.09042645566e-18
8.29659318637 1.05805176571e-18
8.31663326653 1.0266442759e-18
8.33667334669 9.96174886019e-19
8.35671342685 9.66615378506e-19
8.37675350701 9.37938391391e-19
8.39679358717 9.10117392133e-19
8.41683366733 8.83126652243e-19
8.43687374749 8.56941222692e-19
8.45691382766 8.31536910086e-19
8.47695390782 8.06890253572e-19
8.49699398798 7.82978502456e-19
8.51703406814 7.59779594516e-19
8.5370741483 7.37272134981e-19
8.55711422846 7.15435376161e-19
8.57715430862 6.94249197701e-19
8.59719438878 6.7369408745e-19
8.61723446894 6.53751122912e-19
8.6372745491 6.34401953272e-19
8.65731462926 6.15628781978e-19
8.67735470942 5.97414349854e-19
8.69739478958 5.79741918735e-19
8.71743486974 5.62595255605e-19
8.7374749499 5.45958617223e-19
8.75751503006 5.29816735219e-19
8.77755511022 5.14154801656e-19
8.79759519038 4.98958455022e-19
8.81763527054 4.84213766662e-19
8.8376753507 4.69907227625e-19
8.85771543086 4.56025735914e-19
8.87775551102 4.42556584122e-19
8.89779559118 4.29487447456e-19
8.91783567134 4.16806372119e-19
8.9378757515 4.04501764055e-19
8.95791583166 3.92562378036e-19
8.97795591182 3.80977307082e-19
8.99799599198 3.69735972204e-19
9.01803607214 3.58828112466e-19
9.0380761523 3.48243775347e-19
9.05811623246 3.37973307394e-19
9.07815631263 3.28007345171e-19
9.09819639279 3.18336806474e-19
9.11823647295 3.0895288182e-19
9.13827655311 2.99847026196e-19
9.15831663327 2.91010951056e-19
9.17835671343 2.82436616568e-19
9.19839679359 2.74116224089e-19
9.21843687375 2.66042208882e-19
9.23847695391 2.58207233042e-19
9.25851703407 2.50604178644e-19
9.27855711423 2.43226141102e-19
9.29859719439 2.36066422725e-19
9.31863727455 2.29118526474e-19
9.33867735471 2.22376149902e-19
9.35871743487 2.15833179287e-19
9.37875751503 2.09483683941e-19
9.39879759519 2.03321910686e-19
9.41883767535 1.97342278504e-19
9.43887775551 1.91539373351e-19
9.45891783567 1.85907943123e-19
9.47895791583 1.80442892779e-19
9.49899799599 1.75139279609e-19
9.51903807615 1.6999230865e-19
9.53907815631 1.64997328237e-19
9.55911823647 1.60149825689e-19
9.57915831663 1.55445423133e-19
9.59919839679 1.50879873443e-19
9.61923847695 1.46449056309e-19
9.63927855711 1.4214897443e-19
9.65931863727 1.3797574981e-19
9.67935871743 1.33925620175e-19
9.6993987976 1.29994935497e-19
9.71943887776 1.26180154624e-19
9.73947895792 1.22477842007e-19
9.75951903808 1.18884664533e-19
9.77955911824 1.15397388448e-19
9.7995991984 1.12012876378e-19
9.81963927856 1.08728084433e-19
9.83967935872 1.05540059409e-19
9.85971943888 1.02445936066e-19
9.87975951904 9.9442934487e-20
9.8997995992 0.0
9.91983967936 0.0
9.93987975952 0.0
9.95991983968 0.0
9.97995991984 0.0
10.0 0.0
