0.0 0.0
0.0200400801603 0.0
0.0400801603206 0.0
0.060120240481 0.0
0.0801603206413 0.0
0.100200400802 0.0
0.120240480962 0.0
0.140280561122 0.0
0.160320641283 0.0
0.180360721443 0.0
0.200400801603 0.0
0.220440881764 0.0
0.240480961924 0.0
0.260521042084 0.0
0.280561122244 0.0
0.300601202405 0.0
0.320641282565 0.0
0.340681362725 0.0
0.360721442886 8.93408651779e-11
0.380761523046 5.92896861016e-11
0.400801603206 5.025163556e-11
0.420841683367 4.58704170697e-11
0.440881763527 4.33445936875e-11
0.460921843687 4.17380854376e-11
0.480961923848 4.06321648957e-11
0.501002004008 3.97808561755e-11
0.521042084168 3.91616936237e-11
0.541082164329 3.86980206104e-11
0.561122244489 3.83365438571e-11
0.581162324649 3.80613247931e-11
0.60120240481 3.78505467514e-11
0.62124248497 3.76654034929e-11
0.64128256513 3.75053766665e-11
0.661322645291 3.7380754195e-11
0.681362725451 3.72348698208e-11
0.701402805611 3.6965758421e-11
0.721442885772 3.67290792468e-11
0.741482965932 3.65171173913e-11
0.761523046092 3.6278997609e-11
0.781563126253 3.60601394158e-11
0.801603206413 3.58641790452e-11
0.821643286573 3.55454562748e-11
0.841683366733 3.51539419603e-11
0.861723446894 3.4788552694e-11
0.881763527054 3.43710763576e-11
0.901803607214 3.37710122333e-11
0.921843687375 3.32048893893e-11
0.941883767535 3.26687762975e-11
0.961923847695 3.20494802466e-11
0.981963927856 3.14531635517e-11
1.00200400802 3.08880052211e-11
1.02204408818 3.04007688651e-11
1.04208416834 2.99690331454e-11
1.0621242485 2.95560289183e-11
1.08216432866 2.91466271551e-11
1.10220440882 2.8723047271e-11
1.12224448898 2.83174014337e-11
1.14228456914 2.793232973e-11
1.1623246493 2.74431167849e-11
1.18236472946 2.69652800022e-11
1.20240480962 2.65056102371e-11
1.22244488978 2.60541800334e-11
1.24248496994 2.56136335142e-11
1.2625250501 2.51886741918e-11
1.28256513026 2.4784052377e-11
1.30260521042 2.44083089438e-11
1.32264529058 2.40452917188e-11
1.34268537074 2.36942737695e-11
1.3627254509 2.33941914664e-11
1.38276553106 2.31058718105e-11
1.40280561122 2.28260577343e-11
1.42284569138 2.25253866998e-11
1.44288577154 2.22161922e-11
1.4629258517 2.1916126383e-11
1.48296593186 2.16286010817e-11
1.50300601202 2.13591548347e-11
1.52304609218 2.10974234445e-11
1.54308617234 2.08449370522e-11
1.56312625251 2.05523205459e-11
1.58316633267 2.02657047959e-11
1.60320641283 1.99868002294e-11
1.62324649299 1.97161790746e-11
1.64328657315 1.94531427882e-11
1.66332665331 1.91966582848e-11
1.68336673347 1.89570313525e-11
1.70340681363 1.87484371958e-11
1.72344689379 1.85450213362e-11
1.74348697395 1.83464458532e-11
1.76352705411 1.80442515093e-11
1.78356713427 1.77458663851e-11
1.80360721443 1.74544778765e-11
1.82364729459 1.72045490334e-11
1.84368737475 1.69796646611e-11
1.86372745491 1.67598707387e-11
1.88376753507 1.65748511825e-11
1.90380761523 1.64597017328e-11
1.92384769539 1.63470986871e-11
1.94388777555 1.62369572799e-11
1.96392785571 1.6015396728e-11
1.98396793587 1.57962131595e-11
2.00400801603 1.55790939418e-11
2.02404809619 1.53762979246e-11
2.04408817635 1.51774338007e-11
2.06412825651 1.49826094889e-11
2.08416833667 1.4792491203e-11
2.10420841683 1.46078153366e-11
2.12424849699 1.44267765986e-11
2.14428857715 1.42492672723e-11
2.16432865731 1.40676999879e-11
2.18436873747 1.38895277773e-11
2.20440881764 1.37147248274e-11
2.2244488978 1.35210570252e-11
2.24448897796 1.33196976615e-11
2.26452905812 1.3122029435e-11
2.28456913828 1.29245786271e-11
2.30460921844 1.27239109674e-11
2.3246492986 1.25268181702e-11
2.34468937876 1.23332302155e-11
2.36472945892 1.21813448871e-11
2.38476953908 1.20320988156e-11
2.40480961924 1.18854230905e-11
2.4248496994 1.17372020808e-11
2.44488977956 1.15895177358e-11
2.46492985972 1.14443097521e-11
2.48496993988 1.12828208036e-11
2.50501002004 1.10881385961e-11
2.5250501002 1.08966295994e-11
2.54509018036 1.07090417273e-11
2.56513026052 1.05981001063e-11
2.58517034068 1.04889303321e-11
2.60521042084 1.03814899017e-11
2.625250501 1.02364392769e-11
2.64529058116 1.00753858658e-11
2.66533066132 9.91681356924e-12
2.68537074148 9.7618950139e-12
2.70541082164 9.61158098767e-12
2.7254509018 9.46352930079e-12
2.74549098196 9.31814306697e-12
2.76553106212 9.19559440367e-12
2.78557114228 9.07485037255e-12
2.80561122244 8.95587107498e-12
2.82565130261 8.7923049036e-12
2.84569138277 8.61057046503e-12
2.86573146293 8.43142734258e-12
2.88577154309 8.27845768744e-12
2.90581162325 8.16908638483e-12
2.92585170341 8.0612448463e-12
2.94589178357 7.95392937164e-12
2.96593186373 7.81859135752e-12
2.98597194389 7.68510396625e-12
3.00601202405 7.55342922103e-12
3.02605210421 7.42148138536e-12
3.04609218437 7.29043582333e-12
3.06613226453 7.16113329356e-12
3.08617234469 7.03624292079e-12
3.10621242485 6.9175284817e-12
3.12625250501 6.80036190888e-12
3.14629258517 6.68516266039e-12
3.16633266533 6.58163674281e-12
3.18637274549 6.47943478468e-12
3.20641282565 6.37853138083e-12
3.22645290581 6.25906881713e-12
3.24649298597 6.1331360276e-12
3.26653306613 6.00877137133e-12
3.28657314629 5.88137804764e-12
3.30661322645 5.7482141161e-12
3.32665330661 5.61667695233e-12
3.34669338677 5.48830949688e-12
3.36673346693 5.38979445543e-12
3.38677354709 5.29246177785e-12
3.40681362725 5.19629017792e-12
3.42685370741 5.09631841024e-12
3.44689378758 4.99563787001e-12
3.46693386774 4.89613661113e-12
3.4869739479 4.79943929088e-12
3.50701402806 4.70639257684e-12
3.52705410822 4.61441671948e-12
3.54709418838 4.52280032751e-12
3.56713426854 4.42192266811e-12
3.5871743487 4.32218563021e-12
3.60721442886 4.22356987391e-12
3.62725450902 4.13070731822e-12
3.64729458918 4.0405635929e-12
3.66733466934 3.95141637701e-12
3.6873747495 3.86616121568e-12
3.70741482966 3.78613026383e-12
3.72745490982 3.70696954305e-12
3.74749498998 3.62889846157e-12
3.76753507014 3.55461692347e-12
3.7875751503 3.48113001416e-12
3.80761523046 3.40842498699e-12
3.82765531062 3.32681674989e-12
3.84769539078 3.24274134156e-12
3.86773547094 3.15954592656e-12
3.8877755511 3.08190619187e-12
3.90781563126 3.01169492656e-12
3.92785571142 2.94220721856e-12
3.94789579158 2.87391769119e-12
3.96793587174 2.81164022406e-12
3.9879759519 2.74999475341e-12
4.00801603206 2.68897166316e-12
4.02805611222 2.62279697609e-12
4.04809619238 2.55540670861e-12
4.06813627255 2.48868639552e-12
4.08817635271 2.42705973347e-12
4.10821643287 2.37204371308e-12
4.12825651303 2.31756664201e-12
4.14829659319 2.26341955883e-12
4.16833667335 2.2078621581e-12
4.18837675351 2.1528409914e-12
4.20841683367 2.09834829975e-12
4.22845691383 2.04816041479e-12
4.24849699399 1.99961461921e-12
4.26853707415 1.95152846637e-12
4.28857715431 1.90273835379e-12
4.30861723447 1.85290329346e-12
4.32865731463 1.80353335627e-12
4.34869739479 1.75516345519e-12
4.36873747495 1.71188282178e-12
4.38877755511 1.6690005569e-12
4.40881763527 1.62651116383e-12
4.42885771543 1.5873596835e-12
4.44889779559 1.54942058523e-12
4.46893787575 1.51182435044e-12
4.48897795591 1.47425197607e-12
4.50901803607 1.43662456059e-12
4.52905811623 1.39933258192e-12
4.54909819639 1.36255524055e-12
4.56913827655 1.32751912348e-12
4.58917835671 1.29279119228e-12
4.60921843687 1.25836738327e-12
4.62925851703 1.22462230665e-12
4.64929859719 1.19127372564e-12
4.66933867735 1.15821336416e-12
4.68937875752 1.12716793754e-12
4.70941883768 1.09845589487e-12
4.72945891784 1.06998882681e-12
4.749498998 1.04147744984e-12
4.76953907816 1.01120700457e-12
4.78957915832 9.81191508157e-13
4.80961923848 9.51427742044e-13
4.82965931864 9.24664836467e-13
4.8496993988 8.98832140857e-13
4.86973947896 8.73213405629e-13
4.88977955912 8.48363325759e-13
4.90981963928 8.24356207731e-13
4.92985971944 8.0054547499e-13
4.9498997996 7.77242981185e-13
4.96993987976 7.56134544693e-13
4.98997995992 7.35196686675e-13
5.01002004008 7.14811836218e-13
5.03006012024 6.94945750858e-13
5.0501002004 6.75238268636e-13
5.07014028056 6.56717602407e-13
5.09018036072 6.38364776504e-13
5.11022044088 6.20156729913e-13
5.13026052104 6.02091750522e-13
5.1503006012 5.84168153207e-13
5.17034068136 5.6765082886e-13
5.19038076152 5.51343155509e-13
5.21042084168 5.35161625979e-13
5.23046092184 5.19104777541e-13
5.250501002 5.03171170078e-13
5.27054108216 4.88803347648e-13
5.29058116232 4.74706568283e-13
5.31062124248 4.60716754106e-13
5.33066132265 4.46832688365e-13
5.35070140281 4.33053172756e-13
5.37074148297 4.19772865328e-13
5.39078156313 4.06656754001e-13
5.41082164329 3.93638299662e-13
5.43086172345 3.80716412323e-13
5.45090180361 3.67890018217e-13
5.47094188377 3.56414883857e-13
5.49098196393 3.45302159877e-13
5.51102204409 3.34270660421e-13
5.53106212425 3.23319495472e-13
5.55110220441 3.12447788018e-13
5.57114228457 3.02112444516e-13
5.59118236473 2.91981885902e-13
5.61122244489 2.81924035933e-13
5.63126252505 2.7193811231e-13
5.65130260521 2.62023343956e-13
5.67134268537 2.53011749611e-13
5.69138276553 2.44359498396e-13
5.71142284569 2.35768247995e-13
5.73146292585 2.27237353649e-13
5.75150300601 2.18766179683e-13
5.77154308617 2.10655625171e-13
5.79158316633 2.02732102396e-13
5.81162324649 1.94863469095e-13
5.83166332665 1.8704915523e-13
5.85170340681 1.79288598654e-13
5.87174348697 1.71949742705e-13
5.89178356713 1.64853127998e-13
5.91182364729 1.578048333e-13
5.93186372745 1.50804365384e-13
5.95190380762 1.43851237736e-13
5.97194388778 1.37625336471e-13
5.99198396794 1.31863671507e-13
6.0120240481 1.26140580211e-13
6.03206412826 1.2045567539e-13
6.05210420842 1.14808575037e-13
6.07214428858 1.0948108114e-13
6.09218436874 1.04396012858e-13
6.1122244489 9.93444257536e-14
6.13226452906 9.43259893006e-14
6.15230460922 8.93403773262e-14
6.17234468938 8.45510141852e-14
6.19238476954 7.99344261096e-14
6.2124248497 7.53477397154e-14
6.23246492986 7.07906646253e-14
6.25250501002 6.62629142237e-14
6.27254509018 6.21090187326e-14
6.29258517034 5.8332390439e-14
6.3126252505 5.45798334253e-14
6.33266533066 5.08511176347e-14
6.35270541082 4.71460159437e-14
6.37274549098 4.37019842856e-14
6.39278557114 4.05639250999e-14
6.4128256513 3.7445553083e-14
6.43286573146 3.43466830142e-14
6.45290581162 3.1267131998e-14
6.47294589178 2.85591511058e-14
6.49298597194 2.63649196449e-14
6.5130260521 2.41842434463e-14
6.53306613226 2.20169968813e-14
6.55310621242 1.98630558766e-14
6.57314629259 1.79677732692e-14
6.59318637275 1.64941775082e-14
6.61322645291 1.50295488518e-14
6.63326653307 1.35738053899e-14
6.65330661323 1.21268662128e-14
6.67334669339 1.07373953927e-14
6.69338677355 9.45347989278e-15
6.71342685371 8.17725986463e-15
6.73346693387 6.90866606613e-15
6.75350701403 5.64763008834e-15
6.77354709419 4.52595373889e-15
6.79358717435 3.72830254976e-15
6.81362725451 2.93536381679e-15
6.83366733467 2.14709570145e-15
6.85370741483 1.36345686299e-15
6.87374749499 7.4612193077e-16
6.89378757515 6.09691735012e-16
6.91382765531 4.74061278014e-16
6.93386773547 3.39223413707e-16
6.95390781563 2.05171083868e-16
6.97394789579 9.70733352899e-17
6.99398797595 8.28457872086e-17
7.01402805611 6.87055781714e-17
7.03406813627 5.46517999022e-17
7.05410821643 4.06835588281e-17
7.07414829659 2.83716941648e-17
7.09418837675 2.3694295547e-17
7.11422845691 1.90483205158e-17
7.13426853707 1.44333668301e-17
7.15430861723 9.84904049556e-18
7.17434869739 5.86584032292e-18
7.19438877756 5.67511025655e-18
7.21442885772 5.48974140319e-18
7.23446893788 5.30957188825e-18
7.25450901804 5.13444482613e-18
7.2745490982 4.96570690539e-18
7.29458917836 4.81664744265e-18
7.31462925852 4.67209791829e-18
7.33466933868 4.53192063345e-18
7.35470941884 4.39598213798e-18
7.374749499 4.26415309767e-18
7.39478957916 4.13630816581e-18
7.41482965932 4.01232585871e-18
7.43486973948 3.89208843526e-18
7.45490981964 3.77548178022e-18
7.4749498998 3.66239529124e-18
7.49498997996 3.55272176945e-18
7.51503006012 3.44635731345e-18
7.53507014028 3.34320121674e-18
7.55511022044 3.24315586833e-18
7.5751503006 3.14612665644e-18
7.59519038076 3.05202187536e-18
7.61523046092 2.96075263509e-18
7.63527054108 2.87223277395e-18
7.65531062124 2.78637877388e-18
7.6753507014 2.70310967843e-18
7.69539078156 2.62234701326e-18
7.71543086172 2.54401470925e-18
7.73547094188 2.46803902795e-18
7.75551102204 2.39434848937e-18
7.7755511022 2.32287380204e-18
7.79559118236 2.25354779531e-18
7.81563126253 2.18630535371e-18
7.83567134269 2.1210833534e-18
7.85571142285 2.05782060061e-18
7.87575150301 1.99645777196e-18
7.89579158317 1.93693735673e-18
7.91583166333 1.87920360088e-18
7.93587174349 1.8232024528e-18
7.95591182365 1.76888151082e-18
7.97595190381 1.7161899723e-18
7.99599198397 1.66507858436e-18
8.01603206413 1.61549959609e-18
8.03607214429 1.56740671229e-18
8.05611222445 1.52075504865e-18
8.07615230461 1.47550108829e-18
8.09619238477 1.43160263973e-18
8.11623246493 1.38901879608e-18
8.13627254509 1.34770989556e-18
8.15631262525 1.3076374832e-18
8.17635270541 1.26876427379e-18
8.19639278557 1.23105411596e-18
8.21643286573 1.1944719573e-18
8.23647294589 1.15898381069e-18
8.25651302605 1.12455672162e-18
8.27655310621 1.09115873645e-18
8.29659318637 1.05875887179e-18
8.31663326653 1.02732708472e-18
8.33667334669 9.96834244007e-19
8.35671342685 9.67252102142e-19
8.37675350701 9.38553268306e-19
8.39679358717 9.10711182142e-19
8.41683366733 8.83700088342e-19
8.43687374749 8.5749501202e-19
8.45691382766 8.32071734852e-19
8.47695390782 8.07406771948e-19
8.49699398798 7.83477349437e-19
8.51703406814 7.6026138275e-19
8.5370741483 7.37737455568e-19
8.55711422846 7.15884799422e-19
8.57715430862 6.94683273921e-19
8.59719438878 6.74113347592e-19
8.61723446894 6.54156079305e-19
8.6372745491 6.34793100279e-19
8.65731462926 6.16006596632e-19
8.67735470942 5.97779292475e-19
8.69739478958 5.80094433528e-19
8.71743486974 5.62935771229e-19
8.7374749499 5.46287547345e-19
8.75751503006 5.30134479049e-19
8.77755511022 5.14461744453e-19
8.79759519038 4.99254968594e-19
8.81763527054 4.84500209844e-19
8.8376753507 4.70183946735e-19
8.85771543086 4.56293065197e-19
8.87775551102 4.42814846177e-19
8.89779559118 4.29736953649e-19
8.91783567134 4.17047422978e-19
8.9378757515 4.04734649656e-19
8.95791583166 3.92787378369e-19
8.97795591182 3.81194692406e-19
8.99799599198 3.69946003394e-19
9.01803607214 3.59031041341e-19
9.0380761523 3.48439844987e-19
9.05811623246 3.38162752452e-19
9.07815631263 3.28190392165e-19
9.09819639279 3.18513674078e-19
9.11823647295 3.09123781134e-19
9.13827655311 3.00012161016e-19
9.15831663327 2.9117051813e-19
9.17835671343 2.82590805839e-19
9.19839679359 2.74265218941e-19
9.21843687375 2.66186186362e-19
9.23847695391 2.58346364087e-19
9.25851703407 2.50738628293e-19
9.27855711423 2.43356068703e-19
9.29859719439 2.36191982134e-19
9.31863727455 2.29239866244e-19
9.33867735471 2.22493413474e-19
9.35871743487 2.15946505163e-19
9.37875751503 2.09593205859e-19
9.39879759519 2.03427757784e-19
9.41883767535 1.97444575485e-19
9.43887775551 1.91638240631e-19
9.45891783567 1.86003496986e-19
9.47895791583 1.80535245516e-19
9.49899799599 1.7522853966e-19
9.51903807615 1.70078580737e-19
9.53907815631 1.65080713492e-19
9.55911823647 1.60230421783e-19
9.57915831663 1.55523324389e-19
9.59919839679 1.50955170958e-19
9.61923847695 1.46521838064e-19
9.63927855711 1.42219325397e-19
9.65931863727 1.38043752056e-19
9.67935871743 1.33991352966e-19
9.6993987976 1.30058475391e-19
9.71943887776 1.26241575566e-19
9.73947895792 1.2253721542e-19
9.75951903808 1.18942059404e-19
9.77955911824 1.15452871412e-19
9.7995991984 1.12066511801e-19
9.81963927856 1.0877993449e-19
9.83967935872 1.05590184156e-19
9.85971943888 1.02494393517e-19
9.87975951904 9.94897806843e-20
9.8997995992 0.0
9.91983967936 0.0
9.93987975952 0.0
9.95991983968 0.0
9.97995991984 0.0
10.0 0.0
