0.0 0.0
0.0200400801603 4.21155096175e-09
0.0400801603206 6.17349373776e-09
0.060120240481 5.80396073297e-09
0.0801603206413 4.90783372639e-09
0.100200400802 3.98711244072e-09
0.120240480962 3.20901572959e-09
0.140280561122 2.74936214096e-09
0.160320641283 2.49481069657e-09
0.180360721443 2.30921931664e-09
0.200400801603 2.19666680888e-09
0.220440881764 2.18138459059e-09
0.240480961924 2.10787023434e-09
0.260521042084 1.94948979114e-09
0.280561122244 1.85522099487e-09
0.300601202405 1.77368624404e-09
0.320641282565 1.69783801792e-09
0.340681362725 1.62930540009e-09
0.360721442886 1.56831459169e-09
0.380761523046 1.51318226615e-09
0.400801603206 1.46310995989e-09
0.420841683367 1.41782024421e-09
0.440881763527 1.37499009866e-09
0.460921843687 1.3267651879e-09
0.480961923848 1.28259550777e-09
0.501002004008 1.24199559443e-09
0.521042084168 1.19766183126e-09
0.541082164329 1.15497765369e-09
0.561122244489 1.11536677173e-09
0.581162324649 1.07584693139e-09
0.60120240481 1.03612707655e-09
0.62124248497 9.98985243736e-10
0.64128256513 9.64096828112e-10
0.661322645291 9.30821120666e-10
0.681362725451 8.99524893461e-10
0.701402805611 8.69997357312e-10
0.721442885772 8.37144507716e-10
0.741482965932 8.04967396295e-10
0.761523046092 7.74484943094e-10
0.781563126253 7.44811852058e-10
0.801603206413 7.15872459088e-10
0.821643286573 6.88334919009e-10
0.841683366733 6.6173615695e-10
0.861723446894 6.3450005312e-10
0.881763527054 6.08481734777e-10
0.901803607214 5.83576464533e-10
0.921843687375 5.58959961373e-10
0.941883767535 5.35245932278e-10
0.961923847695 5.12505193892e-10
0.981963927856 4.90224853265e-10
1.00200400802 4.68372433377e-10
1.02204408818 4.4738712025e-10
1.04208416834 4.26971418244e-10
1.0621242485 4.06171734254e-10
1.08216432866 3.86140382513e-10
1.10220440882 3.66839089843e-10
1.12224448898 3.48476805223e-10
1.14228456914 3.30798026561e-10
1.1623246493 3.13702403767e-10
1.18236472946 2.97225650868e-10
1.20240480962 2.81339891891e-10
1.22244488978 2.65976656102e-10
1.24248496994 2.51059139889e-10
1.2625250501 2.36389914121e-10
1.28256513026 2.22180338607e-10
1.30260521042 2.08414157877e-10
1.32264529058 1.95747636822e-10
1.34268537074 1.83576160646e-10
1.3627254509 1.71769770834e-10
1.38276553106 1.60582632477e-10
1.40280561122 1.49959982162e-10
1.42284569138 1.39631238907e-10
1.44288577154 1.29805844773e-10
1.4629258517 1.21140172244e-10
1.48296593186 1.12709418277e-10
1.50300601202 1.04505268591e-10
1.52304609218 9.73976802851e-11
1.54308617234 9.06166708392e-11
1.56312625251 8.40013418522e-11
1.58316633267 7.78185763709e-11
1.60320641283 7.201669967e-11
1.62324649299 6.63582904293e-11
1.64328657315 6.10045073274e-11
1.66332665331 5.6428529417e-11
1.68336673347 5.19631187999e-11
1.70340681363 4.76076278292e-11
1.72344689379 4.40944868638e-11
1.74348697395 4.0766544424e-11
1.76352705411 3.74950984389e-11
1.78356713427 3.45626576119e-11
1.80360721443 3.19161189836e-11
1.82364729459 2.93339682322e-11
1.84368737475 2.6916289397e-11
1.86372745491 2.49308556364e-11
1.88376753507 2.29931121562e-11
1.90380761523 2.11081839331e-11
1.92384769539 1.96074920048e-11
1.94388777555 1.81819851251e-11
1.96392785571 1.67653689271e-11
1.98396793587 1.55050460551e-11
2.00400801603 1.43705778107e-11
2.02404809619 1.32646239947e-11
2.04408817635 1.2229205164e-11
2.06412825651 1.13853225994e-11
2.08416833667 1.05579023862e-11
2.10420841683 9.74684557458e-12
2.12424849699 9.11330158963e-12
2.14428857715 8.5102814143e-12
2.16432865731 7.91712933492e-12
2.18436873747 7.4012985161e-12
2.20440881764 6.94545810182e-12
2.2244488978 6.49391110849e-12
2.24448897796 6.0674209842e-12
2.26452905812 5.7094453971e-12
2.28456913828 5.35719844588e-12
2.30460921844 5.00974961711e-12
2.3246492986 4.7349274985e-12
2.34468937876 4.46760877229e-12
2.36472945892 4.21179811304e-12
2.38476953908 3.99226516685e-12
2.40480961924 3.79942618632e-12
2.4248496994 3.60916123023e-12
2.44488977956 3.43123403855e-12
2.46492985972 3.28407270066e-12
2.48496993988 3.13603516575e-12
2.50501002004 2.98406902488e-12
2.5250501002 2.85958010166e-12
2.54509018036 2.73958263869e-12
2.56513026052 2.63472131945e-12
2.58517034068 2.54168402294e-12
2.60521042084 2.45701101169e-12
2.625250501 2.36665912844e-12
2.64529058116 2.27927346594e-12
2.66533066132 2.20583598356e-12
2.68537074148 2.13377262317e-12
2.70541082164 2.06323780822e-12
2.7254509018 2.00396794981e-12
2.74549098196 1.9454770375e-12
2.76553106212 1.89280097727e-12
2.78557114228 1.84508774699e-12
2.80561122244 1.80095848799e-12
2.82565130261 1.74933126907e-12
2.84569138277 1.69630957343e-12
2.86573146293 1.64802863512e-12
2.88577154309 1.6047995005e-12
2.90581162325 1.56973217442e-12
2.92585170341 1.53825114394e-12
2.94589178357 1.50734242335e-12
2.96593186373 1.47165886753e-12
2.98597194389 1.43926430406e-12
3.00601202405 1.40915297106e-12
3.02605210421 1.37915271355e-12
3.04609218437 1.35106059811e-12
3.06613226453 1.32335121321e-12
3.08617234469 1.2970360518e-12
3.10621242485 1.27234459061e-12
3.12625250501 1.24837166359e-12
3.14629258517 1.22512943095e-12
3.16633266533 1.20430741782e-12
3.18637274549 1.18400130972e-12
3.20641282565 1.16416752719e-12
3.22645290581 1.14120541365e-12
3.24649298597 1.11725771335e-12
3.26653306613 1.0937441871e-12
3.28657314629 1.06981817352e-12
3.30661322645 1.04496909521e-12
3.32665330661 1.02051093899e-12
3.34669338677 9.96708048609e-13
3.36673346693 9.78345164541e-13
3.38677354709 9.60260400201e-13
3.40681362725 9.42441698056e-13
3.42685370741 9.23990096653e-13
3.44689378758 9.05455092236e-13
3.46693386774 8.87170805849e-13
3.4869739479 8.69424795429e-13
3.50701402806 8.52365406373e-13
3.52705410822 8.35525398686e-13
3.54709418838 8.18773864123e-13
3.56713426854 8.00377988637e-13
3.5871743487 7.82205996379e-13
3.60721442886 7.64252440165e-13
3.62725450902 7.47348736571e-13
3.64729458918 7.30947683245e-13
3.66733466934 7.14738168141e-13
3.6873747495 6.99239912926e-13
3.70741482966 6.84691615912e-13
3.72745490982 6.70309123601e-13
3.74749498998 6.56131089722e-13
3.76753507014 6.4264258335e-13
3.7875751503 6.2930412138e-13
3.80761523046 6.16112823066e-13
3.82765531062 6.01325281019e-13
3.84769539078 5.86099042183e-13
3.86773547094 5.7103599969e-13
3.8877755511 5.56977296998e-13
3.90781563126 5.44259772546e-13
3.92785571142 5.31676423084e-13
3.94789579158 5.1931239328e-13
3.96793587174 5.08033965176e-13
3.9879759519 4.96872522392e-13
4.00801603206 4.85826111807e-13
4.02805611222 4.73855051412e-13
4.04809619238 4.61667658016e-13
4.06813627255 4.4960319944e-13
4.08817635271 4.38457998327e-13
4.10821643287 4.2850513802e-13
4.12825651303 4.18651324851e-13
4.14829659319 4.08858804819e-13
4.16833667335 3.98814074169e-13
4.18837675351 3.88867521945e-13
4.20841683367 3.79017650149e-13
4.22845691383 3.69944448792e-13
4.24849699399 3.61168349423e-13
4.26853707415 3.52476327427e-13
4.28857715431 3.43658730537e-13
4.30861723447 3.34654050044e-13
4.32865731463 3.25734186627e-13
4.34869739479 3.16995428733e-13
4.36873747495 3.09174320135e-13
4.38877755511 3.01425882285e-13
4.40881763527 2.93749071745e-13
4.42885771543 2.86674374978e-13
4.44889779559 2.79818873896e-13
4.46893787575 2.73025887504e-13
4.48897795591 2.66237901363e-13
4.50901803607 2.59440655442e-13
4.52905811623 2.52704458992e-13
4.54909819639 2.46061564162e-13
4.56913827655 2.3973294636e-13
4.58917835671 2.33460382774e-13
4.60921843687 2.27243111222e-13
4.62925851703 2.21148605742e-13
4.64929859719 2.15125986326e-13
4.66933867735 2.09155717565e-13
4.68937875752 2.03548940921e-13
4.70941883768 1.9836304402e-13
4.72945891784 1.9322166883e-13
4.749498998 1.88072659996e-13
4.76953907816 1.82606954849e-13
4.78957915832 1.77187491178e-13
4.80961923848 1.71813671817e-13
4.82965931864 1.66980970571e-13
4.8496993988 1.62316192315e-13
4.86973947896 1.57690231295e-13
4.88977955912 1.53203055098e-13
4.90981963928 1.48868050211e-13
4.92985971944 1.44568662662e-13
4.9498997996 1.40361094123e-13
4.96993987976 1.36549224386e-13
4.98997995992 1.32768301309e-13
5.01002004008 1.29087253865e-13
5.03006012024 1.25499902727e-13
5.0501002004 1.21941313266e-13
5.07014028056 1.1859684114e-13
5.09018036072 1.15282784512e-13
5.11022044088 1.11994977328e-13
5.13026052104 1.08733102674e-13
5.1503006012 1.05496848927e-13
5.17034068136 1.02514262701e-13
5.19038076152 9.9569599822e-14
5.21042084168 9.66477977017e-14
5.23046092184 9.37485860767e-14
5.250501002 9.08716990959e-14
5.27054108216 8.82772373617e-14
5.29058116232 8.57317482974e-14
5.31062124248 8.3205641817e-14
5.33066132265 8.06986932614e-14
5.35070140281 7.82106815644e-14
5.37074148297 7.58127689479e-14
5.39078156313 7.34445420903e-14
5.41082164329 7.10939981417e-14
5.43086172345 6.87609364379e-14
5.45090180361 6.64451594473e-14
5.47094188377 6.43731277481e-14
5.49098196393 6.23665167328e-14
5.51102204409 6.03746147064e-14
5.53106212425 5.83972577936e-14
5.55110220441 5.6434284632e-14
5.57114228457 5.45680964568e-14
5.59118236473 5.27388918926e-14
5.61122244489 5.09228481688e-14
5.63126252505 4.91198215212e-14
5.65130260521 4.73296703427e-14
5.67134268537 4.57024593165e-14
5.69138276553 4.41401027927e-14
5.71142284569 4.25887886623e-14
5.73146292585 4.10483984338e-14
5.75150300601 3.95188153625e-14
5.77154308617 3.80543126871e-14
5.79158316633 3.66235789946e-14
5.81162324649 3.52027773454e-14
5.83166332665 3.37918031664e-14
5.85170340681 3.23905533943e-14
5.87174348697 3.10653990221e-14
5.89178356713 2.97839682383e-14
5.91182364729 2.85112789132e-14
5.93186372745 2.72472406602e-14
5.95190380762 2.59917643729e-14
5.97194388778 2.48674993175e-14
5.99198396794 2.3827004895e-14
6.0120240481 2.27934917601e-14
6.03206412826 2.17668888583e-14
6.05210420842 2.07471261276e-14
6.07214428858 1.97850420274e-14
6.09218436874 1.88667129302e-14
6.1122244489 1.79544428057e-14
6.13226452906 1.70481710373e-14
6.15230460922 1.61478378401e-14
6.17234468938 1.52829270799e-14
6.19238476954 1.4449203681e-14
6.2124248497 1.36208900886e-14
6.23246492986 1.27979331143e-14
6.25250501002 1.19802802861e-14
6.27254509018 1.12300936263e-14
6.29258517034 1.05479899651e-14
6.3126252505 9.87024294618e-15
6.33266533066 9.1968103784e-15
6.35270541082 8.52765063087e-15
6.37274549098 7.90560875143e-15
6.39278557114 7.33878746564e-15
6.4128256513 6.77553040019e-15
6.43286573146 6.21580355573e-15
6.45290581162 5.65957337832e-15
6.47294589178 5.17040115279e-15
6.49298597194 4.77394381123e-15
6.5130260521 4.3799442793e-15
6.53306613226 3.98837936686e-15
6.55310621242 3.59922618642e-15
6.57314629259 3.25675881261e-15
6.59318637275 2.99039708445e-15
6.61322645291 2.72566482197e-15
6.63326653307 2.46254678042e-15
6.65330661323 2.20102791431e-15
6.67334669339 1.94988972414e-15
6.69338677355 1.71780987004e-15
6.71342685371 1.48712829031e-15
6.73346693387 1.25783210339e-15
6.75350701403 1.02990859357e-15
6.77354709419 8.27143340087e-16
6.79358717435 6.82862938054e-16
6.81362725451 5.39441941935e-16
6.83366733467 3.96872459528e-16
6.85370741483 2.55146701653e-16
6.87374749499 1.43442482134e-16
6.89378757515 1.18537971414e-16
6.91382765531 9.37868410449e-17
6.93386773547 6.91874839683e-17
6.95390781563 4.47383205378e-17
6.97394789579 2.49815917339e-17
6.99398797595 2.21746807825e-17
7.01402805611 1.93914020545e-17
7.03406813627 1.66313214177e-17
7.05410821643 1.38940170589e-17
7.07414829659 1.1462754441e-17
7.09418837675 1.04162744515e-17
7.11422845691 9.38209907709e-18
7.13426853707 8.3599298996e-18
7.15430861723 7.34947799322e-18
7.17434869739 6.45350458504e-18
7.19438877756 6.24782969641e-18
7.21442885772 6.04871355032e-18
7.23446893788 5.85593806898e-18
7.25450901804 5.66929271124e-18
7.2745490982 5.48884472276e-18
7.29458917836 5.31682316482e-18
7.31462925852 5.15032640667e-18
7.33466933868 4.98917157049e-18
7.35470941884 4.83318205363e-18
7.374749499 4.68218730432e-18
7.39478957916 4.53602260573e-18
7.41482965932 4.39452886803e-18
7.43486973948 4.25755242828e-18
7.45490981964 4.12494485769e-18
7.4749498998 3.99656277607e-18
7.49498997996 3.87226767313e-18
7.51503006012 3.75192573641e-18
7.53507014028 3.63540768552e-18
7.55511022044 3.52258861254e-18
7.5751503006 3.41334782821e-18
7.59519038076 3.3075687139e-18
7.61523046092 3.20513857883e-18
7.63527054108 3.10594852265e-18
7.65531062124 3.00989330301e-18
7.6753507014 2.91687120789e-18
7.69539078156 2.82678393265e-18
7.71543086172 2.73953646155e-18
7.73547094188 2.65503695349e-18
7.75551102204 2.57319663196e-18
7.7755511022 2.49392967896e-18
7.79559118236 2.41715313267e-18
7.81563126253 2.34278678897e-18
7.83567134269 2.27075310629e-18
7.85571142285 2.20097711405e-18
7.87575150301 2.13338632431e-18
7.89579158317 2.06791064656e-18
7.91583166333 2.0044823056e-18
7.93587174349 1.94303576235e-18
7.95591182365 1.88350763741e-18
7.97595190381 1.82583663743e-18
7.99599198397 1.76996348403e-18
8.01603206413 1.71583084526e-18
8.03607214429 1.66338326949e-18
8.05611222445 1.61256712164e-18
8.07615230461 1.5633305216e-18
8.09619238477 1.51562328493e-18
8.11623246493 1.4693968655e-18
8.13627254509 1.42460430032e-18
8.15631262525 1.38120015612e-18
8.17635270541 1.33914047793e-18
8.19639278557 1.29838273938e-18
8.21643286573 1.2588857948e-18
8.23647294589 1.22060983294e-18
8.25651302605 1.18351633228e-18
8.27655310621 1.14756801798e-18
8.29659318637 1.11272882021e-18
8.31663326653 1.07896383402e-18
8.33667334669 1.04623928052e-18
8.35671342685 1.01452246947e-18
8.37675350701 9.837817631e-19
8.39679358717 9.53986541204e-19
8.41683366733 9.25107167431e-19
8.43687374749 8.9711495673e-19
8.45691382766 8.69982143909e-19
8.47695390782 8.43681853273e-19
8.49699398798 8.18188069296e-19
8.51703406814 7.93475608293e-19
8.5370741483 7.69520091066e-19
8.55711422846 7.46297916466e-19
8.57715430862 7.23786235864e-19
8.59719438878 7.01962928488e-19
8.61723446894 6.80806577588e-19
8.6372745491 6.60296447413e-19
8.65731462926 6.40412460968e-19
8.67735470942 6.21135178515e-19
8.69739478958 6.02445776806e-19
8.71743486974 5.84326029005e-19
8.7374749499 5.66758285296e-19
8.75751503006 5.49725454136e-19
8.77755511022 5.33210984135e-19
8.79759519038 5.17198846544e-19
8.81763527054 5.01673518334e-19
8.8376753507 4.8661996583e-19
8.85771543086 4.72023628898e-19
8.87775551102 4.5787040566e-19
8.89779559118 4.44146637707e-19
8.91783567134 4.3083909582e-19
8.9378757515 4.17934966147e-19
8.95791583166 4.05421836852e-19
8.97795591182 3.93287685198e-19
8.99799599198 3.81520865063e-19
9.01803607214 3.70110094861e-19
9.0380761523 3.59044445869e-19
9.05811623246 3.48313330933e-19
9.07815631263 3.37906493548e-19
9.09819639279 3.27813997299e-19
9.11823647295 3.18026215645e-19
9.13827655311 3.08533822039e-19
9.15831663327 2.99327780373e-19
9.17835671343 2.90399335737e-19
9.19839679359 2.81740005473e-19
9.21843687375 2.73341570532e-19
9.23847695391 2.65196067103e-19
9.25851703407 2.5729577852e-19
9.27855711423 2.49633227431e-19
9.29859719439 2.42201168224e-19
9.31863727455 2.34992579693e-19
9.33867735471 2.28000657947e-19
9.35871743487 2.2121880955e-19
9.37875751503 2.14640644876e-19
9.39879759519 2.08259971688e-19
9.41883767535 2.02070788918e-19
9.43887775551 1.96067280648e-19
9.45891783567 1.9024381029e-19
9.47895791583 1.84594914947e-19
9.49899799599 1.79115299963e-19
9.51903807615 1.73799833639e-19
9.53907815631 1.68643542127e-19
9.55911823647 1.63641604484e-19
9.57915831663 1.58789347884e-19
9.59919839679 1.54082242984e-19
9.61923847695 1.4951589944e-19
9.63927855711 1.45086061567e-19
9.65931863727 1.40788604131e-19
9.67935871743 1.36619528281e-19
9.6993987976 1.32574957613e-19
9.71943887776 1.28651134353e-19
9.73947895792 1.24844415665e-19
9.75951903808 1.21151270074e-19
9.77955911824 1.17568274009e-19
9.7995991984 1.14092108448e-19
9.81963927856 1.10719555671e-19
9.83967935872 1.07447496121e-19
9.85971943888 1.04272905359e-19
9.87975951904 1.01192851118e-19
9.8997995992 0.0
9.91983967936 0.0
9.93987975952 0.0
9.95991983968 0.0
9.97995991984 0.0
10.0 0.0
