0.0 0.0
0.0200400801603 0.0
0.0400801603206 0.0
0.060120240481 0.0
0.0801603206413 0.0
0.100200400802 0.0
0.120240480962 0.0
0.140280561122 0.0
0.160320641283 0.0
0.180360721443 0.0
0.200400801603 0.0
0.220440881764 0.0
0.240480961924 0.0
0.260521042084 0.0
0.280561122244 0.0
0.300601202405 0.0
0.320641282565 0.0
0.340681362725 0.0
0.360721442886 7.5319395949e-11
0.380761523046 5.71804136511e-11
0.400801603206 5.02487146256e-11
0.420841683367 4.66465176235e-11
0.440881763527 4.45086376979e-11
0.460921843687 4.31307726753e-11
0.480961923848 4.2174404417e-11
0.501002004008 4.14260593746e-11
0.521042084168 4.08837792187e-11
0.541082164329 4.04802841248e-11
0.561122244489 4.01668915882e-11
0.581162324649 3.99316117341e-11
0.60120240481 3.97548539731e-11
0.62124248497 3.95979829985e-11
0.64128256513 3.94618995999e-11
0.661322645291 3.93585332713e-11
0.681362725451 3.92289599978e-11
0.701402805611 3.8966388637e-11
0.721442885772 3.87353624419e-11
0.741482965932 3.8528365475e-11
0.761523046092 3.82918726278e-11
0.781563126253 3.80740818972e-11
0.801603206413 3.78789444226e-11
0.821643286573 3.75527791214e-11
0.841683366733 3.71485571533e-11
0.861723446894 3.67709857177e-11
0.881763527054 3.63375535748e-11
0.901803607214 3.5710185123e-11
0.921843687375 3.5117937605e-11
0.941883767535 3.45568145006e-11
0.961923847695 3.39070563948e-11
0.981963927856 3.32810451182e-11
1.00200400802 3.26873932368e-11
1.02204408818 3.21757129365e-11
1.04208416834 3.17224092287e-11
1.0621242485 3.12886702493e-11
1.08216432866 3.08586170458e-11
1.10220440882 3.04132609209e-11
1.12224448898 2.99866344687e-11
1.14228456914 2.95813279822e-11
1.1623246493 2.90654781158e-11
1.18236472946 2.856147226e-11
1.20240480962 2.80765270121e-11
1.22244488978 2.76001406641e-11
1.24248496994 2.71351276703e-11
1.2625250501 2.66864973461e-11
1.28256513026 2.62593132343e-11
1.30260521042 2.58626109546e-11
1.32264529058 2.54792847209e-11
1.34268537074 2.51085779886e-11
1.3627254509 2.47917654631e-11
1.38276553106 2.44873370021e-11
1.40280561122 2.41918856678e-11
1.42284569138 2.38742737212e-11
1.44288577154 2.35475547461e-11
1.4629258517 2.32304546878e-11
1.48296593186 2.29266068983e-11
1.50300601202 2.26418679402e-11
1.52304609218 2.23652542945e-11
1.54308617234 2.20982777805e-11
1.56312625251 2.17887026278e-11
1.58316633267 2.14854462469e-11
1.60320641283 2.11903245222e-11
1.62324649299 2.09039474892e-11
1.64328657315 2.06255775556e-11
1.66332665331 2.03541353806e-11
1.68336673347 2.01005684274e-11
1.70340681363 1.98798813908e-11
1.72344689379 1.96646585931e-11
1.74348697395 1.94545521841e-11
1.76352705411 1.91345267436e-11
1.78356713427 1.8818513743e-11
1.80360721443 1.85098944938e-11
1.82364729459 1.82452232254e-11
1.84368737475 1.80070932507e-11
1.86372745491 1.77743424873e-11
1.88376753507 1.75784570988e-11
1.90380761523 1.74566653788e-11
1.92384769539 1.73375606398e-11
1.94388777555 1.72210536908e-11
1.96392785571 1.6986347661e-11
1.98396793587 1.67541477009e-11
2.00400801603 1.65242770381e-11
2.02404809619 1.63092584151e-11
2.04408817635 1.60985631665e-11
2.06412825651 1.58921400331e-11
2.08416833667 1.56906964578e-11
2.10420841683 1.54950143262e-11
2.12424849699 1.53031792024e-11
2.14428857715 1.51150774068e-11
2.16432865731 1.49226603503e-11
2.18436873747 1.47338350344e-11
2.20440881764 1.45485745804e-11
2.2244488978 1.43432914758e-11
2.24448897796 1.41298392945e-11
2.26452905812 1.39202942073e-11
2.28456913828 1.37109713229e-11
2.30460921844 1.34982274568e-11
2.3246492986 1.32892684235e-11
2.34468937876 1.30840203261e-11
2.36472945892 1.29230096457e-11
2.38476953908 1.27647928831e-11
2.40480961924 1.26092972192e-11
2.4248496994 1.24521563383e-11
2.44488977956 1.22955793323e-11
2.46492985972 1.21416244164e-11
2.48496993988 1.19703903179e-11
2.50501002004 1.17639328274e-11
2.5250501002 1.1560836765e-11
2.54509018036 1.13618959351e-11
2.56513026052 1.124427386e-11
2.58517034068 1.1128527974e-11
2.60521042084 1.10146133434e-11
2.625250501 1.08607891226e-11
2.64529058116 1.06899813216e-11
2.66533066132 1.05218022512e-11
2.68537074148 1.03574963121e-11
2.70541082164 1.01980725378e-11
2.7254509018 1.00410458869e-11
2.74549098196 9.88684424111e-12
2.76553106212 9.75687202994e-12
2.78557114228 9.62881190619e-12
2.80561122244 9.50262165022e-12
2.82565130261 9.32911781523e-12
2.84569138277 9.13633269265e-12
2.86573146293 8.94629425247e-12
2.88577154309 8.7840258987e-12
2.90581162325 8.66801787337e-12
2.92585170341 8.55363101809e-12
2.94589178357 8.43980036708e-12
2.96593186373 8.29623227546e-12
2.98597194389 8.15462582553e-12
3.00601202405 8.01494080509e-12
3.02605210421 7.87496403946e-12
3.04609218437 7.73594281434e-12
3.06613226453 7.59876936523e-12
3.08617234469 7.4662761092e-12
3.10621242485 7.34033478473e-12
3.12625250501 7.21603439718e-12
3.14629258517 7.09382012177e-12
3.16633266533 6.98399169163e-12
3.18637274549 6.87556684641e-12
3.20641282565 6.76851867898e-12
3.22645290581 6.64177474828e-12
3.24649298597 6.50816341834e-12
3.26653306613 6.37621481582e-12
3.28657314629 6.2410509451e-12
3.30661322645 6.09976210683e-12
3.32665330661 5.96019830064e-12
3.34669338677 5.82399693176e-12
3.36673346693 5.7194736045e-12
3.38677354709 5.61620401438e-12
3.40681362725 5.51416560904e-12
3.42685370741 5.40809353681e-12
3.44689378758 5.30126839803e-12
3.46693386774 5.19569382957e-12
3.4869739479 5.09309396729e-12
3.50701402806 4.99436734937e-12
3.52705410822 4.89677635495e-12
3.54709418838 4.79956607162e-12
3.56713426854 4.69252680934e-12
3.5871743487 4.58669723875e-12
3.60721442886 4.48205686348e-12
3.62725450902 4.38352122582e-12
3.64729458918 4.28787022076e-12
3.66733466934 4.19327610274e-12
3.6873747495 4.10281174264e-12
3.70741482966 4.01789091003e-12
3.72745490982 3.93389304825e-12
3.74749498998 3.8510510211e-12
3.76753507014 3.77223009775e-12
3.7875751503 3.69425198092e-12
3.80761523046 3.61710316012e-12
3.82765531062 3.53050537813e-12
3.84769539078 3.44128883463e-12
3.86773547094 3.35300570808e-12
3.8877755511 3.27061809851e-12
3.90781563126 3.19611355166e-12
3.92785571142 3.12237648985e-12
3.94789579158 3.04991062397e-12
3.96793587174 2.98382474339e-12
3.9879759519 2.91840923584e-12
4.00801603206 2.85365390744e-12
4.02805611222 2.78343105431e-12
4.04809619238 2.71191781879e-12
4.06813627255 2.64111525935e-12
4.08817635271 2.57571811796e-12
4.10821643287 2.51733636231e-12
4.12825651303 2.45952631297e-12
4.14829659319 2.40206621339e-12
4.16833667335 2.34310912885e-12
4.18837675351 2.28472088792e-12
4.20841683367 2.22689326421e-12
4.22845691383 2.17363400678e-12
4.24849699399 2.12211724923e-12
4.26853707415 2.07108809424e-12
4.28857715431 2.01931163685e-12
4.30861723447 1.9664259937e-12
4.32865731463 1.91403378174e-12
4.34869739479 1.86270270333e-12
4.36873747495 1.81677261955e-12
4.38877755511 1.77126515201e-12
4.40881763527 1.7261744723e-12
4.42885771543 1.68462613337e-12
4.44889779559 1.64436433983e-12
4.46893787575 1.60446628418e-12
4.48897795591 1.56459341433e-12
4.50901803607 1.52466199546e-12
4.52905811623 1.48508644361e-12
4.54909819639 1.44605694806e-12
4.56913827655 1.40887528984e-12
4.58917835671 1.37202059233e-12
4.60921843687 1.33548854628e-12
4.62925851703 1.29967673005e-12
4.64929859719 1.26428560912e-12
4.66933867735 1.22920027304e-12
4.68937875752 1.1962532985e-12
4.70941883768 1.16578266599e-12
4.72945891784 1.1355719387e-12
4.749498998 1.10531409998e-12
4.76953907816 1.07318926018e-12
4.78957915832 1.04133491463e-12
4.80961923848 1.00974764995e-12
4.82965931864 9.81345155907e-13
4.8496993988 9.53929832441e-13
4.86973947896 9.26741517426e-13
4.88977955912 9.0036891934e-13
4.90981963928 8.74890904353e-13
4.92985971944 8.49621253135e-13
4.9498997996 8.24890943463e-13
4.96993987976 8.0248916908e-13
4.98997995992 7.80268378396e-13
5.01002004008 7.58634452884e-13
5.03006012024 7.37551052739e-13
5.0501002004 7.16635932334e-13
5.07014028056 6.96980359185e-13
5.09018036072 6.77502873808e-13
5.11022044088 6.58179002298e-13
5.13026052104 6.39006928782e-13
5.1503006012 6.19984865991e-13
5.17034068136 6.02455277988e-13
5.19038076152 5.85148160607e-13
5.21042084168 5.67974886529e-13
5.23046092184 5.50933904338e-13
5.250501002 5.34023686582e-13
5.27054108216 5.18775250489e-13
5.29058116232 5.03814449762e-13
5.31062124248 4.88967144481e-13
5.33066132265 4.7423204409e-13
5.35070140281 4.59607877592e-13
5.37074148297 4.4551350982e-13
5.39078156313 4.31593382353e-13
5.41082164329 4.17776875722e-13
5.43086172345 4.04062833789e-13
5.45090180361 3.90450117609e-13
5.47094188377 3.78271519789e-13
5.49098196393 3.66477539937e-13
5.51102204409 3.54769745746e-13
5.53106212425 3.43147193173e-13
5.55110220441 3.31608951958e-13
5.57114228457 3.20639955944e-13
5.59118236473 3.09888287998e-13
5.61122244489 2.99213770826e-13
5.63126252505 2.88615574616e-13
5.65130260521 2.78092881452e-13
5.67134268537 2.6852874937e-13
5.69138276553 2.59345988608e-13
5.71142284569 2.50227956091e-13
5.73146292585 2.41173967888e-13
5.75150300601 2.32183349705e-13
5.77154308617 2.23575459978e-13
5.79158316633 2.151660628e-13
5.81162324649 2.06814909895e-13
5.83166332665 1.98521396578e-13
5.85170340681 1.90284926535e-13
5.87174348697 1.82496016286e-13
5.89178356713 1.74964197603e-13
5.91182364729 1.67483652803e-13
5.93186372745 1.60053858672e-13
5.95190380762 1.52674299114e-13
5.97194388778 1.46066572375e-13
5.99198396794 1.39951554711e-13
6.0120240481 1.33877468976e-13
6.03206412826 1.27843904433e-13
6.05210420842 1.21850455846e-13
6.07214428858 1.16196214984e-13
6.09218436874 1.10799266231e-13
6.1122244489 1.05437845926e-13
6.13226452906 1.00111603443e-13
6.15230460922 9.4820192768e-14
6.17234468938 8.97370654714e-14
6.19238476954 8.48373079006e-14
6.2124248497 7.99692807636e-14
6.23246492986 7.51326760162e-14
6.25250501002 7.03271896025e-14
6.27254509018 6.59184915875e-14
6.29258517034 6.19102042015e-14
6.3126252505 5.79274603866e-14
6.33266533066 5.39700160883e-14
6.35270541082 5.00376303626e-14
6.37274549098 4.63823295732e-14
6.39278557114 4.30517717889e-14
6.4128256513 3.97421054263e-14
6.43286573146 3.64531339941e-14
6.45290581162 3.31846634667e-14
6.47294589178 3.03105598518e-14
6.49298597194 2.79817274131e-14
6.5130260521 2.56672793076e-14
6.53306613226 2.33670822669e-14
6.55310621242 2.10810046714e-14
6.57314629259 1.90694552327e-14
6.59318637275 1.75054668532e-14
6.61322645291 1.59509938972e-14
6.63326653307 1.44059494784e-14
6.65330661323 1.28702477712e-14
6.67334669339 1.13955391996e-14
6.69338677355 1.00328617302e-14
6.71342685371 8.67835035488e-15
6.73346693387 7.33193162412e-15
6.75350701403 5.99353297175e-15
6.77354709419 4.80304457808e-15
6.79358717435 3.95646464783e-15
6.81362725451 3.11488522733e-15
6.83366733467 2.27826194075e-15
6.85370741483 1.4465509398e-15
6.87374749499 7.91348695721e-16
6.89378757515 6.46563064062e-16
6.91382765531 5.02625646857e-16
6.93386773547 3.59528877247e-16
6.95390781563 2.17265281072e-16
6.97394789579 1.02548560724e-16
6.99398797595 8.74624158231e-17
7.01402805611 7.24685196401e-17
7.03406813627 5.75659219013e-17
7.05410821643 4.27536875144e-17
7.07414829659 2.96990742538e-17
7.09418837675 2.47470750928e-17
7.11422845691 1.98280473812e-17
7.13426853707 1.49415758315e-17
7.15430861723 1.00872535488e-17
7.17434869739 5.87060378211e-18
7.19438877756 5.67884637344e-18
7.21442885772 5.49245559464e-18
7.23446893788 5.31126953595e-18
7.25450901804 5.13513127668e-18
7.2745490982 4.9654794554e-18
7.29458917836 4.81642803345e-18
7.31462925852 4.67188626078e-18
7.33466933868 4.53171644915e-18
7.35470941884 4.39578515858e-18
7.374749499 4.26396306468e-18
7.39478957916 4.13612483017e-18
7.41482965932 4.01214898047e-18
7.43486973948 3.89191778321e-18
7.45490981964 3.77531713159e-18
7.4749498998 3.66223643137e-18
7.49498997996 3.55256849147e-18
7.51503006012 3.44620941805e-18
7.53507014028 3.34305851185e-18
7.55511022044 3.24301816883e-18
7.5751503006 3.14599378395e-18
7.59519038076 3.05189365795e-18
7.61523046092 2.96062890708e-18
7.63527054108 2.87211337566e-18
7.65531062124 2.7862635514e-18
7.6753507014 2.7029984834e-18
7.69539078156 2.62223970271e-18
7.71543086172 2.54391114537e-18
7.73547094188 2.46793907788e-18
7.75551102204 2.39425202505e-18
7.7755511022 2.32278070003e-18
7.79559118236 2.25345793662e-18
7.81563126253 2.18621862362e-18
7.83567134269 2.12099964133e-18
7.85571142285 2.05773979993e-18
7.87575150301 1.9963797799e-18
7.89579158317 1.93686207419e-18
7.91583166333 1.8791309323e-18
7.93587174349 1.82313230607e-18
7.95591182365 1.76881379712e-18
7.97595190381 1.716124606e-18
7.99599198397 1.66501548288e-18
8.01603206413 1.6154386798e-18
8.03607214429 1.5673479044e-18
8.05611222445 1.52069827512e-18
8.07615230461 1.47544627773e-18
8.09619238477 1.43154972329e-18
8.11623246493 1.38896770736e-18
8.13627254509 1.34766057051e-18
8.15631262525 1.30758986007e-18
8.17635270541 1.26871829303e-18
8.19639278557 1.23100972011e-18
8.21643286573 1.19442909096e-18
8.23647294589 1.15894242044e-18
8.25651302605 1.1245167559e-18
8.27655310621 1.09112014555e-18
8.29659318637 1.05872160776e-18
8.31663326653 1.02729110131e-18
8.33667334669 9.96799496588e-19
8.35671342685 9.67218547679e-19
8.37675350701 9.38520865281e-19
8.39679358717 9.10679890503e-19
8.41683366733 8.83669869449e-19
8.43687374749 8.57465828599e-19
8.45691382766 8.32043550942e-19
8.47695390782 8.07379552856e-19
8.49699398798 7.83451061692e-19
8.51703406814 7.60235994058e-19
8.5370741483 7.37712934772e-19
8.55711422846 7.15861116459e-19
8.57715430862 6.94660399787e-19
8.59719438878 6.74091254299e-19
8.61723446894 6.54134739849e-19
8.6372745491 6.34772488602e-19
8.65731462926 6.1598668759e-19
8.67735470942 5.97760061807e-19
8.69739478958 5.80075857818e-19
8.71743486974 5.62917827885e-19
8.7374749499 5.46270214563e-19
8.75751503006 5.30117735787e-19
8.77755511022 5.14445570406e-19
8.79759519038 4.99239344166e-19
8.81763527054 4.84485116121e-19
8.8376753507 4.70169365464e-19
8.85771543086 4.5627897876e-19
8.87775551102 4.42801237573e-19
8.89779559118 4.29723806467e-19
8.91783567134 4.17034721379e-19
8.9378757515 4.04722378351e-19
8.95791583166 3.92775522601e-19
8.97795591182 3.81183237931e-19
8.99799599198 3.69934936464e-19
9.01803607214 3.59020348682e-19
9.0380761523 3.4842951379e-19
9.05811623246 3.38152770349e-19
9.07815631263 3.28180747219e-19
9.09819639279 3.18504354762e-19
9.11823647295 3.09114776325e-19
9.13827655311 3.00003459972e-19
9.15831663327 2.91162110482e-19
9.17835671343 2.82582681578e-19
9.19839679359 2.74257368401e-19
9.21843687375 2.66178600213e-19
9.23847695391 2.5833903332e-19
9.25851703407 2.50731544211e-19
9.27855711423 2.43349222908e-19
9.29859719439 2.36185366517e-19
9.31863727455 2.29233472977e-19
9.33867735471 2.22487234997e-19
9.35871743487 2.15940534179e-19
9.37875751503 2.09587435318e-19
9.39879759519 2.03422180882e-19
9.41883767535 1.97439185648e-19
9.43887775551 1.91633031516e-19
9.45891783567 1.85998462463e-19
9.47895791583 1.80530379668e-19
9.49899799599 1.75223836773e-19
9.51903807615 1.70074035292e-19
9.53907815631 1.65076320161e-19
9.55911823647 1.60226175417e-19
9.57915831663 1.55519220019e-19
9.59919839679 1.50951203782e-19
9.61923847695 1.46518003447e-19
9.63927855711 1.4221561886e-19
9.65931863727 1.38040169275e-19
9.67935871743 1.33987889764e-19
9.6993987976 1.30055127734e-19
9.71943887776 1.26238339557e-19
9.73947895792 1.22534087295e-19
9.75951903808 1.18939035528e-19
9.77955911824 1.15449948275e-19
9.7995991984 1.1206368601e-19
9.81963927856 1.08777202768e-19
9.83967935872 1.0558754334e-19
9.85971943888 1.02491840549e-19
9.87975951904 9.94873126118e-20
9.8997995992 0.0
9.91983967936 0.0
9.93987975952 0.0
9.95991983968 0.0
9.97995991984 0.0
10.0 0.0
