0.0 0.0
0.0200400801603 0.0
0.0400801603206 0.0
0.060120240481 0.0
0.0801603206413 0.0
0.100200400802 0.0
0.120240480962 0.0
0.140280561122 0.0
0.160320641283 0.0
0.180360721443 0.0
0.200400801603 0.0
0.220440881764 0.0
0.240480961924 0.0
0.260521042084 0.0
0.280561122244 0.0
0.300601202405 0.0
0.320641282565 0.0
0.340681362725 0.0
0.360721442886 0.0
0.380761523046 0.0
0.400801603206 4.57601508769e-11
0.420841683367 2.59996248442e-11
0.440881763527 2.11602148545e-11
0.460921843687 1.88626863916e-11
0.480961923848 1.75069644043e-11
0.501002004008 1.65910907334e-11
0.521042084168 1.59503456639e-11
0.541082164329 1.54755434041e-11
0.561122244489 1.51109365316e-11
0.581162324649 1.48279631306e-11
0.60120240481 1.46028273317e-11
0.62124248497 1.4412164082e-11
0.64128256513 1.4250565199e-11
0.661322645291 1.41180056569e-11
0.681362725451 1.3991147981e-11
0.701402805611 1.38285270794e-11
0.721442885772 1.36861602959e-11
0.741482965932 1.35578346427e-11
0.761523046092 1.34256208966e-11
0.781563126253 1.33054488402e-11
0.801603206413 1.31993170233e-11
0.821643286573 1.305307185e-11
0.841683366733 1.28835935135e-11
0.861723446894 1.27260203227e-11
0.881763527054 1.25509701939e-11
0.901803607214 1.23122798784e-11
0.921843687375 1.20880512828e-11
0.941883767535 1.18759150175e-11
0.961923847695 1.16355321148e-11
0.981963927856 1.14050392636e-11
1.00200400802 1.11883866037e-11
1.02204408818 1.10017074679e-11
1.04208416834 1.08359745341e-11
1.0621242485 1.06771295569e-11
1.08216432866 1.0518514726e-11
1.10220440882 1.03556785721e-11
1.12224448898 1.02000479636e-11
1.14228456914 1.00549840363e-11
1.1623246493 9.87339743313e-12
1.18236472946 9.69641783099e-12
1.20240480962 9.52638872601e-12
1.22244488978 9.35973390031e-12
1.24248496994 9.19737903627e-12
1.2625250501 9.04084444211e-12
1.28256513026 8.89161681387e-12
1.30260521042 8.75301437433e-12
1.32264529058 8.61925022916e-12
1.34268537074 8.48999334355e-12
1.3627254509 8.37912778576e-12
1.38276553106 8.27268265384e-12
1.40280561122 8.16906835548e-12
1.42284569138 8.0580086952e-12
1.44288577154 7.94413138633e-12
1.4629258517 7.83360987314e-12
1.48296593186 7.72752442915e-12
1.50300601202 7.62804775623e-12
1.52304609218 7.53148367101e-12
1.54308617234 7.43958047648e-12
1.56312625251 7.3335826928e-12
1.58316633267 7.22983156134e-12
1.60320641283 7.12893485292e-12
1.62324649299 7.03108453687e-12
1.64328657315 6.93602120774e-12
1.66332665331 6.8432264856e-12
1.68336673347 6.75617919952e-12
1.70340681363 6.68022863823e-12
1.72344689379 6.60619670901e-12
1.74348697395 6.53386522473e-12
1.76352705411 6.42487044014e-12
1.78356713427 6.31730794312e-12
1.80360721443 6.21231180922e-12
1.82364729459 6.12208869208e-12
1.84368737475 6.04080726851e-12
1.86372745491 5.9613913039e-12
1.88376753507 5.89435435079e-12
1.90380761523 5.85212293541e-12
1.92384769539 5.81083990214e-12
1.94388777555 5.77047308595e-12
1.96392785571 5.6906893124e-12
1.98396793587 5.61179522191e-12
2.00400801603 5.53204585191e-12
2.02404809619 5.46088308078e-12
2.04408817635 5.38940160952e-12
2.06412825651 5.31940029256e-12
2.08416833667 5.25111245867e-12
2.10420841683 5.18479633321e-12
2.12424849699 5.11981063655e-12
2.14428857715 5.05611515376e-12
2.16432865731 4.99102296322e-12
2.18436873747 4.92716994913e-12
2.20440881764 4.86454518165e-12
2.2244488978 4.7952805258e-12
2.24448897796 4.72332868553e-12
2.26452905812 4.65271548803e-12
2.28456913828 4.58221060443e-12
2.30460921844 4.5105980136e-12
2.3246492986 4.44027891302e-12
2.34468937876 4.37122718797e-12
2.36472945892 4.31695051568e-12
2.38476953908 4.26363121793e-12
2.40480961924 4.21124385758e-12
2.4248496994 4.15833210934e-12
2.44488977956 4.10563136249e-12
2.46492985972 4.05382660614e-12
2.48496993988 3.99628518539e-12
2.50501002004 3.92702794652e-12
2.5250501002 3.85891214558e-12
2.54509018036 3.79220130898e-12
2.56513026052 3.75260260932e-12
2.58517034068 3.71364539877e-12
2.60521042084 3.67531402508e-12
2.625250501 3.62370314906e-12
2.64529058116 3.56645070025e-12
2.66533066132 3.51008951313e-12
2.68537074148 3.45503340599e-12
2.70541082164 3.40161776601e-12
2.7254509018 3.34901424967e-12
2.74549098196 3.29736478487e-12
2.76553106212 3.25379704623e-12
2.78557114228 3.21087771662e-12
2.80561122244 3.16859226531e-12
2.82565130261 3.11056260397e-12
2.84569138277 3.04612415215e-12
2.86573146293 2.98261178016e-12
2.88577154309 2.92835674046e-12
2.90581162325 2.88951404322e-12
2.92585170341 2.85121990111e-12
2.94589178357 2.81311941388e-12
2.96593186373 2.7651270348e-12
2.98597194389 2.71779619425e-12
3.00601202405 2.67111316955e-12
3.02605210421 2.62434090029e-12
3.04609218437 2.57789433183e-12
3.06613226453 2.53207018845e-12
3.08617234469 2.48781098267e-12
3.10621242485 2.44573937596e-12
3.12625250501 2.40422039233e-12
3.14629258517 2.36340195427e-12
3.16633266533 2.32671183923e-12
3.18637274549 2.29049445751e-12
3.20641282565 2.25474064365e-12
3.22645290581 2.21243722058e-12
3.24649298597 2.16785369477e-12
3.26653306613 2.12382877813e-12
3.28657314629 2.07873896756e-12
3.30661322645 2.03161590387e-12
3.32665330661 1.98507178197e-12
3.34669338677 1.93965127924e-12
3.36673346693 1.90477628643e-12
3.38677354709 1.8703224573e-12
3.40681362725 1.83628214175e-12
3.42685370741 1.80090340715e-12
3.44689378758 1.76527776206e-12
3.46693386774 1.73007176252e-12
3.4869739479 1.69585892494e-12
3.50701402806 1.66293804526e-12
3.52705410822 1.63039814259e-12
3.54709418838 1.59798794651e-12
3.56713426854 1.56231068289e-12
3.5871743487 1.52703884024e-12
3.60721442886 1.49216549319e-12
3.62725450902 1.45932581748e-12
3.64729458918 1.4274484039e-12
3.66733466934 1.39592510493e-12
3.6873747495 1.36577805094e-12
3.70741482966 1.33747740589e-12
3.72745490982 1.30948599466e-12
3.74749498998 1.2818812012e-12
3.76753507014 1.25561605022e-12
3.7875751503 1.22963321279e-12
3.80761523046 1.20392812708e-12
3.82765531062 1.17508191394e-12
3.84769539078 1.14536651892e-12
3.86773547094 1.1159634389e-12
3.8877755511 1.08852306695e-12
3.90781563126 1.06370635164e-12
3.92785571142 1.03914647664e-12
3.94789579158 1.01501092277e-12
3.96793587174 9.92998793722e-13
3.9879759519 9.7121100196e-13
4.00801603206 9.49644110944e-13
4.02805611222 9.26260101034e-13
4.04809619238 9.0244823368e-13
4.06813627255 8.78873992488e-13
4.08817635271 8.57098676525e-13
4.10821643287 8.37657617509e-13
4.12825651303 8.18407764811e-13
4.14829659319 7.99275335262e-13
4.16833667335 7.79646083985e-13
4.18837675351 7.60206999745e-13
4.20841683367 7.40955314217e-13
4.22845691383 7.23223763466e-13
4.24849699399 7.0607255096e-13
4.26853707415 6.8908433106e-13
4.28857715431 6.71848423808e-13
4.30861723447 6.54244475736e-13
4.32865731463 6.36805396617e-13
4.34869739479 6.19719938201e-13
4.36873747495 6.04431184335e-13
4.38877755511 5.89283644918e-13
4.40881763527 5.74275360012e-13
4.42885771543 5.60445606012e-13
4.44889779559 5.47044252807e-13
4.46893787575 5.33764430063e-13
4.48897795591 5.20493548107e-13
4.50901803607 5.07203749611e-13
4.52905811623 4.94032814923e-13
4.54909819639 4.81043965009e-13
4.56913827655 4.68670020144e-13
4.58917835671 4.56405269854e-13
4.60921843687 4.44248266296e-13
4.62925851703 4.32331185375e-13
4.64929859719 4.20554418704e-13
4.66933867735 4.08879745948e-13
4.68937875752 3.97916451984e-13
4.70941883768 3.87776882096e-13
4.72945891784 3.7772409461e-13
4.749498998 3.67656002972e-13
4.76953907816 3.56967535839e-13
4.78957915832 3.46369349734e-13
4.80961923848 3.35860299115e-13
4.82965931864 3.26410403897e-13
4.8496993988 3.17289013847e-13
4.86973947896 3.08243390566e-13
4.88977955912 2.99469246277e-13
4.90981963928 2.90992788041e-13
4.92985971944 2.82585866604e-13
4.9498997996 2.74358508254e-13
4.96993987976 2.66905520894e-13
4.98997995992 2.595129345e-13
5.01002004008 2.52315675776e-13
5.03006012024 2.45301654529e-13
5.0501002004 2.38343787438e-13
5.07014028056 2.31804849369e-13
5.09018036072 2.25325309394e-13
5.11022044088 2.18897025564e-13
5.13026052104 2.1251938859e-13
5.1503006012 2.06191798867e-13
5.17034068136 2.00360527471e-13
5.19038076152 1.94603375775e-13
5.21042084168 1.88890876339e-13
5.23046092184 1.83222508739e-13
5.250501002 1.7759776066e-13
5.27054108216 1.72525571359e-13
5.29058116232 1.67549134687e-13
5.31062124248 1.62610558425e-13
5.33066132265 1.57709409693e-13
5.35070140281 1.52845262227e-13
5.37074148297 1.48157348719e-13
5.39078156313 1.43527471724e-13
5.41082164329 1.38932152865e-13
5.43086172345 1.34371004534e-13
5.45090180361 1.29843644936e-13
5.47094188377 1.25793098729e-13
5.49098196393 1.21870498538e-13
5.51102204409 1.17976640532e-13
5.53106212425 1.14111208199e-13
5.55110220441 1.10273889686e-13
5.57114228457 1.06625873547e-13
5.59118236473 1.03050179095e-13
5.61122244489 9.9500209094e-14
5.63126252505 9.59756854265e-14
5.65130260521 9.24763339965e-14
5.67134268537 8.92956732312e-14
5.69138276553 8.62418454693e-14
5.71142284569 8.32095989951e-14
5.73146292585 8.01987045826e-14
5.75150300601 7.72089362639e-14
5.77154308617 7.43464419898e-14
5.79158316633 7.15499818838e-14
5.81162324649 6.87729377772e-14
5.83166332665 6.60151070756e-14
5.85170340681 6.32762900132e-14
5.87174348697 6.06862841526e-14
5.89178356713 5.81817793639e-14
5.91182364729 5.56943647367e-14
5.93186372745 5.32238650121e-14
5.95190380762 5.07701073367e-14
5.97194388778 4.85729294057e-14
5.99198396794 4.65395548711e-14
6.0120240481 4.45198240335e-14
6.03206412826 4.25135992716e-14
6.05210420842 4.05207448228e-14
6.07214428858 3.86406676177e-14
6.09218436874 3.6846139753e-14
6.1122244489 3.50634532925e-14
6.13226452906 3.3292490771e-14
6.15230460922 3.15331362842e-14
6.17234468938 2.98430374315e-14
6.19238476954 2.82139125143e-14
6.2124248497 2.65953616251e-14
6.23246492986 2.49872815947e-14
6.25250501002 2.33895706018e-14
6.27254509018 2.19237603347e-14
6.29258517034 2.05910528211e-14
6.3126252505 1.92668579073e-14
6.33266533066 1.79510938329e-14
6.35270541082 1.664367989e-14
6.37274549098 1.54283765442e-14
6.39278557114 1.43210216044e-14
6.4128256513 1.32206290087e-14
6.43286573146 1.21271329166e-14
6.45290581162 1.10404683227e-14
6.47294589178 1.00848874867e-14
6.49298597194 9.31054112761e-15
6.5130260521 8.54099034342e-15
6.53306613226 7.77619041618e-15
6.55310621242 7.0160971883e-15
6.57314629259 6.34725479803e-15
6.59318637275 5.82716797409e-15
6.61322645291 5.31025536758e-15
6.63326653307 4.79648776117e-15
6.65330661323 4.28583630002e-15
6.67334669339 3.79546600224e-15
6.69338677355 3.34233817963e-15
6.71342685371 2.8919342752e-15
6.73346693387 2.44422959034e-15
6.75350701403 1.99919972843e-15
6.77354709419 1.60333450336e-15
6.79358717435 1.32176977465e-15
6.81362725451 1.04187482088e-15
6.83366733467 7.63634662195e-16
6.85370741483 4.87034500996e-16
6.87374749499 2.69100564762e-16
6.89378757515 2.20799178765e-16
6.91382765531 1.72785519041e-16
6.93386773547 1.25056893369e-16
6.95390781563 7.7610645812e-17
6.97394789579 3.93242407261e-17
6.99398797595 3.41526197209e-17
7.01402805611 2.9016481711e-17
7.03406813627 2.39153629491e-17
7.05410821643 1.88488093222e-17
7.07414829659 1.43707473135e-17
7.09418837675 1.25896111039e-17
7.11422845691 1.0823550033e-17
7.13426853707 9.07229997293e-18
7.15430861723 7.3356034913e-18
7.17434869739 5.81456837661e-18
7.19438877756 5.63471014882e-18
7.21442885772 5.46015460391e-18
7.23446893788 5.29074028823e-18
7.25450901804 5.12631073473e-18
7.2745490982 4.96724292842e-18
7.29458917836 4.81812916005e-18
7.31462925852 4.67352728263e-18
7.33466933868 4.53329952581e-18
7.35470941884 4.39731237058e-18
7.374749499 4.26543641647e-18
7.39478957916 4.13754625296e-18
7.41482965932 4.01352033497e-18
7.43486973948 3.89324086224e-18
7.45490981964 3.7765936626e-18
7.4749498998 3.66346807889e-18
7.49498997996 3.55375685945e-18
7.51503006012 3.44735605208e-18
7.53507014028 3.34416490134e-18
7.55511022044 3.2440857491e-18
7.5751503006 3.14702393824e-18
7.59519038076 3.0528877193e-18
7.61523046092 2.96158816024e-18
7.63527054108 2.87303905884e-18
7.65531062124 2.78715685801e-18
7.6753507014 2.70386056369e-18
7.69539078156 2.62307166535e-18
7.71543086172 2.54471405899e-18
7.73547094188 2.46871397257e-18
7.75551102204 2.39499989372e-18
7.7755511022 2.32350249984e-18
7.79559118236 2.25415459023e-18
7.81563126253 2.18689102051e-18
7.83567134269 2.12164863897e-18
7.85571142285 2.05836622499e-18
7.87575150301 1.99698442934e-18
7.89579158317 1.93744571638e-18
7.91583166333 1.87969430807e-18
7.93587174349 1.82367612966e-18
7.95591182365 1.76933875721e-18
7.97595190381 1.71663136661e-18
7.99599198397 1.66550468428e-18
8.01603206413 1.61591093937e-18
8.03607214429 1.56780381747e-18
8.05611222445 1.52113841576e-18
8.07615230461 1.47587119952e-18
8.09619238477 1.43195996009e-18
8.11623246493 1.38936377399e-18
8.13627254509 1.34804296348e-18
8.15631262525 1.3079590582e-18
8.17635270541 1.26907475811e-18
8.19639278557 1.23135389752e-18
8.21643286573 1.19476141027e-18
8.23647294589 1.15926329596e-18
8.25651302605 1.12482658725e-18
8.27655310621 1.09141931817e-18
8.29659318637 1.05901049344e-18
8.31663326653 1.02757005868e-18
8.33667334669 9.97068871584e-19
8.35671342685 9.67478673993e-19
8.37675350701 9.38772064815e-19
8.39679358717 9.10922473786e-19
8.41683366733 8.8390413605e-19
8.43687374749 8.57692067515e-19
8.45691382766 8.3226204098e-19
8.47695390782 8.07590562996e-19
8.49699398798 7.83654851441e-19
8.51703406814 7.60432813788e-19
8.5370741483 7.37903026047e-19
8.55711422846 7.16044712349e-19
8.57715430862 6.94837725171e-19
8.59719438878 6.74262526161e-19
8.61723446894 6.54300167554e-19
8.6372745491 6.34932274172e-19
8.65731462926 6.16141025965e-19
8.67735470942 5.97909141093e-19
8.69739478958 5.80219859537e-19
8.71743486974 5.63056927203e-19
8.7374749499 5.4640458052e-19
8.75751503006 5.30247531511e-19
8.77755511022 5.14570953327e-19
8.79759519038 4.99360466214e-19
8.81763527054 4.84602123924e-19
8.8376753507 4.70282400535e-19
8.85771543086 4.56388177677e-19
8.87775551102 4.42906732155e-19
8.89779559118 4.29825723941e-19
8.91783567134 4.17133184543e-19
8.9378757515 4.04817505733e-19
8.95791583166 3.92867428604e-19
8.97795591182 3.81272032984e-19
8.99799599198 3.70020727158e-19
9.01803607214 3.5910323791e-19
9.0380761523 3.48509600872e-19
9.05811623246 3.38230151161e-19
9.07815631263 3.28255514314e-19
9.09819639279 3.18576597486e-19
9.11823647295 3.09184580929e-19
9.13827655311 3.00070909723e-19
9.15831663327 2.91227285765e-19
9.17835671343 2.82645659999e-19
9.19839679359 2.74318224884e-19
9.21843687375 2.66237407095e-19
9.23847695391 2.58395860439e-19
9.25851703407 2.50786458996e-19
9.27855711423 2.43402290461e-19
9.29859719439 2.36236649698e-19
9.31863727455 2.29283032478e-19
9.33867735471 2.2253512942e-19
9.35871743487 2.15986820108e-19
9.37875751503 2.09632167393e-19
9.39879759519 2.03465411861e-19
9.41883767535 1.97480966477e-19
9.43887775551 1.91673411389e-19
9.45891783567 1.86037488887e-19
9.47895791583 1.80568098517e-19
9.49899799599 1.75260292349e-19
9.51903807615 1.70109270377e-19
9.53907815631 1.65110376069e-19
9.55911823647 1.60259092049e-19
9.57915831663 1.55551035909e-19
9.59919839679 1.50981956144e-19
9.61923847695 1.46547728223e-19
9.63927855711 1.42244350763e-19
9.65931863727 1.38067941831e-19
9.67935871743 1.34014735352e-19
9.6993987976 1.30081077629e-19
9.71943887776 1.26263423967e-19
9.73947895792 1.22558335396e-19
9.75951903808 1.18962475501e-19
9.77955911824 1.15472607341e-19
9.7995991984 1.12085590462e-19
9.81963927856 1.08798378004e-19
9.83967935872 1.05608013893e-19
9.85971943888 1.02511630117e-19
9.87975951904 9.95064440866e-20
9.8997995992 0.0
9.91983967936 0.0
9.93987975952 0.0
9.95991983968 0.0
9.97995991984 0.0
10.0 0.0
