0.0 0.0
0.0200400801603 0.0
0.0400801603206 0.0
0.060120240481 0.0
0.0801603206413 0.0
0.100200400802 0.0
0.120240480962 0.0
0.140280561122 0.0
0.160320641283 0.0
0.180360721443 0.0
0.200400801603 0.0
0.220440881764 1.4022098114e-09
0.240480961924 9.71964075291e-10
0.260521042084 2.67408089299e-11
0.280561122244 2.71863576854e-11
0.300601202405 2.77775843787e-11
0.320641282565 2.88820966517e-11
0.340681362725 3.0527845402e-11
0.360721442886 3.14306656299e-11
0.380761523046 3.22022737616e-11
0.400801603206 3.29135206073e-11
0.420841683367 3.359325048e-11
0.440881763527 3.42390389162e-11
0.460921843687 3.48377160982e-11
0.480961923848 3.53707410864e-11
0.501002004008 3.57970154913e-11
0.521042084168 3.61975348592e-11
0.541082164329 3.65695446688e-11
0.561122244489 3.69063815702e-11
0.581162324649 3.72233550392e-11
0.60120240481 3.75217437879e-11
0.62124248497 3.77791718212e-11
0.64128256513 3.80067711631e-11
0.661322645291 3.82243392224e-11
0.681362725451 3.83810055619e-11
0.701402805611 3.83761887507e-11
0.721442885772 3.83748057075e-11
0.741482965932 3.83737332905e-11
0.761523046092 3.83225518619e-11
0.781563126253 3.82718417798e-11
0.801603206413 3.82278265504e-11
0.821643286573 3.80369257217e-11
0.841683366733 3.77533273317e-11
0.861723446894 3.74845671295e-11
0.881763527054 3.71478767788e-11
0.901803607214 3.66022191896e-11
0.921843687375 3.60825891461e-11
0.941883767535 3.55861740754e-11
0.961923847695 3.49903275296e-11
0.981963927856 3.44114830894e-11
1.00200400802 3.38592504489e-11
1.02204408818 3.33859524475e-11
1.04208416834 3.29680847579e-11
1.0621242485 3.25660420843e-11
1.08216432866 3.21638710773e-11
1.10220440882 3.17418742552e-11
1.12224448898 3.13358707749e-11
1.14228456914 3.09486298635e-11
1.1623246493 3.0442612403e-11
1.18236472946 2.9946045377e-11
1.20240480962 2.94667652014e-11
1.22244488978 2.89939899521e-11
1.24248496994 2.85308789466e-11
1.2625250501 2.80829105441e-11
1.28256513026 2.76556264877e-11
1.30260521042 2.72586997126e-11
1.32264529058 2.68742719864e-11
1.34268537074 2.65016849497e-11
1.3627254509 2.61846590287e-11
1.38276553106 2.58795084468e-11
1.40280561122 2.55827774742e-11
1.42284569138 2.52615754624e-11
1.44288577154 2.492971996e-11
1.4629258517 2.46071063208e-11
1.48296593186 2.42976717125e-11
1.50300601202 2.40076733018e-11
1.52304609218 2.37255327732e-11
1.54308617234 2.34527647706e-11
1.56312625251 2.31340942858e-11
1.58316633267 2.28214750193e-11
1.60320641283 2.25168796739e-11
1.62324649299 2.2221000278e-11
1.64328657315 2.19330936935e-11
1.66332665331 2.16520661559e-11
1.68336673347 2.13896233369e-11
1.70340681363 2.11617438797e-11
1.72344689379 2.0939285287e-11
1.74348697395 2.07219131009e-11
1.76352705411 2.0387053931e-11
1.78356713427 2.00560685499e-11
1.80360721443 1.97325840512e-11
1.82364729459 1.94556102974e-11
1.84368737475 1.92066316606e-11
1.86372745491 1.89631031016e-11
1.88376753507 1.87586467753e-11
1.90380761523 1.8633044681e-11
1.92384769539 1.85101144644e-11
1.94388777555 1.83897713085e-11
1.96392785571 1.81429867808e-11
1.98396793587 1.7898658153e-11
2.00400801603 1.76568034978e-11
2.02404809619 1.7430205701e-11
2.04408817635 1.72082532358e-11
2.06412825651 1.69906900228e-11
2.08416833667 1.6778282396e-11
2.10420841683 1.65718763162e-11
2.12424849699 1.6369433309e-11
2.14428857715 1.61708398309e-11
2.16432865731 1.59674905467e-11
2.18436873747 1.57678515279e-11
2.20440881764 1.55719009253e-11
2.2244488978 1.53543927605e-11
2.24448897796 1.51280148771e-11
2.26452905812 1.49057005849e-11
2.28456913828 1.4683509494e-11
2.30460921844 1.44575435802e-11
2.3246492986 1.42355251226e-11
2.34468937876 1.40173803823e-11
2.36472945892 1.3846540553e-11
2.38476953908 1.36786117401e-11
2.40480961924 1.35135198822e-11
2.4248496994 1.33465884756e-11
2.44488977956 1.31801878315e-11
2.46492985972 1.30165273968e-11
2.48496993988 1.28342715408e-11
2.50501002004 1.2614174714e-11
2.5250501002 1.23976086541e-11
2.54509018036 1.21854283111e-11
2.56513026052 1.20604066825e-11
2.58517034068 1.19373478898e-11
2.60521042084 1.18162058988e-11
2.625250501 1.16521977513e-11
2.64529058116 1.14699142815e-11
2.66533066132 1.1290398827e-11
2.68537074148 1.11149892583e-11
2.70541082164 1.09447711507e-11
2.7254509018 1.07770799075e-11
2.74549098196 1.0612376869e-11
2.76553106212 1.04736421125e-11
2.78557114228 1.03369227645e-11
2.80561122244 1.02021750796e-11
2.82565130261 1.0016590242e-11
2.84569138277 9.81026057832e-12
2.86573146293 9.60683873811e-12
2.88577154309 9.43320050967e-12
2.90581162325 9.30921160421e-12
2.92585170341 9.18693593092e-12
2.94589178357 9.06523069626e-12
2.96593186373 8.91155494372e-12
2.98597194389 8.75995746082e-12
3.00601202405 8.61039624835e-12
3.02605210421 8.46049463131e-12
3.04609218437 8.31159348355e-12
3.06613226453 8.16465243404e-12
3.08617234469 8.02271613633e-12
3.10621242485 7.88779746333e-12
3.12625250501 7.75462039385e-12
3.14629258517 7.62366423902e-12
3.16633266533 7.50599986744e-12
3.18637274549 7.38982563942e-12
3.20641282565 7.27511334628e-12
3.22645290581 7.13921224847e-12
3.24649298597 6.99591019352e-12
3.26653306613 6.85437682191e-12
3.28657314629 6.70936866667e-12
3.30661322645 6.55775750011e-12
3.32665330661 6.40798300527e-12
3.34669338677 6.26180643289e-12
3.36673346693 6.14967502352e-12
3.38677354709 6.0388782133e-12
3.40681362725 5.92939225587e-12
3.42685370741 5.81555594957e-12
3.44689378758 5.70089713705e-12
3.46693386774 5.58757086952e-12
3.4869739479 5.47743190057e-12
3.50701402806 5.371447276e-12
3.52705410822 5.26667321811e-12
3.54709418838 5.16229813441e-12
3.56713426854 5.04734036277e-12
3.5871743487 4.93367314764e-12
3.60721442886 4.82127482906e-12
3.62725450902 4.71543365643e-12
3.64729458918 4.61268636696e-12
3.66733466934 4.51106716087e-12
3.6873747495 4.41388229085e-12
3.70741482966 4.32265340495e-12
3.72745490982 4.23240992201e-12
3.74749498998 4.14340265569e-12
3.76753507014 4.05871483307e-12
3.7875751503 3.97492713199e-12
3.80761523046 3.8920252461e-12
3.82765531062 3.79894937363e-12
3.84769539078 3.70304874877e-12
3.86773547094 3.6081458645e-12
3.8877755511 3.51958089277e-12
3.90781563126 3.43949340924e-12
3.92785571142 3.36022640656e-12
3.94789579158 3.28232217603e-12
3.96793587174 3.21127928376e-12
3.9879759519 3.14095320595e-12
4.00801603206 3.07133312572e-12
4.02805611222 2.99582376918e-12
4.04809619238 2.91892091006e-12
4.06813627255 2.84277844931e-12
4.08817635271 2.77244996485e-12
4.10821643287 2.7096689446e-12
4.12825651303 2.64749967674e-12
4.14829659319 2.58570356431e-12
4.16833667335 2.52229249281e-12
4.18837675351 2.45949033364e-12
4.20841683367 2.39728834125e-12
4.22845691383 2.34000120367e-12
4.24849699399 2.28458700728e-12
4.26853707415 2.22969489948e-12
4.28857715431 2.17399544333e-12
4.30861723447 2.11709903133e-12
4.32865731463 2.06073113204e-12
4.34869739479 2.00550306668e-12
4.36873747495 1.9560876922e-12
4.38877755511 1.90712504433e-12
4.40881763527 1.85860891831e-12
4.42885771543 1.81390485286e-12
4.44889779559 1.77058409717e-12
4.46893787575 1.72765308598e-12
4.48897795591 1.68474731939e-12
4.50901803607 1.64177666748e-12
4.52905811623 1.59918742735e-12
4.54909819639 1.55718446154e-12
4.56913827655 1.51716970024e-12
4.58917835671 1.47750543602e-12
4.60921843687 1.43818707568e-12
4.62925851703 1.39964283122e-12
4.64929859719 1.36155018312e-12
4.66933867735 1.32378542506e-12
4.68937875752 1.28832225196e-12
4.70941883768 1.25552479483e-12
4.72945891784 1.22300606024e-12
4.749498998 1.19043541688e-12
4.76953907816 1.15585278365e-12
4.78957915832 1.12156030677e-12
4.80961923848 1.08755434373e-12
4.82965931864 1.05697753549e-12
4.8496993988 1.02746299978e-12
4.86973947896 9.98192014086e-13
4.88977955912 9.6979872124e-13
4.90981963928 9.4236812234e-13
4.92985971944 9.15161104003e-13
4.9498997996 8.88534209869e-13
4.96993987976 8.64414767796e-13
4.98997995992 8.40489547169e-13
5.01002004008 8.1719578787e-13
5.03006012024 7.94494379155e-13
5.0501002004 7.71973585528e-13
5.07014028056 7.50808991007e-13
5.09018036072 7.29835640038e-13
5.11022044088 7.09027184699e-13
5.13026052104 6.88381684663e-13
5.1503006012 6.67897229987e-13
5.17034068136 6.49020083697e-13
5.19038076152 6.30382106353e-13
5.21042084168 6.1188783333e-13
5.23046092184 5.93535606224e-13
5.250501002 5.75323792104e-13
5.27054108216 5.58901868305e-13
5.29058116232 5.42789424625e-13
5.31062124248 5.26798861307e-13
5.33066132265 5.10928798317e-13
5.35070140281 4.95177876418e-13
5.37074148297 4.79997398486e-13
5.39078156313 4.6500429812e-13
5.41082164329 4.50122498385e-13
5.43086172345 4.353507625e-13
5.45090180361 4.20687871978e-13
5.47094188377 4.07569879227e-13
5.49098196393 3.94866016411e-13
5.51102204409 3.8225474182e-13
5.53106212425 3.69735045256e-13
5.55110220441 3.57305931195e-13
5.57114228457 3.45489931251e-13
5.59118236473 3.33907865183e-13
5.61122244489 3.22408696775e-13
5.63126252505 3.10991537767e-13
5.65130260521 2.99655512571e-13
5.67134268537 2.89352177941e-13
5.69138276553 2.79459599027e-13
5.71142284569 2.69636580405e-13
5.73146292585 2.59882389769e-13
5.75150300601 2.50196305079e-13
5.77154308617 2.40922473602e-13
5.79158316633 2.31862372348e-13
5.81162324649 2.22864874069e-13
5.83166332665 2.13929331113e-13
5.85170340681 2.05055104747e-13
5.87174348697 1.9666303799e-13
5.89178356713 1.8854788471e-13
5.91182364729 1.80487850974e-13
5.93186372745 1.72482376227e-13
5.95190380762 1.64530907508e-13
5.97194388778 1.57411104755e-13
5.99198396794 1.50822177375e-13
6.0120240481 1.44277257179e-13
6.03206412826 1.37775904024e-13
6.05210420842 1.31317683633e-13
6.07214428858 1.25224936677e-13
6.09218436874 1.19409388972e-13
6.1122244489 1.13632044284e-13
6.13226452906 1.07892526789e-13
6.15230460922 1.02190465585e-13
6.17234468938 9.67128016135e-14
6.19238476954 9.14326892872e-14
6.2124248497 8.61867008311e-14
6.23246492986 8.09745059801e-14
6.25250501002 7.5795778727e-14
6.27254509018 7.10446371623e-14
6.29258517034 6.67249941047e-14
6.3126252505 6.24328245013e-14
6.33266533066 5.81678666394e-14
6.35270541082 5.39298621284e-14
6.37274549098 4.99904524085e-14
6.39278557114 4.6401010757e-14
6.4128256513 4.28340414834e-14
6.43286573146 3.92893338371e-14
6.45290581162 3.57666797021e-14
6.47294589178 3.26690533802e-14
6.49298597194 3.01591162939e-14
6.5130260521 2.76646533342e-14
6.53306613226 2.51855215431e-14
6.55310621242 2.27215797239e-14
6.57314629259 2.05535189236e-14
6.59318637275 1.88678545939e-14
6.61322645291 1.71924272994e-14
6.63326653307 1.55271438276e-14
6.65330661323 1.3871912099e-14
6.67334669339 1.22824071403e-14
6.69338677355 1.081364491e-14
6.71342685371 9.35366902196e-15
6.73346693387 7.90240066349e-15
6.75350701403 6.45976196611e-15
6.77354709419 5.1765462736e-15
6.79358717435 4.26403110447e-15
6.81362725451 3.35689654993e-15
6.83366733467 2.45509499225e-15
6.85370741483 1.5585793775e-15
6.87374749499 8.52324703807e-16
6.89378757515 6.96275970583e-16
6.91382765531 5.41139472955e-16
6.93386773547 3.86907105624e-16
6.95390781563 2.33570861931e-16
6.97394789579 1.09927846151e-16
6.99398797595 9.36842035436e-17
7.01402805611 7.75392927777e-17
7.03406813627 6.14921099825e-17
7.05410821643 4.55416670448e-17
7.07414829659 3.14853063182e-17
7.09418837675 2.61630733799e-17
7.11422845691 2.08758541667e-17
7.13426853707 1.56232168451e-17
7.15430861723 1.04047381458e-17
7.17434869739 5.87320751505e-18
7.19438877756 5.68019959988e-18
7.21442885772 5.49256058809e-18
7.23446893788 5.31012870526e-18
7.25450901804 5.13274715927e-18
7.2745490982 4.96197887533e-18
7.29458917836 4.81305118452e-18
7.31462925852 4.66862869553e-18
7.33466933868 4.52857388291e-18
7.35470941884 4.39275346345e-18
7.374749499 4.26103826364e-18
7.39478957916 4.13330309147e-18
7.41482965932 4.00942661222e-18
7.43486973948 3.88929122818e-18
7.45490981964 3.77278296216e-18
7.4749498998 3.65979134477e-18
7.49498997996 3.55020930513e-18
7.51503006012 3.44393306509e-18
7.53507014028 3.34086203685e-18
7.55511022044 3.24089872369e-18
7.5751503006 3.1439486239e-18
7.59519038076 3.04992013775e-18
7.61523046092 2.95872447731e-18
7.63527054108 2.87027557921e-18
7.65531062124 2.78449002006e-18
7.6753507014 2.70128693459e-18
7.69539078156 2.6205879363e-18
7.71543086172 2.54231704066e-18
7.73547094188 2.4664005907e-18
7.75551102204 2.39276718491e-18
7.7755511022 2.32134760744e-18
7.79559118236 2.25207476047e-18
7.81563126253 2.18488359869e-18
7.83567134269 2.11971106586e-18
7.85571142285 2.05649603331e-18
7.87575150301 1.99517924041e-18
7.89579158317 1.93570323687e-18
7.91583166333 1.87801232689e-18
7.93587174349 1.82205251498e-18
7.95591182365 1.76777145351e-18
7.97595190381 1.71511839196e-18
7.99599198397 1.66404412762e-18
8.01603206413 1.61450095795e-18
8.03607214429 1.56644263438e-18
8.05611222445 1.51982431748e-18
8.07615230461 1.4746025337e-18
8.09619238477 1.43073513324e-18
8.11623246493 1.38818124942e-18
8.13627254509 1.3469012592e-18
8.15631262525 1.30685674496e-18
8.17635270541 1.26801045749e-18
8.19639278557 1.23032628007e-18
8.21643286573 1.19376919376e-18
8.23647294589 1.15830524367e-18
8.25651302605 1.12390150633e-18
8.27655310621 1.09052605806e-18
8.29659318637 1.05814794434e-18
8.31663326653 1.02673715006e-18
8.33667334669 9.96264570827e-19
8.35671342685 9.66701984982e-19
8.37675350701 9.3802202664e-19
8.39679358717 9.1019815948e-19
8.41683366733 8.83204651363e-19
8.43687374749 8.57016549748e-19
8.45691382766 8.31609657849e-19
8.47695390782 8.06960511546e-19
8.49699398798 7.83046356993e-19
8.51703406814 7.5984512893e-19
8.5370741483 7.37335429656e-19
8.55711422846 7.15496508655e-19
8.57715430862 6.94308242849e-19
8.59719438878 6.73751117458e-19
8.61723446894 6.53806207454e-19
8.6372745491 6.34455159579e-19
8.65731462926 6.15680174923e-19
8.67735470942 5.9746399204e-19
8.69739478958 5.7978987057e-19
8.71743486974 5.62641575387e-19
8.7374749499 5.46003361208e-19
8.75751503006 5.29859957701e-19
8.77755511022 5.14196555029e-19
8.79759519038 4.98998789851e-19
8.81763527054 4.84252731749e-19
8.8376753507 4.6994487007e-19
8.85771543086 4.56062101175e-19
8.87775551102 4.42591716073e-19
8.89779559118 4.29521388443e-19
8.91783567134 4.16839163015e-19
8.9378757515 4.04533444312e-19
8.95791583166 3.92592985735e-19
8.97795591182 3.81006878978e-19
8.99799599198 3.69764543778e-19
9.01803607214 3.58855717968e-19
9.0380761523 3.48270447837e-19
9.05811623246 3.37999078787e-19
9.07815631263 3.28032246276e-19
9.09819639279 3.18360867031e-19
9.11823647295 3.08976130542e-19
9.13827655311 2.99869490801e-19
9.15831663327 2.91032658304e-19
9.17835671343 2.82457592293e-19
9.19839679359 2.74136493234e-19
9.21843687375 2.66061795528e-19
9.23847695391 2.58226160438e-19
9.25851703407 2.50622469238e-19
9.27855711423 2.43243816567e-19
9.29859719439 2.36083503989e-19
9.31863727455 2.29135033741e-19
9.33867735471 2.22392102683e-19
9.35871743487 2.15848596421e-19
9.37875751503 2.09498583619e-19
9.39879759519 2.03336310472e-19
9.41883767535 1.9735619536e-19
9.43887775551 1.91552823657e-19
9.45891783567 1.85920942695e-19
9.47895791583 1.80455456891e-19
9.49899799599 1.75151423011e-19
9.51903807615 1.70004045586e-19
9.53907815631 1.65008672464e-19
9.55911823647 1.60160790492e-19
9.57915831663 1.55456021342e-19
9.59919839679 1.50890117449e-19
9.61923847695 1.46458958081e-19
9.63927855711 1.42158545525e-19
9.65931863727 1.37985001391e-19
9.67935871743 1.33934563024e-19
9.6993987976 1.30003580028e-19
9.71943887776 1.26188510896e-19
9.73947895792 1.22485919735e-19
9.75951903808 1.18892473102e-19
9.77955911824 1.15404936922e-19
9.7995991984 1.12020173511e-19
9.81963927856 1.08735138684e-19
9.83967935872 1.05546878947e-19
9.85971943888 1.02452528782e-19
9.87975951904 9.94493080058e-20
9.8997995992 0.0
9.91983967936 0.0
9.93987975952 0.0
9.95991983968 0.0
9.97995991984 0.0
10.0 0.0
