0.0 0.0
0.0200400801603 0.0
0.0400801603206 0.0
0.060120240481 0.0
0.0801603206413 0.0
0.100200400802 0.0
0.120240480962 0.0
0.140280561122 0.0
0.160320641283 0.0
0.180360721443 0.0
0.200400801603 0.0
0.220440881764 0.0
0.240480961924 0.0
0.260521042084 0.0
0.280561122244 0.0
0.300601202405 0.0
0.320641282565 0.0
0.340681362725 1.85583953904e-10
0.360721442886 7.05894851344e-11
0.380761523046 5.62066782708e-11
0.400801603206 5.01978994132e-11
0.420841683367 4.69794936695e-11
0.440881763527 4.50456072314e-11
0.460921843687 4.37931363518e-11
0.480961923848 4.29212485092e-11
0.501002004008 4.22325255725e-11
0.521042084168 4.17354319753e-11
0.541082164329 4.13676582158e-11
0.561122244489 4.10830558501e-11
0.581162324649 4.08717886614e-11
0.60120240481 4.07155203822e-11
0.62124248497 4.05758006321e-11
0.64128256513 4.0454320451e-11
0.661322645291 4.03639002207e-11
0.681362725451 4.02445127539e-11
0.701402805611 3.99869361828e-11
0.721442885772 3.9760265626e-11
0.741482965932 3.95571155656e-11
0.761523046092 3.9322625854e-11
0.781563126253 3.91064330506e-11
0.801603206413 3.89126651171e-11
0.821643286573 3.85835357122e-11
0.841683366733 3.81735600079e-11
0.861723446894 3.77904279834e-11
0.881763527054 3.73494260815e-11
0.901803607214 3.67085827852e-11
0.921843687375 3.61034068415e-11
0.941883767535 3.55298759607e-11
0.961923847695 3.48648511241e-11
0.981963927856 3.42239238295e-11
1.00200400802 3.36159351639e-11
1.02204408818 3.30919725483e-11
1.04208416834 3.26278405944e-11
1.0621242485 3.21836766332e-11
1.08216432866 3.17432172067e-11
1.10220440882 3.12868510712e-11
1.12224448898 3.08496051406e-11
1.14228456914 3.04340456784e-11
1.1623246493 2.99046143099e-11
1.18236472946 2.9387251846e-11
1.20240480962 2.88893966937e-11
1.22244488978 2.84002514199e-11
1.24248496994 2.79227198239e-11
1.2625250501 2.74619706701e-11
1.28256513026 2.70232308017e-11
1.30260521042 2.66157930965e-11
1.32264529058 2.62220588946e-11
1.34268537074 2.58412570881e-11
1.3627254509 2.55158746202e-11
1.38276553106 2.52031913716e-11
1.40280561122 2.48997233343e-11
1.42284569138 2.45734131353e-11
1.44288577154 2.42376877553e-11
1.4629258517 2.39118300838e-11
1.48296593186 2.35995887399e-11
1.50300601202 2.33069855809e-11
1.52304609218 2.30227163466e-11
1.54308617234 2.27482835745e-11
1.56312625251 2.24299681398e-11
1.58316633267 2.21181327492e-11
1.60320641283 2.18146482381e-11
1.62324649299 2.15201444972e-11
1.64328657315 2.12338639035e-11
1.66332665331 2.09547033329e-11
1.68336673347 2.06939434101e-11
1.70340681363 2.04670194983e-11
1.72344689379 2.02457060223e-11
1.74348697395 2.00296501223e-11
1.76352705411 1.97004033107e-11
1.78356713427 1.93752722062e-11
1.80360721443 1.90577389044e-11
1.82364729459 1.87854433157e-11
1.84368737475 1.85404643268e-11
1.86372745491 1.83010128766e-11
1.88376753507 1.80995109201e-11
1.90380761523 1.79742942031e-11
1.92384769539 1.78518363835e-11
1.94388777555 1.77320460298e-11
1.96392785571 1.74905349911e-11
1.98396793587 1.72515958476e-11
2.00400801603 1.70151225078e-11
2.02404809619 1.67937746224e-11
2.04408817635 1.65769524764e-11
2.06412825651 1.63645221323e-11
2.08416833667 1.61572124999e-11
2.10420841683 1.59558291462e-11
2.12424849699 1.5758400995e-11
2.14428857715 1.5564811313e-11
2.16432865731 1.53667719707e-11
2.18436873747 1.51724258108e-11
2.20440881764 1.49817454383e-11
2.2244488978 1.47704402879e-11
2.24448897796 1.45507173255e-11
2.26452905812 1.43350130045e-11
2.28456913828 1.41195327551e-11
2.30460921844 1.39005248743e-11
2.3246492986 1.36854103436e-11
2.34468937876 1.34741132809e-11
2.36472945892 1.33083701605e-11
2.38476953908 1.31455008743e-11
2.40480961924 1.29854305938e-11
2.4248496994 1.28236627621e-11
2.44488977956 1.26624725499e-11
2.46492985972 1.2503979775e-11
2.48496993988 1.23276887254e-11
2.50501002004 1.21151189247e-11
2.5250501002 1.19060079661e-11
2.54509018036 1.17011735218e-11
2.56513026052 1.1580085737e-11
2.58517034068 1.14609281026e-11
2.60521042084 1.1343654433e-11
2.625250501 1.11852758871e-11
2.64529058116 1.10094037393e-11
2.66533066132 1.08362367605e-11
2.68537074148 1.06670566688e-11
2.70541082164 1.05029027846e-11
2.7254509018 1.03412158328e-11
2.74549098196 1.01824365797e-11
2.76553106212 1.00486099908e-11
2.78557114228 9.91675114325e-12
2.80561122244 9.78681661947e-12
2.82565130261 9.60815100163e-12
2.84569138277 9.40962532957e-12
2.86573146293 9.21392687727e-12
2.88577154309 9.04682824478e-12
2.90581162325 8.92737350714e-12
2.92585170341 8.80958730571e-12
2.94589178357 8.69237283285e-12
2.96593186373 8.54452930519e-12
2.98597194389 8.3987049769e-12
3.00601202405 8.25485848015e-12
3.02605210421 8.11071039669e-12
3.04609218437 7.96754540546e-12
3.06613226453 7.82628250803e-12
3.08617234469 7.68983901837e-12
3.10621242485 7.56014280985e-12
3.12625250501 7.4321358077e-12
3.14629258517 7.30627656183e-12
3.16633266533 7.19317348497e-12
3.18637274549 7.08151529192e-12
3.20641282565 6.97127429851e-12
3.22645290581 6.84074652128e-12
3.24649298597 6.70314475017e-12
3.26653306613 6.56725478738e-12
3.28657314629 6.42805244209e-12
3.30661322645 6.28254079301e-12
3.32665330661 6.13880517043e-12
3.34669338677 5.99853209869e-12
3.36673346693 5.89088619243e-12
3.38677354709 5.78453106127e-12
3.40681362725 5.67944349722e-12
3.42685370741 5.57020079132e-12
3.44689378758 5.46018192082e-12
3.46693386774 5.35145062191e-12
3.4869739479 5.24578275786e-12
3.50701402806 5.14410384109e-12
3.52705410822 5.04359416666e-12
3.54709418838 4.94347619454e-12
3.56713426854 4.83323399366e-12
3.5871743487 4.7242373426e-12
3.60721442886 4.61646514569e-12
3.62725450902 4.51498042683e-12
3.64729458918 4.4164665059e-12
3.66733466934 4.31904082032e-12
3.6873747495 4.22586845086e-12
3.70741482966 4.13840560969e-12
3.72745490982 4.05189312344e-12
3.74749498998 3.96657085429e-12
3.76753507014 3.88539006358e-12
3.7875751503 3.80507709643e-12
3.80761523046 3.72561804634e-12
3.82765531062 3.63642620343e-12
3.84769539078 3.54453673383e-12
3.86773547094 3.45360842669e-12
3.8877755511 3.3687523242e-12
3.90781563126 3.29201565174e-12
3.92785571142 3.21606927875e-12
3.94789579158 3.14143204351e-12
3.96793587174 3.0733660989e-12
3.9879759519 3.00599045953e-12
4.00801603206 2.93929463185e-12
4.02805611222 2.8669669613e-12
4.04809619238 2.79330998388e-12
4.06813627255 2.72038483537e-12
4.08817635271 2.65302721438e-12
4.10821643287 2.59289544368e-12
4.12825651303 2.53335239516e-12
4.14829659319 2.47416965875e-12
4.16833667335 2.41344484729e-12
4.18837675351 2.35330581991e-12
4.20841683367 2.29374410773e-12
4.22845691383 2.23888781133e-12
4.24849699399 2.18582621861e-12
4.26853707415 2.13326675415e-12
4.28857715431 2.07993743151e-12
4.30861723447 2.02546550034e-12
4.32865731463 1.97150170797e-12
4.34869739479 1.91863081002e-12
4.36873747495 1.87132301396e-12
4.38877755511 1.82445043252e-12
4.40881763527 1.77800706518e-12
4.42885771543 1.73521234569e-12
4.44889779559 1.69374273181e-12
4.46893787575 1.65264770206e-12
4.48897795591 1.61157853748e-12
4.50901803607 1.57044898974e-12
4.52905811623 1.52968592497e-12
4.54909819639 1.48948524786e-12
4.56913827655 1.45118784749e-12
4.58917835671 1.41322716397e-12
4.60921843687 1.37559876056e-12
4.62925851703 1.33871216152e-12
4.64929859719 1.30225883617e-12
4.66933867735 1.26612042381e-12
4.68937875752 1.23218455975e-12
4.70941883768 1.20079938348e-12
4.72945891784 1.16968187154e-12
4.749498998 1.1385157844e-12
4.76953907816 1.10542655371e-12
4.78957915832 1.07261589627e-12
4.80961923848 1.04008029757e-12
4.82965931864 1.01082511691e-12
4.8496993988 9.82586727312e-13
4.86973947896 9.54582127521e-13
4.88977955912 9.27417717036e-13
4.90981963928 9.01174733856e-13
4.92985971944 8.751463401e-13
4.9498997996 8.49673460456e-13
4.96993987976 8.26599056282e-13
4.98997995992 8.03711043896e-13
5.01002004008 7.81427502949e-13
5.03006012024 7.59711002951e-13
5.0501002004 7.38167812227e-13
5.07014028056 7.17921994644e-13
5.09018036072 6.9785959161e-13
5.11022044088 6.77955394427e-13
5.13026052104 6.58207533335e-13
5.1503006012 6.38614168021e-13
5.17034068136 6.20558110749e-13
5.19038076152 6.0273118933e-13
5.21042084168 5.85042113385e-13
5.23046092184 5.67489285433e-13
5.250501002 5.50071132665e-13
5.27054108216 5.34364690379e-13
5.29058116232 5.18954511551e-13
5.31062124248 5.03661222701e-13
5.33066132265 4.88483494942e-13
5.35070140281 4.73420019519e-13
5.37074148297 4.58902252238e-13
5.39078156313 4.44563947801e-13
5.41082164329 4.30332364434e-13
5.43086172345 4.16206311637e-13
5.45090180361 4.02184616611e-13
5.47094188377 3.89640136734e-13
5.49098196393 3.77491824492e-13
5.51102204409 3.6543227698e-13
5.53106212425 3.5346052209e-13
5.55110220441 3.415756019e-13
5.57114228457 3.30277028715e-13
5.59118236473 3.19202306659e-13
5.61122244489 3.08207044718e-13
5.63126252505 2.97290388397e-13
5.65130260521 2.8645149545e-13
5.67134268537 2.76599972211e-13
5.69138276553 2.67141277305e-13
5.71142284569 2.5774924849e-13
5.73146292585 2.48423181486e-13
5.75150300601 2.39162381933e-13
5.77154308617 2.30295810069e-13
5.79158316633 2.21633691308e-13
5.81162324649 2.13031560996e-13
5.83166332665 2.04488796449e-13
5.85170340681 1.96004783599e-13
5.87174348697 1.87981780682e-13
5.89178356713 1.8022359316e-13
5.91182364729 1.72518215301e-13
5.93186372745 1.64865108309e-13
5.95190380762 1.57263740717e-13
5.97194388778 1.50457407981e-13
5.99198396794 1.44158594283e-13
6.0120240481 1.37901938649e-13
6.03206412826 1.31687018113e-13
6.05210420842 1.25513415365e-13
6.07214428858 1.19689215787e-13
6.09218436874 1.14130040926e-13
6.1122244489 1.08607458986e-13
6.13226452906 1.03121108893e-13
6.15230460922 9.76706343241e-14
6.17234468938 9.24347027353e-14
6.19238476954 8.7387651514e-14
6.2124248497 8.23732816056e-14
6.23246492986 7.73912757849e-14
6.25250501002 7.2441320933e-14
6.27254509018 6.79000835383e-14
6.29258517034 6.37712950852e-14
6.3126252505 5.96688157539e-14
6.33266533066 5.55923942154e-14
6.35270541082 5.15417823434e-14
6.37274549098 4.77765857229e-14
6.39278557114 4.43458958735e-14
6.4128256513 4.09367236379e-14
6.43286573146 3.75488666675e-14
6.45290581162 3.41821251523e-14
6.47294589178 3.1221608777e-14
6.49298597194 2.88227604045e-14
6.5130260521 2.64387274768e-14
6.53306613226 2.40693727549e-14
6.55310621242 2.17145606973e-14
6.57314629259 1.96425318346e-14
6.59318637275 1.80315232515e-14
6.61322645291 1.64303152192e-14
6.63326653307 1.48388182653e-14
6.65330661323 1.32569440089e-14
6.67334669339 1.17378963344e-14
6.69338677355 1.03342482872e-14
6.71342685371 8.93901106411e-15
6.73346693387 7.55210902884e-15
6.75350701403 6.17346745443e-15
6.77354709419 4.94718400072e-15
6.79358717435 4.07515201637e-15
6.81362725451 3.20827033635e-15
6.83366733467 2.34649326601e-15
6.85370741483 1.48977565367e-15
6.87374749499 8.14875222252e-16
6.89378757515 6.65743187512e-16
6.91382765531 5.17484576055e-16
6.93386773547 3.70091602297e-16
6.95390781563 2.23556575874e-16
6.97394789579 1.0539671844e-16
6.99398797595 8.9863940067e-17
7.01402805611 7.44259636028e-17
7.03406813627 5.90818169437e-17
7.05410821643 4.38305434159e-17
7.07414829659 3.03895572822e-17
7.09418837675 2.52947131673e-17
7.11422845691 2.02336454418e-17
7.13426853707 1.5205932037e-17
7.15430861723 1.02111593525e-17
7.17434869739 5.87307026045e-18
7.19438877756 5.68077883905e-18
7.21442885772 5.49385684986e-18
7.23446893788 5.31214236538e-18
7.25450901804 5.1354784472e-18
7.2745490982 4.96535156672e-18
7.29458917836 4.81630466579e-18
7.31462925852 4.67176725162e-18
7.33466933868 4.53160164191e-18
7.35470941884 4.39567440239e-18
7.374749499 4.2638562142e-18
7.39478957916 4.13602174538e-18
7.41482965932 4.01204952644e-18
7.43486973948 3.89182182996e-18
7.45490981964 3.77522455385e-18
7.4749498998 3.66214710845e-18
7.49498997996 3.55248230707e-18
7.51503006012 3.4461262601e-18
7.53507014028 3.34297827234e-18
7.55511022044 3.24294074369e-18
7.5751503006 3.14591907289e-18
7.59519038076 3.0518215643e-18
7.61523046092 2.96055933768e-18
7.63527054108 2.87204624072e-18
7.65531062124 2.78619876438e-18
7.6753507014 2.70293596091e-18
7.69539078156 2.62217936434e-18
7.71543086172 2.54385291363e-18
7.73547094188 2.46788287808e-18
7.75551102204 2.39419778519e-18
7.7755511022 2.3227283507e-18
7.79559118236 2.25340741092e-18
7.81563126253 2.18616985705e-18
7.83567134269 2.1209525717e-18
7.85571142285 2.05769436731e-18
7.87575150301 1.99633592648e-18
7.89579158317 1.93681974425e-18
7.91583166333 1.87909007214e-18
7.93587174349 1.82309286388e-18
7.95591182365 1.76877572296e-18
7.97595190381 1.71608785172e-18
7.99599198397 1.66498000204e-18
8.01603206413 1.61540442764e-18
8.03607214429 1.56731483775e-18
8.05611222445 1.52066635235e-18
8.07615230461 1.47541545869e-18
8.09619238477 1.43151996926e-18
8.11623246493 1.38893898101e-18
8.13627254509 1.34763283584e-18
8.15631262525 1.30756308235e-18
8.17635270541 1.26869243877e-18
8.19639278557 1.23098475702e-18
8.21643286573 1.19440498788e-18
8.23647294589 1.15891914732e-18
8.25651302605 1.12449428377e-18
8.27655310621 1.09109844645e-18
8.29659318637 1.05870065473e-18
8.31663326653 1.02727086834e-18
8.33667334669 9.96779958598e-19
8.35671342685 9.67199680464e-19
8.37675350701 9.38502645497e-19
8.39679358717 9.10662295628e-19
8.41683366733 8.83652877759e-19
8.43687374749 8.57449419135e-19
8.45691382766 8.32027703485e-19
8.47695390782 8.07364247898e-19
8.49699398798 7.83436280413e-19
8.51703406814 7.602217183e-19
8.5370741483 7.37699147016e-19
8.55711422846 7.15847799803e-19
8.57715430862 6.94647537921e-19
8.59719438878 6.74078831487e-19
8.61723446894 6.54122740906e-19
8.6372745491 6.34760898878e-19
8.65731462926 6.15975492946e-19
8.67735470942 5.97749248601e-19
8.69739478958 5.80065412886e-19
8.71743486974 5.62907738522e-19
8.7374749499 5.46260468509e-19
8.75751503006 5.30108321212e-19
8.77755511022 5.14436475892e-19
8.79759519038 4.99230558694e-19
8.81763527054 4.84476629056e-19
8.8376753507 4.70161166544e-19
8.85771543086 4.56271058079e-19
8.87775551102 4.42793585571e-19
8.89779559118 4.29716413915e-19
8.91783567134 4.17027579372e-19
8.9378757515 4.04715478293e-19
8.95791583166 3.92768856194e-19
8.97795591182 3.81176797167e-19
8.99799599198 3.6992871361e-19
9.01803607214 3.59014336278e-19
9.0380761523 3.4842370463e-19
9.05811623246 3.38147157481e-19
9.07815631263 3.2817532393e-19
9.09819639279 3.18499114572e-19
9.11823647295 3.09109712978e-19
9.13827655311 2.99998567429e-19
9.15831663327 2.91157382913e-19
9.17835671343 2.82578113353e-19
9.19839679359 2.74252954087e-19
9.21843687375 2.66174334563e-19
9.23847695391 2.58334911269e-19
9.25851703407 2.50727560868e-19
9.27855711423 2.43345373551e-19
9.29859719439 2.36181646588e-19
9.31863727455 2.29229878074e-19
9.33867735471 2.22483760868e-19
9.35871743487 2.1593717672e-19
9.37875751503 2.09584190567e-19
9.39879759519 2.03419045012e-19
9.41883767535 1.97436154965e-19
9.43887775551 1.9163010245e-19
9.45891783567 1.85995631569e-19
9.47895791583 1.80527643619e-19
9.49899799599 1.75221192356e-19
9.51903807615 1.70071479404e-19
9.53907815631 1.65073849804e-19
9.55911823647 1.60223787698e-19
9.57915831663 1.55516912142e-19
9.59919839679 1.50948973049e-19
9.61923847695 1.4651584725e-19
9.63927855711 1.42213534683e-19
9.65931863727 1.38038154685e-19
9.67935871743 1.33985942412e-19
9.6993987976 1.30053245352e-19
9.71943887776 1.26236519954e-19
9.73947895792 1.22532328356e-19
9.75951903808 1.18937335208e-19
9.77955911824 1.15448304599e-19
9.7995991984 1.12062097071e-19
9.81963927856 1.08775666724e-19
9.83967935872 1.05586058412e-19
9.85971943888 1.02490405018e-19
9.87975951904 9.94859248162e-20
9.8997995992 0.0
9.91983967936 0.0
9.93987975952 0.0
9.95991983968 0.0
9.97995991984 0.0
10.0 0.0
