0.0 0.0
0.0200400801603 0.0
0.0400801603206 0.0
0.060120240481 0.0
0.0801603206413 0.0
0.100200400802 0.0
0.120240480962 0.0
0.140280561122 0.0
0.160320641283 0.0
0.180360721443 0.0
0.200400801603 0.0
0.220440881764 0.0
0.240480961924 0.0
0.260521042084 0.0
0.280561122244 0.0
0.300601202405 0.0
0.320641282565 0.0
0.340681362725 0.0
0.360721442886 9.61494799168e-11
0.380761523046 6.00311708343e-11
0.400801603206 5.02317839716e-11
0.420841683367 4.55980776247e-11
0.440881763527 4.29538413079e-11
0.460921843687 4.12802164401e-11
0.480961923848 4.01315963434e-11
0.501002004008 3.92515756307e-11
0.521042084168 3.86112749204e-11
0.541082164329 3.81312092795e-11
0.561122244489 3.77567403712e-11
0.581162324649 3.74707682325e-11
0.60120240481 3.72508409492e-11
0.62124248497 3.70581475568e-11
0.64128256513 3.68917595391e-11
0.661322645291 3.67614785557e-11
0.681362725451 3.66113670479e-11
0.701402805611 3.63409821907e-11
0.721442885772 3.61032187015e-11
0.741482965932 3.58903133453e-11
0.761523046092 3.56522264676e-11
0.781563126253 3.5433519947e-11
0.801603206413 3.52377393448e-11
0.821643286573 3.49217230921e-11
0.841683366733 3.45345114322e-11
0.861723446894 3.41732260269e-11
0.881763527054 3.37609931223e-11
0.901803607214 3.31696629642e-11
0.921843687375 3.26118802014e-11
0.941883767535 3.20837370252e-11
0.961923847695 3.1474077746e-11
0.981963927856 3.08871394299e-11
1.00200400802 3.03309690892e-11
1.02204408818 2.98514509303e-11
1.04208416834 2.94265293475e-11
1.0621242485 2.90200690817e-11
1.08216432866 2.86171743973e-11
1.10220440882 2.82004391231e-11
1.12224448898 2.78013824405e-11
1.14228456914 2.74226606236e-11
1.1623246493 2.69417681595e-11
1.18236472946 2.64720994885e-11
1.20240480962 2.60203146349e-11
1.22244488978 2.55766641936e-11
1.24248496994 2.51437402207e-11
1.2625250501 2.47261523116e-11
1.28256513026 2.43285545676e-11
1.30260521042 2.39593355951e-11
1.32264529058 2.36026380775e-11
1.34268537074 2.32577445766e-11
1.3627254509 2.29628701228e-11
1.38276553106 2.26795634381e-11
1.40280561122 2.24046139714e-11
1.42284569138 2.21092071114e-11
1.44288577154 2.18054542546e-11
1.4629258517 2.15106764204e-11
1.48296593186 2.12282173004e-11
1.50300601202 2.09635175209e-11
1.52304609218 2.07064040848e-11
1.54308617234 2.04584128853e-11
1.56312625251 2.01710511299e-11
1.58316633267 1.98895903989e-11
1.60320641283 1.96157087149e-11
1.62324649299 1.93499667588e-11
1.64328657315 1.90916781302e-11
1.66332665331 1.88398241019e-11
1.68336673347 1.86045127429e-11
1.70340681363 1.83996636643e-11
1.72344689379 1.81999037499e-11
1.74348697395 1.80048982048e-11
1.76352705411 1.77082147078e-11
1.78356713427 1.74152767959e-11
1.80360721443 1.71292121605e-11
1.82364729459 1.68838394647e-11
1.84368737475 1.66630491861e-11
1.86372745491 1.64472596578e-11
1.88376753507 1.62655994952e-11
1.90380761523 1.61525074344e-11
1.92384769539 1.60419179765e-11
1.94388777555 1.59337477459e-11
1.96392785571 1.57162468274e-11
1.98396793587 1.55010825761e-11
2.00400801603 1.52879005592e-11
2.02404809619 1.50888782694e-11
2.04408817635 1.48936668403e-11
2.06412825651 1.47024232252e-11
2.08416833667 1.45158009614e-11
2.10420841683 1.43345224528e-11
2.12424849699 1.41568160519e-11
2.14428857715 1.39825758988e-11
2.16432865731 1.38043567059e-11
2.18436873747 1.36294716857e-11
2.20440881764 1.34578953703e-11
2.2244488978 1.32678105069e-11
2.24448897796 1.30701808543e-11
2.26452905812 1.28761755348e-11
2.28456913828 1.26823858819e-11
2.30460921844 1.24854419759e-11
2.3246492986 1.22920080083e-11
2.34468937876 1.21020151663e-11
2.36472945892 1.19529441081e-11
2.38476953908 1.18064644777e-11
2.40480961924 1.16625085779e-11
2.4248496994 1.1517037983e-11
2.44488977956 1.13720954958e-11
2.46492985972 1.12295843237e-11
2.48496993988 1.10710994011e-11
2.50501002004 1.0880046176e-11
2.5250501002 1.06921080266e-11
2.54509018036 1.0508018745e-11
2.56513026052 1.03991368414e-11
2.58517034068 1.0291994537e-11
2.60521042084 1.01865500826e-11
2.625250501 1.00442033021e-11
2.64529058116 9.88615559149e-12
2.66533066132 9.73054341817e-12
2.68537074148 9.57851731648e-12
2.70541082164 9.43101014777e-12
2.7254509018 9.28572371004e-12
2.74549098196 9.14305349644e-12
2.76553106212 9.02279223403e-12
2.78557114228 8.90430243166e-12
2.80561122244 8.78754490909e-12
2.82565130261 8.62703988203e-12
2.84569138277 8.44870914535e-12
2.86573146293 8.27292179333e-12
2.88577154309 8.12281628567e-12
2.90581162325 8.01548955254e-12
2.92585170341 7.90966437696e-12
2.94589178357 7.80435592182e-12
2.96593186373 7.67155278527e-12
2.98597194389 7.54056602552e-12
3.00601202405 7.41135835685e-12
3.02605210421 7.28188327552e-12
3.04609218437 7.1532940075e-12
3.06613226453 7.02641546744e-12
3.08617234469 6.90386651658e-12
3.10621242485 6.78737770167e-12
3.12625250501 6.67240805115e-12
3.14629258517 6.55936910889e-12
3.16633266533 6.45778412319e-12
3.18637274549 6.35749854255e-12
3.20641282565 6.25848742583e-12
3.22645290581 6.14126696923e-12
3.24649298597 6.01769849633e-12
3.26653306613 5.89566899462e-12
3.28657314629 5.77066821893e-12
3.30661322645 5.64000586598e-12
3.32665330661 5.51093999141e-12
3.34669338677 5.38498446114e-12
3.36673346693 5.28831937763e-12
3.38677354709 5.19281465702e-12
3.40681362725 5.09844940402e-12
3.42685370741 5.00035582266e-12
3.44689378758 4.90156707177e-12
3.46693386774 4.80393563046e-12
3.4869739479 4.70905553864e-12
3.50701402806 4.61775750032e-12
3.52705410822 4.52751035831e-12
3.54709418838 4.43761611738e-12
3.56713426854 4.33863531643e-12
3.5871743487 4.24077385284e-12
3.60721442886 4.14401274358e-12
3.62725450902 4.0528966154e-12
3.64729458918 3.96444826506e-12
3.66733466934 3.87697781999e-12
3.6873747495 3.79332624975e-12
3.70741482966 3.71480059195e-12
3.72745490982 3.63712891517e-12
3.74749498998 3.56052648702e-12
3.76753507014 3.48764231801e-12
3.7875751503 3.41553793411e-12
3.80761523046 3.34420082431e-12
3.82765531062 3.26412845273e-12
3.84769539078 3.18163554785e-12
3.86773547094 3.10000617837e-12
3.8877755511 3.02382788484e-12
3.90781563126 2.9549381403e-12
3.92785571142 2.88675842077e-12
3.94789579158 2.81975439808e-12
3.96793587174 2.75864919173e-12
3.9879759519 2.69816416002e-12
4.00801603206 2.63828986508e-12
4.02805611222 2.57336119083e-12
4.04809619238 2.5072399457e-12
4.06813627255 2.44177611188e-12
4.08817635271 2.38130997191e-12
4.10821643287 2.32732990389e-12
4.12825651303 2.27387869551e-12
4.14829659319 2.2207513233e-12
4.16833667335 2.16624029691e-12
4.18837675351 2.11225546082e-12
4.20841683367 2.05878920016e-12
4.22845691383 2.00954662941e-12
4.24849699399 1.96191524021e-12
4.26853707415 1.91473488249e-12
4.28857715431 1.86686389671e-12
4.30861723447 1.81796772525e-12
4.32865731463 1.76952795886e-12
4.34869739479 1.7220694201e-12
4.36873747495 1.67960421256e-12
4.38877755511 1.6375299061e-12
4.40881763527 1.59584110623e-12
4.42885771543 1.55742730402e-12
4.44889779559 1.52020305643e-12
4.46893787575 1.48331524393e-12
4.48897795591 1.44645087954e-12
4.50901803607 1.40953254914e-12
4.52905811623 1.37294336422e-12
4.54909819639 1.33685914379e-12
4.56913827655 1.30248333551e-12
4.58917835671 1.26840993169e-12
4.60921843687 1.23463494433e-12
4.62925851703 1.20152591578e-12
4.64929859719 1.16880593241e-12
4.66933867735 1.13636875982e-12
4.68937875752 1.10590853712e-12
4.70941883768 1.07773770336e-12
4.72945891784 1.04980724685e-12
4.749498998 1.02183334103e-12
4.76953907816 9.9213357769e-13
4.78957915832 9.62683976707e-13
4.80961923848 9.33481379557e-13
4.82965931864 9.07223047061e-13
4.8496993988 8.81877394116e-13
4.86973947896 8.56741684094e-13
4.88977955912 8.32360145386e-13
4.90981963928 8.08805681495e-13
4.92985971944 7.85443914836e-13
4.9498997996 7.62580814263e-13
4.96993987976 7.4187038777e-13
4.98997995992 7.21327336137e-13
5.01002004008 7.01326871802e-13
5.03006012024 6.81835397771e-13
5.0501002004 6.6249954766e-13
5.07014028056 6.44328131477e-13
5.09018036072 6.26321400896e-13
5.11022044088 6.08456729709e-13
5.13026052104 5.90732437772e-13
5.1503006012 5.73146871428e-13
5.17034068136 5.56941051341e-13
5.19038076152 5.40940936299e-13
5.21042084168 5.25064594692e-13
5.23046092184 5.09310591115e-13
5.250501002 4.93677512355e-13
5.27054108216 4.79580678375e-13
5.29058116232 4.65749780866e-13
5.31062124248 4.52023838178e-13
5.33066132265 4.38401656294e-13
5.35070140281 4.24882059303e-13
5.37074148297 4.11852256647e-13
5.39078156313 3.98983558574e-13
5.41082164329 3.8621068155e-13
5.43086172345 3.73532555966e-13
5.45090180361 3.6094812813e-13
5.47094188377 3.49689463173e-13
5.49098196393 3.38786374514e-13
5.51102204409 3.27962983156e-13
5.53106212425 3.17218415724e-13
5.55110220441 3.06551811608e-13
5.57114228457 2.96411453136e-13
5.59118236473 2.86472019394e-13
5.61122244489 2.76603926883e-13
5.63126252505 2.66806407938e-13
5.65130260521 2.57078705905e-13
5.67134268537 2.48237134638e-13
5.69138276553 2.39748127913e-13
5.71142284569 2.3131897462e-13
5.73146292585 2.2294904206e-13
5.75150300601 2.14637706455e-13
5.77154308617 2.06680186934e-13
5.79158316633 1.98906172261e-13
5.81162324649 1.91186014407e-13
5.83166332665 1.83519154003e-13
5.85170340681 1.75905039427e-13
5.87174348697 1.68704668287e-13
5.89178356713 1.61741968631e-13
5.91182364729 1.5482667976e-13
5.93186372745 1.47958317682e-13
5.95190380762 1.41136404994e-13
5.97194388778 1.35027993117e-13
5.99198396794 1.29375056292e-13
6.0120240481 1.23759967259e-13
6.03206412826 1.18182346075e-13
6.05210420842 1.12641817885e-13
6.07214428858 1.07414864697e-13
6.09218436874 1.02425762557e-13
6.1122244489 9.74695114533e-14
6.13226452906 9.25457870509e-14
6.15230460922 8.76542692859e-14
6.17234468938 8.29552972034e-14
6.19238476954 7.8425840092e-14
6.2124248497 7.39257217918e-14
6.23246492986 6.94546573657e-14
6.25250501002 6.50123655681e-14
6.27254509018 6.09368720515e-14
6.29258517034 5.72315245262e-14
6.3126252505 5.35497951333e-14
6.33266533066 4.9891458126e-14
6.35270541082 4.62562906365e-14
6.37274549098 4.28772654066e-14
6.39278557114 3.97984370077e-14
6.4128256513 3.67389251346e-14
6.43286573146 3.36985480365e-14
6.45290581162 3.06771262449e-14
6.47294589178 2.80202601339e-14
6.49298597194 2.58674444495e-14
6.5130260521 2.37279288607e-14
6.53306613226 2.16015900912e-14
6.55310621242 1.94883063909e-14
6.57314629259 1.76287980747e-14
6.59318637275 1.61830153484e-14
6.61322645291 1.47460309705e-14
6.63326653307 1.33177645631e-14
6.65330661323 1.189813673e-14
6.67334669339 1.05348926808e-14
6.69338677355 9.27521139521e-15
6.71342685371 8.02308074024e-15
6.73346693387 6.77843276914e-15
6.75350701403 5.54120035288e-15
6.77354709419 4.44069661674e-15
6.79358717435 3.65810019073e-15
6.81362725451 2.88012756925e-15
6.83366733467 2.10673769494e-15
6.85370741483 1.33788999904e-15
6.87374749499 7.32206305073e-16
6.89378757515 5.98346963243e-16
6.91382765531 4.65272441402e-16
6.93386773547 3.32975723032e-16
6.95390781563 2.01449877957e-16
6.97394789579 9.53886865766e-17
6.99398797595 8.1425316533e-17
7.01402805611 6.75477745491e-17
7.03406813627 5.37551652784e-17
7.05410821643 4.00466079306e-17
7.07414829659 2.79632753336e-17
7.09418837675 2.33703671697e-17
7.11422845691 1.88084062278e-17
7.13426853707 1.42769942838e-17
7.15430861723 9.77574131478e-18
7.17434869739 5.86436972671e-18
7.19438877756 5.6739559323e-18
7.21442885772 5.48890167751e-18
7.23446893788 5.30904509879e-18
7.25450901804 5.13422932158e-18
7.2745490982 4.96577274335e-18
7.29458917836 4.81671095308e-18
7.31462925852 4.67215918487e-18
7.33466933868 4.53197973681e-18
7.35470941884 4.39603915577e-18
7.374749499 4.26420810473e-18
7.39478957916 4.13636123422e-18
7.41482965932 4.01237705793e-18
7.43486973948 3.89213783223e-18
7.45490981964 3.77552943942e-18
7.4749498998 3.66244127481e-18
7.49498997996 3.55276613725e-18
7.51503006012 3.44640012319e-18
7.53507014028 3.34324252403e-18
7.55511022044 3.24319572674e-18
7.5751503006 3.14616511761e-18
7.59519038076 3.05205898906e-18
7.61523046092 2.96078844927e-18
7.63527054108 2.87226733484e-18
7.65531062124 2.78641212604e-18
7.6753507014 2.70314186479e-18
7.69539078156 2.62237807521e-18
7.71543086172 2.54404468669e-18
7.73547094188 2.46806795933e-18
7.75551102204 2.39437641175e-18
7.7755511022 2.32290075116e-18
7.79559118236 2.25357380562e-18
7.81563126253 2.18633045841e-18
7.83567134269 2.12110758451e-18
7.85571142285 2.05784398898e-18
7.87575150301 1.99648034735e-18
7.89579158317 1.93695914782e-18
7.91583166333 1.87922463532e-18
7.93587174349 1.82322275727e-18
7.95591182365 1.76890111102e-18
7.97595190381 1.71620889303e-18
7.99599198397 1.66509684952e-18
8.01603206413 1.61551722872e-18
8.03607214429 1.56742373462e-18
8.05611222445 1.52077148211e-18
8.07615230461 1.47551695355e-18
8.09619238477 1.43161795673e-18
8.11623246493 1.38903358403e-18
8.13627254509 1.34772417299e-18
8.15631262525 1.307651268e-18
8.17635270541 1.2687775832e-18
8.19639278557 1.23106696659e-18
8.21643286573 1.1944843652e-18
8.23647294589 1.15899579133e-18
8.25651302605 1.12456828991e-18
8.27655310621 1.09116990679e-18
8.29659318637 1.05876965806e-18
8.31663326653 1.02733750031e-18
8.33667334669 9.96844301825e-19
8.35671342685 9.67261814649e-19
8.37675350701 9.38562647522e-19
8.39679358717 9.10720239659e-19
8.41683366733 8.83708835344e-19
8.43687374749 8.57503459297e-19
8.45691382766 8.32079892813e-19
8.47695390782 8.07414650636e-19
8.49699398798 7.8348495854e-19
8.51703406814 7.60268731616e-19
8.5370741483 7.37744553216e-19
8.55711422846 7.15891654553e-19
8.57715430862 6.94689894931e-19
8.59719438878 6.74119742582e-19
8.61723446894 6.54162256093e-19
8.6372745491 6.34799066406e-19
8.65731462926 6.16012359377e-19
8.67735470942 5.97784858862e-19
8.69739478958 5.80099810333e-19
8.71743486974 5.62940964992e-19
8.7374749499 5.46292564377e-19
8.75751503006 5.30139325441e-19
8.77755511022 5.14466426082e-19
8.79759519038 4.99259491134e-19
8.81763527054 4.84504578768e-19
8.8376753507 4.70188167327e-19
8.85771543086 4.56297142556e-19
8.87775551102 4.42818785226e-19
8.89779559118 4.29740759136e-19
8.91783567134 4.1705109949e-19
8.9378757515 4.04738201617e-19
8.95791583166 3.92790810051e-19
8.97795591182 3.81198007932e-19
8.99799599198 3.69949206743e-19
9.01803607214 3.59034136355e-19
9.0380761523 3.48442835374e-19
9.05811623246 3.38165641792e-19
9.07815631263 3.28193183915e-19
9.09819639279 3.18516371572e-19
9.11823647295 3.09126387594e-19
9.13827655311 3.0001467955e-19
9.15831663327 2.91172951738e-19
9.17835671343 2.82593157421e-19
9.19839679359 2.74267491292e-19
9.21843687375 2.66188382185e-19
9.23847695391 2.58348485988e-19
9.25851703407 2.50740678791e-19
9.27855711423 2.43358050228e-19
9.29859719439 2.36193897033e-19
9.31863727455 2.29241716783e-19
9.33867735471 2.22495201841e-19
9.35871743487 2.15948233471e-19
9.37875751503 2.09594876148e-19
9.39879759519 2.03429372024e-19
9.41883767535 1.97446135578e-19
9.43887775551 1.91639748414e-19
9.45891783567 1.86004954232e-19
9.47895791583 1.80536653938e-19
9.49899799599 1.75229900913e-19
9.51903807615 1.70079896418e-19
9.53907815631 1.65081985144e-19
9.55911823647 1.60231650895e-19
9.57915831663 1.55524512401e-19
9.59919839679 1.50956319258e-19
9.61923847695 1.46522947995e-19
9.63927855711 1.42220398255e-19
9.65931863727 1.38044789093e-19
9.67935871743 1.3399235539e-19
9.6993987976 1.3005944437e-19
9.71943887776 1.26242512228e-19
9.73947895792 1.22538120855e-19
9.75951903808 1.18942934664e-19
9.77955911824 1.15453717514e-19
9.7995991984 1.12067329726e-19
9.81963927856 1.08780725185e-19
9.83967935872 1.0559094854e-19
9.85971943888 1.02495132473e-19
9.87975951904 9.94904950667e-20
9.8997995992 0.0
9.91983967936 0.0
9.93987975952 0.0
9.95991983968 0.0
9.97995991984 0.0
10.0 0.0
