0.0 0.0
0.0200400801603 0.0
0.0400801603206 0.0
0.060120240481 0.0
0.0801603206413 0.0
0.100200400802 0.0
0.120240480962 0.0
0.140280561122 0.0
0.160320641283 0.0
0.180360721443 0.0
0.200400801603 0.0
0.220440881764 0.0
0.240480961924 0.0
0.260521042084 6.32829138774e-11
0.280561122244 4.55655857422e-11
0.300601202405 4.10966919028e-11
0.320641282565 3.9996208535e-11
0.340681362725 4.05756628144e-11
0.360721442886 4.0623462855e-11
0.380761523046 4.07880888702e-11
0.400801603206 4.10590332818e-11
0.420841683367 4.14136005013e-11
0.440881763527 4.18127386625e-11
0.460921843687 4.22177960297e-11
0.480961923848 4.2591633429e-11
0.501002004008 4.28750397689e-11
0.521042084168 4.31583087197e-11
0.541082164329 4.34330111864e-11
0.561122244489 4.36861729602e-11
0.581162324649 4.39325504065e-11
0.60120240481 4.4171197656e-11
0.62124248497 4.43736003447e-11
0.64128256513 4.4551121169e-11
0.661322645291 4.47255320612e-11
0.681362725451 4.48359893128e-11
0.701402805611 4.47646719728e-11
0.721442885772 4.47037157904e-11
0.741482965932 4.4649024285e-11
0.761523046092 4.45409122879e-11
0.781563126253 4.44377172697e-11
0.801603206413 4.43458660006e-11
0.821643286573 4.40868995728e-11
0.841683366733 4.3723851373e-11
0.861723446894 4.33812127909e-11
0.881763527054 4.29629870824e-11
0.901803607214 4.23056956998e-11
0.921843687375 4.1681110451e-11
0.941883767535 4.1085815311e-11
0.961923847695 4.03778128365e-11
0.981963927856 3.96914293881e-11
1.00200400802 3.90372931381e-11
1.02204408818 3.84756334081e-11
1.04208416834 3.79792782903e-11
1.0621242485 3.75025614047e-11
1.08216432866 3.70272269487e-11
1.10220440882 3.65300896471e-11
1.12224448898 3.60523162829e-11
1.14228456914 3.55964775605e-11
1.1623246493 3.50047894948e-11
1.18236472946 3.44247926426e-11
1.20240480962 3.38654347132e-11
1.22244488978 3.33142505102e-11
1.24248496994 3.27748120452e-11
1.2625250501 3.22533875382e-11
1.28256513026 3.17563283673e-11
1.30260521042 3.12946281261e-11
1.32264529058 3.08477282839e-11
1.34268537074 3.04148461309e-11
1.3627254509 3.00461245146e-11
1.38276553106 2.96913695913e-11
1.40280561122 2.93466765834e-11
1.42284569138 2.89742457078e-11
1.44288577154 2.85898696505e-11
1.4629258517 2.82163772216e-11
1.48296593186 2.78582896567e-11
1.50300601202 2.75227158112e-11
1.52304609218 2.71963588275e-11
1.54308617234 2.68806796685e-11
1.56312625251 2.65125581249e-11
1.58316633267 2.61515605212e-11
1.60320641283 2.57999337914e-11
1.62324649299 2.5458459708e-11
1.64328657315 2.51262761642e-11
1.66332665331 2.48021506868e-11
1.68336673347 2.44995219546e-11
1.70340681363 2.42366124023e-11
1.72344689379 2.39800229244e-11
1.74348697395 2.37293836576e-11
1.76352705411 2.33442792534e-11
1.78356713427 2.29637235904e-11
1.80360721443 2.25918620972e-11
1.82364729459 2.22733588485e-11
1.84368737475 2.19869989694e-11
1.86372745491 2.17069591688e-11
1.88376753507 2.14717280613e-11
1.90380761523 2.1326837279e-11
1.92384769539 2.11850584425e-11
1.94388777555 2.10462915861e-11
1.96392785571 2.07628448935e-11
1.98396793587 2.04822702725e-11
2.00400801603 2.02049383011e-11
2.02404809619 1.99443716158e-11
2.04408817635 1.96895512936e-11
2.06412825651 1.9439800162e-11
2.08416833667 1.91959925459e-11
2.10420841683 1.89590938645e-11
2.12424849699 1.8726769158e-11
2.14428857715 1.84988863841e-11
2.16432865731 1.82655981789e-11
2.18436873747 1.8036589434e-11
2.20440881764 1.78118333283e-11
2.2244488978 1.75624475161e-11
2.24448897796 1.73029474367e-11
2.26452905812 1.70481272002e-11
2.28456913828 1.67934779402e-11
2.30460921844 1.65345399248e-11
2.3246492986 1.62801450516e-11
2.34468937876 1.60302075306e-11
2.36472945892 1.58343983834e-11
2.38476953908 1.56419399241e-11
2.40480961924 1.54527464091e-11
2.4248496994 1.5261468782e-11
2.44488977956 1.50708171618e-11
2.46492985972 1.48833174402e-11
2.48496993988 1.46745712192e-11
2.50501002004 1.44225726138e-11
2.5250501002 1.41746309048e-11
2.54509018036 1.39317227081e-11
2.56513026052 1.37884894894e-11
2.58517034068 1.36475131896e-11
2.60521042084 1.35087406175e-11
2.625250501 1.33209700134e-11
2.64529058116 1.3112318776e-11
2.66533066132 1.2906846035e-11
2.68537074148 1.27060806701e-11
2.70541082164 1.25112630327e-11
2.7254509018 1.23193462051e-11
2.74549098196 1.21308570411e-11
2.76553106212 1.19720648198e-11
2.78557114228 1.18155861704e-11
2.80561122244 1.16613706722e-11
2.82565130261 1.14490524732e-11
2.84569138277 1.1213032115e-11
2.86573146293 1.09803467695e-11
2.88577154309 1.07817159267e-11
2.90581162325 1.06398444483e-11
2.92585170341 1.04999384431e-11
2.94589178357 1.03606914228e-11
2.96593186373 1.01849100418e-11
2.98597194389 1.0011511691e-11
3.00601202405 9.84044804766e-12
3.02605210421 9.66900247296e-12
3.04609218437 9.49870726655e-12
3.06613226453 9.33065893161e-12
3.08617234469 9.16833682157e-12
3.10621242485 9.01404094331e-12
3.12625250501 8.86174119562e-12
3.14629258517 8.71198511449e-12
3.16633266533 8.57742430934e-12
3.18637274549 8.44457126079e-12
3.20641282565 8.31339354509e-12
3.22645290581 8.1580065282e-12
3.24649298597 7.99416701748e-12
3.26653306613 7.83235367042e-12
3.28657314629 7.66657444972e-12
3.30661322645 7.49325469923e-12
3.32665330661 7.32203856681e-12
3.34669338677 7.15493842196e-12
3.36673346693 7.02674534001e-12
3.38677354709 6.90008082669e-12
3.40681362725 6.77491761457e-12
3.42685370741 6.64478685336e-12
3.44689378758 6.51371962635e-12
3.46693386774 6.38417828213e-12
3.4869739479 6.25828195552e-12
3.50701402806 6.13713541381e-12
3.52705410822 6.01737493244e-12
3.54709418838 5.89807309953e-12
3.56713426854 5.7666825522e-12
3.5871743487 5.63676940161e-12
3.60721442886 5.50830879602e-12
3.62725450902 5.38734266068e-12
3.64729458918 5.26991387253e-12
3.66733466934 5.15377632457e-12
3.6873747495 5.04270735971e-12
3.70741482966 4.93844529206e-12
3.72745490982 4.83531106388e-12
3.74749498998 4.73359115529e-12
3.76753507014 4.63680800258e-12
3.7875751503 4.5410549928e-12
3.80761523046 4.44631572046e-12
3.82765531062 4.33995484836e-12
3.84769539078 4.23036866303e-12
3.86773547094 4.12192414127e-12
3.8877755511 4.02072197813e-12
3.90781563126 3.92920628412e-12
3.92785571142 3.83862937693e-12
3.94789579158 3.74961072381e-12
3.96793587174 3.66843181271e-12
3.9879759519 3.5880730241e-12
4.00801603206 3.50852196029e-12
4.02805611222 3.4222442981e-12
4.04809619238 3.33437596871e-12
4.06813627255 3.24737751112e-12
4.08817635271 3.16702187005e-12
4.10821643287 3.09528915616e-12
4.12825651303 3.02425624013e-12
4.14829659319 2.95365053312e-12
4.16833667335 2.88120092614e-12
4.18837675351 2.80944781312e-12
4.20841683367 2.73838117472e-12
4.22845691383 2.67292970286e-12
4.24849699399 2.60961849685e-12
4.26853707415 2.54690442937e-12
4.28857715431 2.4832688684e-12
4.30861723447 2.41826676939e-12
4.32865731463 2.35386911246e-12
4.34869739479 2.29077417367e-12
4.36873747495 2.23431959624e-12
4.38877755511 2.17838276365e-12
4.40881763527 2.12295656999e-12
4.42885771543 2.07188530566e-12
4.44889779559 2.0223946574e-12
4.46893787575 1.97334969838e-12
4.48897795591 1.92433406684e-12
4.50901803607 1.87524480391e-12
4.52905811623 1.82659167647e-12
4.54909819639 1.77860866997e-12
4.56913827655 1.73289708313e-12
4.58917835671 1.68758626256e-12
4.60921843687 1.64267094955e-12
4.62925851703 1.59864023934e-12
4.64929859719 1.55512573156e-12
4.66933867735 1.51198611626e-12
4.68937875752 1.4714757263e-12
4.70941883768 1.43401043234e-12
4.72945891784 1.39686380389e-12
4.749498998 1.3596581911e-12
4.76953907816 1.32015482881e-12
4.78957915832 1.28098318722e-12
4.80961923848 1.24213909717e-12
4.82965931864 1.20721196587e-12
4.8496993988 1.17349838593e-12
4.86973947896 1.14006323047e-12
4.88977955912 1.10763078108e-12
4.90981963928 1.07629810768e-12
4.92985971944 1.04522102015e-12
4.9498997996 1.01480673597e-12
4.96993987976 9.87256520773e-13
4.98997995992 9.59928322239e-13
5.01002004008 9.33321520688e-13
5.03006012024 9.07391437023e-13
5.0501002004 8.81667809126e-13
5.07014028056 8.57493291477e-13
5.09018036072 8.3353735154e-13
5.11022044088 8.09769892675e-13
5.13026052104 7.86188694861e-13
5.1503006012 7.62791572877e-13
5.17034068136 7.4123030587e-13
5.19038076152 7.199423229e-13
5.21042084168 6.98818589836e-13
5.23046092184 6.77857209406e-13
5.250501002 6.57056313513e-13
5.27054108216 6.38299747832e-13
5.29058116232 6.19896739622e-13
5.31062124248 6.01633030227e-13
5.33066132265 5.83507040996e-13
5.35070140281 5.65517217091e-13
5.37074148297 5.48178977078e-13
5.39078156313 5.31054825844e-13
5.41082164329 5.14057875505e-13
5.43086172345 4.97186711397e-13
5.45090180361 4.80439939803e-13
5.47094188377 4.65457615581e-13
5.49098196393 4.50948324147e-13
5.51102204409 4.36544843208e-13
5.53106212425 4.2224601738e-13
5.55110220441 4.08050708075e-13
5.57114228457 3.94555668768e-13
5.59118236473 3.81327853561e-13
5.61122244489 3.68194770323e-13
5.63126252505 3.55155403211e-13
5.65130260521 3.42208750882e-13
5.67134268537 3.30441521436e-13
5.69138276553 3.19143437789e-13
5.71142284569 3.07924841446e-13
5.73146292585 2.96784894988e-13
5.75150300601 2.85722772743e-13
5.77154308617 2.75131497141e-13
5.79158316633 2.64784347726e-13
5.81162324649 2.54508732659e-13
5.83166332665 2.44303911372e-13
5.85170340681 2.34169153504e-13
5.87174348697 2.24585065041e-13
5.89178356713 2.15317249652e-13
5.91182364729 2.06112415192e-13
5.93186372745 1.96969920732e-13
5.95190380762 1.8788913403e-13
5.97194388778 1.7975814126e-13
5.99198396794 1.72233434851e-13
6.0120240481 1.64759010177e-13
6.03206412826 1.5733436403e-13
6.05210420842 1.49958999906e-13
6.07214428858 1.43001026689e-13
6.09218436874 1.36359633955e-13
6.1122244489 1.29761889737e-13
6.13226452906 1.23207364385e-13
6.15230460922 1.16695633882e-13
6.17234468938 1.10440180411e-13
6.19238476954 1.0441034542e-13
6.2124248497 9.84194971151e-14
6.23246492986 9.24672579519e-14
6.25250501002 8.65532552576e-14
6.27254509018 8.11275595647e-14
6.29258517034 7.6194636676e-14
6.3126252505 7.12931012029e-14
6.33266533066 6.64226539912e-14
6.35270541082 6.15829996862e-14
6.37274549098 5.70843418854e-14
6.39278557114 5.29853450878e-14
6.4128256513 4.89120212659e-14
6.43286573146 4.48641295365e-14
6.45290581162 4.08414320287e-14
6.47294589178 3.73041059742e-14
6.49298597194 3.4437900497e-14
6.5130260521 3.15893721467e-14
6.53306613226 2.87583575472e-14
6.55310621242 2.59446953361e-14
6.57314629259 2.34689189153e-14
6.59318637275 2.1544016791e-14
6.61322645291 1.96308084041e-14
6.63326653307 1.77291872479e-14
6.65330661323 1.58390481105e-14
6.67334669339 1.40239682751e-14
6.69338677355 1.23467720779e-14
6.71342685371 1.06796122144e-14
6.73346693387 9.02239863662e-15
6.75350701403 7.37504237532e-15
6.77354709419 5.90973869364e-15
6.79358717435 4.86775054166e-15
6.81362725451 3.83190792997e-15
6.83366733467 2.80215646764e-15
6.85370741483 1.77844240746e-15
6.87374749499 9.71992765971e-16
6.89378757515 7.93835406144e-16
6.91382765531 6.1671899186e-16
6.93386773547 4.40634294754e-16
6.95390781563 2.65572198157e-16
6.97394789579 1.24416581552e-16
6.99398797595 1.05901089843e-16
7.01402805611 8.74973670947e-17
7.03406813627 6.92042972675e-17
7.05410821643 5.10207813678e-17
7.07414829659 3.49992489246e-17
7.09418837675 2.89504204816e-17
7.11422845691 2.29407170194e-17
7.13426853707 1.69696718053e-17
7.15430861723 1.10368270666e-17
7.17434869739 5.88762955296e-18
7.19438877756 5.69183915518e-18
7.21442885772 5.50143436758e-18
7.23446893788 5.31625323618e-18
7.25450901804 5.13613879267e-18
7.2745490982 4.96289712663e-18
7.29458917836 4.8139369832e-18
7.31462925852 4.66948320793e-18
7.33466933868 4.52939823268e-18
7.35470941884 4.39354873312e-18
7.374749499 4.2618054962e-18
7.39478957916 4.13404329181e-18
7.41482965932 4.01014074855e-18
7.43486973948 3.88998023341e-18
7.45490981964 3.77344773521e-18
7.4749498998 3.66043275183e-18
7.49498997996 3.55082818086e-18
7.51503006012 3.44453021382e-18
7.53507014028 3.34143823368e-18
7.55511022044 3.24145471557e-18
7.5751503006 3.14448513071e-18
7.59519038076 3.05043785324e-18
7.61523046092 2.95922407012e-18
7.63527054108 2.87075769377e-18
7.65531062124 2.78495527749e-18
7.6753507014 2.70173593356e-18
7.69539078156 2.62102125384e-18
7.71543086172 2.54273523298e-18
7.73547094188 2.46680419394e-18
7.75551102204 2.3931567159e-18
7.7755511022 2.32172356438e-18
7.79559118236 2.25243762362e-18
7.81563126253 2.18523383105e-18
7.83567134269 2.12004911377e-18
7.85571142285 2.05682232708e-18
7.87575150301 1.9954941949e-18
7.89579158317 1.93600725207e-18
7.91583166333 1.87830578844e-18
7.93587174349 1.82233579469e-18
7.95591182365 1.7680449099e-18
7.97595190381 1.7153823707e-18
7.99599198397 1.66429896205e-18
8.01603206413 1.61474696947e-18
8.03607214429 1.56668013291e-18
8.05611222445 1.52005360191e-18
8.07615230461 1.47482389223e-18
8.09619238477 1.43094884381e-18
8.11623246493 1.38838758008e-18
8.13627254509 1.34710046843e-18
8.15631262525 1.30704908208e-18
8.17635270541 1.26819616292e-18
8.19639278557 1.23050558572e-18
8.21643286573 1.19394232329e-18
8.23647294589 1.1584724128e-18
8.25651302605 1.12406292314e-18
8.27655310621 1.09068192325e-18
8.29659318637 1.05829845149e-18
8.31663326653 1.02688248592e-18
8.33667334669 9.96404915518e-19
8.35671342685 9.66837512272e-19
8.37675350701 9.38152904152e-19
8.39679358717 9.10324548916e-19
8.41683366733 8.8332670872e-19
8.43687374749 8.5713442552e-19
8.45691382766 8.31723497225e-19
8.47695390782 8.07070454599e-19
8.49699398798 7.83152538865e-19
8.51703406814 7.59947680006e-19
8.5370741483 7.37434475737e-19
8.55711422846 7.1559217112e-19
8.57715430862 6.94400638813e-19
8.59719438878 6.73840359924e-19
8.61723446894 6.53892405459e-19
8.6372745491 6.34538418337e-19
8.65731462926 6.15760595962e-19
8.67735470942 5.97541673327e-19
8.69739478958 5.79864906647e-19
8.71743486974 5.62714057484e-19
8.7374749499 5.46073377368e-19
8.75751503006 5.29927592887e-19
8.77755511022 5.14261891237e-19
8.79759519038 4.99061906215e-19
8.81763527054 4.84313704641e-19
8.8376753507 4.70003773198e-19
8.85771543086 4.56119005677e-19
8.87775551102 4.4264669061e-19
8.89779559118 4.29574499286e-19
8.91783567134 4.16890474127e-19
8.9378757515 4.04583017432e-19
8.95791583166 3.92640880454e-19
8.97795591182 3.8105315282e-19
8.99799599198 3.69809252266e-19
9.01803607214 3.58898914699e-19
9.0380761523 3.48312184548e-19
9.05811623246 3.38039405423e-19
9.07815631263 3.28071211048e-19
9.09819639279 3.18398516483e-19
9.11823647295 3.09012509605e-19
9.13827655311 2.99904642851e-19
9.15831663327 2.91066625218e-19
9.17835671343 2.82490414499e-19
9.19839679359 2.74168209765e-19
9.21843687375 2.66092444066e-19
9.23847695391 2.58255777367e-19
9.25851703407 2.50651089687e-19
9.27855711423 2.43271474452e-19
9.29859719439 2.36110232058e-19
9.31863727455 2.29160863613e-19
9.33867735471 2.22417064889e-19
9.35871743487 2.15872720442e-19
9.37875751503 2.0952189792e-19
9.39879759519 2.0335884254e-19
9.41883767535 1.97377971739e-19
9.43887775551 1.91573869977e-19
9.45891783567 1.85941283707e-19
9.47895791583 1.80475116497e-19
9.49899799599 1.75170424293e-19
9.51903807615 1.70022410834e-19
9.53907815631 1.65026423204e-19
9.55911823647 1.60177947514e-19
9.57915831663 1.55472604723e-19
9.59919839679 1.5090614658e-19
9.61923847695 1.46474451688e-19
9.63927855711 1.42173521696e-19
9.65931863727 1.37999477594e-19
9.67935871743 1.33948556131e-19
9.6993987976 1.30017106336e-19
9.71943887776 1.26201586143e-19
9.73947895792 1.22498559126e-19
9.75951903808 1.1890469132e-19
9.77955911824 1.15416748151e-19
9.7995991984 1.12031591453e-19
9.81963927856 1.08746176572e-19
9.83967935872 1.05557549566e-19
9.85971943888 1.02462844481e-19
9.87975951904 9.94592807125e-20
9.8997995992 0.0
9.91983967936 0.0
9.93987975952 0.0
9.95991983968 0.0
9.97995991984 0.0
10.0 0.0
