0.0 0.0
0.0200400801603 0.0
0.0400801603206 0.0
0.060120240481 0.0
0.0801603206413 0.0
0.100200400802 0.0
0.120240480962 0.0
0.140280561122 0.0
0.160320641283 0.0
0.180360721443 0.0
0.200400801603 0.0
0.220440881764 0.0
0.240480961924 0.0
0.260521042084 0.0
0.280561122244 0.0
0.300601202405 0.0
0.320641282565 0.0
0.340681362725 0.0
0.360721442886 0.0
0.380761523046 0.0
0.400801603206 0.0
0.420841683367 0.0
0.440881763527 2.8191178238e-11
0.460921843687 1.42248442514e-11
0.480961923848 1.12613589519e-11
0.501002004008 9.85265363197e-12
0.521042084168 9.02050661058e-12
0.541082164329 8.46226097186e-12
0.561122244489 8.06226232012e-12
0.581162324649 7.76405522613e-12
0.60120240481 7.53227732353e-12
0.62124248497 7.34312427906e-12
0.64128256513 7.1870683983e-12
0.661322645291 7.05950702589e-12
0.681362725451 6.94647045116e-12
0.701402805611 6.82421682404e-12
0.721442885772 6.71824265501e-12
0.741482965932 6.62258083778e-12
0.761523046092 6.529328748e-12
0.781563126253 6.44548210828e-12
0.801603206413 6.37261690339e-12
0.821643286573 6.28412616216e-12
0.841683366733 6.18684507367e-12
0.861723446894 6.09671698645e-12
0.881763527054 5.9990550389e-12
0.901803607214 5.87307224293e-12
0.921843687375 5.75529749833e-12
0.941883767535 5.64385567465e-12
0.961923847695 5.52030104645e-12
0.981963927856 5.40239647311e-12
1.00200400802 5.29288676564e-12
1.02204408818 5.19875500654e-12
1.04208416834 5.1150006577e-12
1.0621242485 5.03437182699e-12
1.08216432866 4.95274212355e-12
1.10220440882 4.86970032604e-12
1.12224448898 4.79050475805e-12
1.14228456914 4.71878994059e-12
1.1623246493 4.63060163984e-12
1.18236472946 4.54486357161e-12
1.20240480962 4.46260375112e-12
1.22244488978 4.38215188967e-12
1.24248496994 4.30393084234e-12
1.2625250501 4.22851917653e-12
1.28256513026 4.15643754915e-12
1.30260521042 4.08946107971e-12
1.32264529058 4.02489914537e-12
1.34268537074 3.96254421237e-12
1.3627254509 3.90882694606e-12
1.38276553106 3.85728847484e-12
1.40280561122 3.80683556986e-12
1.42284569138 3.75287861062e-12
1.44288577154 3.69775611301e-12
1.4629258517 3.64422740103e-12
1.48296593186 3.59268135462e-12
1.50300601202 3.54429508519e-12
1.52304609218 3.49735888568e-12
1.54308617234 3.45369915583e-12
1.56312625251 3.40365522161e-12
1.58316633267 3.3547108536e-12
1.60320641283 3.30714817298e-12
1.62324649299 3.26104811269e-12
1.64328657315 3.21628365732e-12
1.66332665331 3.17249003379e-12
1.68336673347 3.1311179656e-12
1.70340681363 3.0948990813e-12
1.72344689379 3.05961211409e-12
1.74348697395 3.02507495346e-12
1.76352705411 2.97374607073e-12
1.78356713427 2.92312487212e-12
1.80360721443 2.8737367433e-12
1.82364729459 2.83118016047e-12
1.84368737475 2.79276903114e-12
1.86372745491 2.75525246062e-12
1.88376753507 2.72345314171e-12
1.90380761523 2.70306944636e-12
1.92384769539 2.68315076657e-12
1.94388777555 2.66368102623e-12
1.96392785571 2.62615826151e-12
1.98396793587 2.58907350885e-12
2.00400801603 2.55024892897e-12
2.02404809619 2.51831683475e-12
2.04408817635 2.48478705608e-12
2.06412825651 2.45196972202e-12
2.08416833667 2.41997015505e-12
2.10420841683 2.38890513981e-12
2.12424849699 2.35847919767e-12
2.14428857715 2.32867250807e-12
2.16432865731 2.29825233801e-12
2.18436873747 2.26842564666e-12
2.20440881764 2.23918623455e-12
2.2244488978 2.20692776586e-12
2.24448897796 2.1734609081e-12
2.26452905812 2.14062936927e-12
2.28456913828 2.10786850437e-12
2.30460921844 2.07462040969e-12
2.3246492986 2.04198425043e-12
2.34468937876 2.00994718293e-12
2.36472945892 1.98469495202e-12
2.38476953908 1.95989751399e-12
2.40480961924 1.93554250559e-12
2.4248496994 1.9109623505e-12
2.44488977956 1.88649324205e-12
2.46492985972 1.86244825273e-12
2.48496993988 1.8357899457e-12
2.50501002004 1.8037806862e-12
2.5250501002 1.77230702383e-12
2.54509018036 1.74148903647e-12
2.56513026052 1.72309436081e-12
2.58517034068 1.7050037732e-12
2.60521042084 1.68720968065e-12
2.625250501 1.66334690988e-12
2.64529058116 1.63691173328e-12
2.66533066132 1.61089407223e-12
2.68537074148 1.58548291928e-12
2.70541082164 1.56083136132e-12
2.7254509018 1.53655991763e-12
2.74549098196 1.51273319111e-12
2.76553106212 1.49261247514e-12
2.78557114228 1.47279573348e-12
2.80561122244 1.45327602733e-12
2.82565130261 1.42655919783e-12
2.84569138277 1.39691703045e-12
2.86573146293 1.36770545276e-12
2.88577154309 1.34273583719e-12
2.90581162325 1.32482348298e-12
2.92585170341 1.30716759257e-12
2.94589178357 1.28960559545e-12
2.96593186373 1.26752357209e-12
2.98597194389 1.24574935211e-12
3.00601202405 1.22427645625e-12
3.02605210421 1.20276754277e-12
3.04609218437 1.18141225186e-12
3.06613226453 1.16034613634e-12
3.08617234469 1.14000011751e-12
3.10621242485 1.12065878883e-12
3.12625250501 1.10157415837e-12
3.14629258517 1.0828137295e-12
3.16633266533 1.06594502822e-12
3.18637274549 1.04929597966e-12
3.20641282565 1.03286226323e-12
3.22645290581 1.01343653028e-12
3.24649298597 9.92971329869e-13
3.26653306613 9.72764749944e-13
3.28657314629 9.5207426745e-13
3.30661322645 9.30457005073e-13
3.32665330661 9.09107393139e-13
3.34669338677 8.88274381111e-13
3.36673346693 8.72266006984e-13
3.38677354709 8.56452646321e-13
3.40681362725 8.40830712416e-13
3.42685370741 8.24599093073e-13
3.44689378758 8.08256804078e-13
3.46693386774 7.92108536014e-13
3.4869739479 7.76416423155e-13
3.50701402806 7.61316984603e-13
3.52705410822 7.46393641013e-13
3.54709418838 7.3153144844e-13
3.56713426854 7.15177439839e-13
3.5871743487 6.99010558122e-13
3.60721442886 6.83027573655e-13
3.62725450902 6.6797594542e-13
3.64729458918 6.53365793601e-13
3.66733466934 6.38919043912e-13
3.6873747495 6.25102888903e-13
3.70741482966 6.12132179795e-13
3.72745490982 5.99304169563e-13
3.74749498998 5.86654184448e-13
3.76753507014 5.74617809714e-13
3.7875751503 5.62711679524e-13
3.80761523046 5.50933667273e-13
3.82765531062 5.37721008938e-13
3.84769539078 5.24112187947e-13
3.86773547094 5.10647218497e-13
3.8877755511 4.98080407201e-13
3.90781563126 4.86713786026e-13
3.92785571142 4.75465508361e-13
3.94789579158 4.64412089449e-13
3.96793587174 4.54330067414e-13
3.9879759519 4.44351418434e-13
4.00801603206 4.34474543493e-13
4.02805611222 4.23767973292e-13
4.04809619238 4.12866642751e-13
4.06813627255 4.02074676558e-13
4.08817635271 3.92105591191e-13
4.10821643287 3.83203993519e-13
4.12825651303 3.74390437447e-13
4.14829659319 3.65631181864e-13
4.16833667335 3.56645496828e-13
4.18837675351 3.47747321637e-13
4.20841683367 3.389353712e-13
4.22845691383 3.30818668693e-13
4.24849699399 3.22967707961e-13
4.26853707415 3.15191748351e-13
4.28857715431 3.07303102873e-13
4.30861723447 2.99246762245e-13
4.32865731463 2.91266238494e-13
4.34869739479 2.83447768405e-13
4.36873747495 2.76450763335e-13
4.38877755511 2.69518706797e-13
4.40881763527 2.62650689592e-13
4.42885771543 2.5632159232e-13
4.44889779559 2.50188624103e-13
4.46893787575 2.44111548498e-13
4.48897795591 2.38038907698e-13
4.50901803607 2.31957962777e-13
4.52905811623 2.25931660094e-13
4.54909819639 2.19988876345e-13
4.56913827655 2.14327365606e-13
4.58917835671 2.08716044613e-13
4.60921843687 2.03154242392e-13
4.62925851703 1.97702342524e-13
4.64929859719 1.92314822964e-13
4.66933867735 1.86974211766e-13
4.68937875752 1.81958884193e-13
4.70941883768 1.77320156996e-13
4.72945891784 1.72721310236e-13
4.749498998 1.68115694079e-13
4.76953907816 1.63226851501e-13
4.78957915832 1.58379471612e-13
4.80961923848 1.53573024325e-13
4.82965931864 1.49250686864e-13
4.8496993988 1.45078626472e-13
4.86973947896 1.40941365166e-13
4.88977955912 1.36928312808e-13
4.90981963928 1.33051435483e-13
4.92985971944 1.29206492152e-13
4.9498997996 1.25443744815e-13
4.96993987976 1.22034932669e-13
4.98997995992 1.18653861617e-13
5.01002004008 1.15362169306e-13
5.03006012024 1.12154326874e-13
5.0501002004 1.08972270947e-13
5.07014028056 1.05981730819e-13
5.09018036072 1.03018449387e-13
5.11022044088 1.00078703233e-13
5.13026052104 9.71622103638e-14
5.1503006012 9.42686933242e-14
5.17034068136 9.16020218513e-14
5.19038076152 8.8969314525e-14
5.21042084168 8.63571063111e-14
5.23046092184 8.37651564106e-14
5.250501002 8.11932278241e-14
5.27054108216 7.88738142209e-14
5.29058116232 7.65982296802e-14
5.31062124248 7.43400247985e-14
5.33066132265 7.20989992829e-14
5.35070140281 6.98749559428e-14
5.37074148297 6.77314959697e-14
5.39078156313 6.56146220567e-14
5.41082164329 6.35136066539e-14
5.43086172345 6.14282705376e-14
5.45090180361 5.93584372058e-14
5.47094188377 5.7506480461e-14
5.49098196393 5.5713032088e-14
5.51102204409 5.39327732449e-14
5.53106212425 5.21655575526e-14
5.55110220441 5.04112408168e-14
5.57114228457 4.87434515271e-14
5.59118236473 4.71087511339e-14
5.61122244489 4.54858525841e-14
5.63126252505 4.3874627316e-14
5.65130260521 4.22749486514e-14
5.67134268537 4.08208903478e-14
5.69138276553 3.94248118628e-14
5.71142284569 3.8038634164e-14
5.73146292585 3.66622512762e-14
5.75150300601 3.52955587509e-14
5.77154308617 3.3987041409e-14
5.79158316633 3.27087246543e-14
5.81162324649 3.14393131603e-14
5.83166332665 3.01787133103e-14
5.85170340681 2.89268328124e-14
5.87174348697 2.77429582244e-14
5.89178356713 2.65981699086e-14
5.91182364729 2.54612187992e-14
5.93186372745 2.43320239339e-14
5.95190380762 2.32105054766e-14
5.97194388778 2.2206211265e-14
5.99198396794 2.12767628356e-14
6.0120240481 2.0353571971e-14
6.03206412826 1.94365750577e-14
6.05210420842 1.85257093536e-14
6.07214428858 1.76663787049e-14
6.09218436874 1.68461455698e-14
6.1122244489 1.60313427602e-14
6.13226452906 1.52219159873e-14
6.15230460922 1.44178116943e-14
6.17234468938 1.36453596748e-14
6.19238476954 1.29007764785e-14
6.2124248497 1.21610414513e-14
6.23246492986 1.14261069307e-14
6.25250501002 1.06959258861e-14
6.27254509018 1.00260062844e-14
6.29258517034 9.41689617246e-15
6.3126252505 8.81168952167e-15
6.33266533066 8.2103485385e-15
6.35270541082 7.61283592361e-15
6.37274549098 7.05740753982e-15
6.39278557114 6.55129631774e-15
6.4128256513 6.04837793342e-15
6.43286573146 5.54862193838e-15
6.45290581162 5.05199827672e-15
6.47294589178 4.61525612316e-15
6.49298597194 4.26129989012e-15
6.5130260521 3.90954440071e-15
6.53306613226 3.55996892263e-15
6.55310621242 3.21255298876e-15
6.57314629259 2.90682297015e-15
6.59318637275 2.66904193595e-15
6.61322645291 2.43271917155e-15
6.63326653307 2.19784107935e-15
6.65330661323 1.96439423498e-15
6.67334669339 1.74021795646e-15
6.69338677355 1.53305845921e-15
6.71342685371 1.32715027055e-15
6.73346693387 1.12248189517e-15
6.75350701403 9.1904198219e-16
6.77354709419 7.38062774645e-16
6.79358717435 6.09292179945e-16
6.81362725451 4.81290121698e-16
6.83366733467 3.54049580913e-16
6.85370741483 2.27563627242e-16
6.87374749499 1.2787635546e-16
6.89378757515 1.05666393677e-16
6.91382765531 8.35925063948e-17
6.93386773547 6.16533213564e-17
6.95390781563 3.98474872949e-17
6.97394789579 2.22292250156e-17
6.99398797595 1.9738624333e-17
7.01402805611 1.7268150115e-17
7.03406813627 1.48174702661e-17
7.05410821643 1.23862608251e-17
7.07414829659 1.02273855538e-17
7.09418837675 9.30364774291e-18
7.11422845691 8.3901451383e-18
7.13426853707 7.48665446379e-18
7.15430861723 6.59295868148e-18
7.17434869739 5.80080588917e-18
7.19438877756 5.62411606756e-18
7.21442885772 5.45271340715e-18
7.23446893788 5.28643651233e-18
7.25450901804 5.12512897593e-18
7.2745490982 4.96888063839e-18
7.29458917836 4.81970896095e-18
7.31462925852 4.67505125695e-18
7.33466933868 4.53476967976e-18
7.35470941884 4.39873063694e-18
7.374749499 4.26680465733e-18
7.39478957916 4.13886626236e-18
7.41482965932 4.01479384141e-18
7.43486973948 3.89446953117e-18
7.45490981964 3.77777909874e-18
7.4749498998 3.66461182849e-18
7.49498997996 3.55486041245e-18
7.51503006012 3.44842084422e-18
7.53507014028 3.34519231616e-18
7.55511022044 3.24507711989e-18
7.5751503006 3.14798054987e-18
7.59519038076 3.05381081005e-18
7.61523046092 2.9624789235e-18
7.63527054108 2.87389864476e-18
7.65531062124 2.78798637511e-18
7.6753507014 2.7046610804e-18
7.69539078156 2.62384421148e-18
7.71543086172 2.54545962715e-18
7.73547094188 2.46943351955e-18
7.75551102204 2.39569434179e-18
7.7755511022 2.32417273802e-18
7.79559118236 2.25480147554e-18
7.81563126253 2.1875153791e-18
7.83567134269 2.12225126729e-18
7.85571142285 2.05894789085e-18
7.87575150301 1.99754587298e-18
7.89579158317 1.93798765146e-18
7.91583166333 1.88021742264e-18
7.93587174349 1.82418108712e-18
7.95591182365 1.76982619719e-18
7.97595190381 1.71710190584e-18
7.99599198397 1.66595891742e-18
8.01603206413 1.61634943982e-18
8.03607214429 1.56822713815e-18
8.05611222445 1.52154708983e-18
8.07615230461 1.47626574115e-18
8.09619238477 1.43234086506e-18
8.11623246493 1.38973152046e-18
8.13627254509 1.34839801255e-18
8.15631262525 1.30830185457e-18
8.17635270541 1.26940573066e-18
8.19639278557 1.23167345989e-18
8.21643286573 1.19506996139e-18
8.23647294589 1.15956122061e-18
8.25651302605 1.12511425655e-18
8.27655310621 1.09169709009e-18
8.29659318637 1.05927871325e-18
8.31663326653 1.02782905943e-18
8.33667334669 9.97318974527e-19
8.35671342685 9.67720189031e-19
8.37675350701 9.39005290889e-19
8.39679358717 9.11147699275e-19
8.41683366733 8.84121639149e-19
8.43687374749 8.57902116604e-19
8.45691382766 8.32464894972e-19
8.47695390782 8.07786471678e-19
8.49699398798 7.83844055802e-19
8.51703406814 7.60615546332e-19
8.5370741483 7.38079511097e-19
8.55711422846 7.16215166341e-19
8.57715430862 6.95002356934e-19
8.59719438878 6.74421537186e-19
8.61723446894 6.54453752263e-19
8.6372745491 6.35080620164e-19
8.65731462926 6.1628431426e-19
8.67735470942 5.98047546369e-19
8.69739478958 5.80353550352e-19
8.71743486974 5.63186066215e-19
8.7374749499 5.46529324697e-19
8.75751503006 5.30368032332e-19
8.77755511022 5.14687356976e-19
8.79759519038 4.99472913771e-19
8.81763527054 4.84710751542e-19
8.8376753507 4.70387339618e-19
8.85771543086 4.56489555047e-19
8.87775551102 4.43004670212e-19
8.89779559118 4.29920340822e-19
8.91783567134 4.17224594275e-19
8.9378757515 4.0490581837e-19
8.95791583166 3.92952750376e-19
8.97795591182 3.81354466428e-19
8.99799599198 3.70100371249e-19
9.01803607214 3.59180188184e-19
9.0380761523 3.48583949551e-19
9.05811623246 3.38301987269e-19
9.07815631263 3.28324923787e-19
9.09819639279 3.18643663283e-19
9.11823647295 3.09249383135e-19
9.13827655311 3.00133525652e-19
9.15831663327 2.91287790054e-19
9.17835671343 2.82704124706e-19
9.19839679359 2.74374719577e-19
9.21843687375 2.66291998936e-19
9.23847695391 2.58448614272e-19
9.25851703407 2.50837437427e-19
9.27855711423 2.43451553939e-19
9.29859719439 2.36284256583e-19
9.31863727455 2.29329039123e-19
9.33867735471 2.22579590235e-19
9.35871743487 2.1602978763e-19
9.37875751503 2.09673692351e-19
9.39879759519 2.0350554324e-19
9.41883767535 1.97519751578e-19
9.43887775551 1.91710895887e-19
9.45891783567 1.86073716889e-19
9.47895791583 1.80603112616e-19
9.49899799599 1.75294133675e-19
9.51903807615 1.7014197865e-19
9.53907815631 1.65141989649e-19
9.55911823647 1.6028964798e-19
9.57915831663 1.55580569967e-19
9.59919839679 1.5101050288e-19
9.61923847695 1.46575321006e-19
9.63927855711 1.42271021821e-19
9.65931863727 1.38093722289e-19
9.67935871743 1.34039655273e-19
9.6993987976 1.30105166049e-19
9.71943887776 1.2628670893e-19
9.73947895792 1.2258084399e-19
9.75951903808 1.1898423389e-19
9.77955911824 1.15493640796e-19
9.7995991984 1.12105923393e-19
9.81963927856 1.08818033991e-19
9.83967935872 1.05627015712e-19
9.85971943888 1.02529999769e-19
9.87975951904 9.95242028235e-20
9.8997995992 0.0
9.91983967936 0.0
9.93987975952 0.0
9.95991983968 0.0
9.97995991984 0.0
10.0 0.0
