0.0 0.0
0.0200400801603 0.0
0.0400801603206 0.0
0.060120240481 0.0
0.0801603206413 0.0
0.100200400802 0.0
0.120240480962 0.0
0.140280561122 0.0
0.160320641283 0.0
0.180360721443 0.0
0.200400801603 0.0
0.220440881764 0.0
0.240480961924 0.0
0.260521042084 0.0
0.280561122244 0.0
0.300601202405 0.0
0.320641282565 1.10724356372e-10
0.340681362725 6.68699481242e-11
0.360721442886 5.63731015565e-11
0.380761523046 5.16594193212e-11
0.400801603206 4.91025380946e-11
0.420841683367 4.76084947245e-11
0.440881763527 4.67008274748e-11
0.460921843687 4.61292367122e-11
0.480961923848 4.57421364171e-11
0.501002004008 4.5412083843e-11
0.521042084168 4.51947261656e-11
0.541082164329 4.50525429376e-11
0.561122244489 4.49529777097e-11
0.581162324649 4.48975211946e-11
0.60120240481 4.48748987509e-11
0.62124248497 4.48486843931e-11
0.64128256513 4.48249153843e-11
0.661322645291 4.48210615039e-11
0.681362725451 4.477276023e-11
0.701402805611 4.45602840095e-11
0.721442885772 4.43733705711e-11
0.741482965932 4.42055939797e-11
0.761523046092 4.39963206773e-11
0.781563126253 4.38019123159e-11
0.801603206413 4.36275007904e-11
0.821643286573 4.3296704708e-11
0.841683366733 4.28711388305e-11
0.861723446894 4.24722552312e-11
0.881763527054 4.20053383277e-11
0.901803607214 4.13105102327e-11
0.921843687375 4.06530310866e-11
0.941883767535 4.00288642372e-11
0.961923847695 3.92993081845e-11
0.981963927856 3.85948515999e-11
1.00200400802 3.7925460788e-11
1.02204408818 3.73491426411e-11
1.04208416834 3.68389876747e-11
1.0621242485 3.63503017565e-11
1.08216432866 3.58650711246e-11
1.10220440882 3.53608060317e-11
1.12224448898 3.48771942244e-11
1.14228456914 3.44167125819e-11
1.1623246493 3.38265630445e-11
1.18236472946 3.32492947226e-11
1.20240480962 3.26934049087e-11
1.22244488978 3.21467319307e-11
1.24248496994 3.16126144186e-11
1.2625250501 3.10969841863e-11
1.28256513026 3.06058492961e-11
1.30260521042 3.0149723945e-11
1.32264529058 2.97087108818e-11
1.34268537074 2.9281981447e-11
1.3627254509 2.89177274625e-11
1.38276553106 2.85675575291e-11
1.40280561122 2.82276337445e-11
1.42284569138 2.78615800283e-11
1.44288577154 2.74845817575e-11
1.4629258517 2.71185466446e-11
1.48296593186 2.67677717815e-11
1.50300601202 2.6439062862e-11
1.52304609218 2.61196107334e-11
1.54308617234 2.58108770977e-11
1.56312625251 2.54521572855e-11
1.58316633267 2.51006257498e-11
1.60320641283 2.47584158744e-11
1.62324649299 2.44262545842e-11
1.64328657315 2.41032929819e-11
1.66332665331 2.37883188012e-11
1.68336673347 2.34941877486e-11
1.70340681363 2.32383710865e-11
1.72344689379 2.29888240046e-11
1.74348697395 2.27451720202e-11
1.76352705411 2.23728494539e-11
1.78356713427 2.20050990134e-11
1.80360721443 2.16458807076e-11
1.82364729459 2.13379662002e-11
1.84368737475 2.10610074592e-11
1.86372745491 2.07902548469e-11
1.88376753507 2.05625552254e-11
1.90380761523 2.04214831483e-11
1.92384769539 2.02834947796e-11
1.94388777555 2.01484889028e-11
1.96392785571 1.98750930481e-11
1.98396793587 1.96045633131e-11
2.00400801603 1.93371299122e-11
2.02404809619 1.90860977979e-11
2.04408817635 1.88405356037e-11
2.06412825651 1.8599917902e-11
2.08416833667 1.83650759513e-11
2.10420841683 1.81369281481e-11
2.12424849699 1.79132360386e-11
2.14428857715 1.76938690556e-11
2.16432865731 1.7469405553e-11
2.18436873747 1.72491053134e-11
2.20440881764 1.70329390292e-11
2.2244488978 1.6793287184e-11
2.24448897796 1.65440301088e-11
2.26452905812 1.62993108097e-11
2.28456913828 1.60548156628e-11
2.30460921844 1.58062792308e-11
2.3246492986 1.55621420636e-11
2.34468937876 1.53223192909e-11
2.36472945892 1.51342809718e-11
2.38476953908 1.49494888385e-11
2.40480961924 1.47678588449e-11
2.4248496994 1.45842774929e-11
2.44488977956 1.44013332894e-11
2.46492985972 1.42214382413e-11
2.48496993988 1.40212792494e-11
2.50501002004 1.37798335398e-11
2.5250501002 1.35423028078e-11
2.54509018036 1.33096181499e-11
2.56513026052 1.31721858163e-11
2.58517034068 1.30369356981e-11
2.60521042084 1.29038158398e-11
2.625250501 1.27239198324e-11
2.64529058116 1.25241077676e-11
2.66533066132 1.23273593357e-11
2.68537074148 1.21351334115e-11
2.70541082164 1.19486131575e-11
2.7254509018 1.17648874252e-11
2.74549098196 1.15844582493e-11
2.76553106212 1.14324090055e-11
2.78557114228 1.12825886588e-11
2.80561122244 1.11349482293e-11
2.82565130261 1.0931849561e-11
2.84569138277 1.07061420638e-11
2.86573146293 1.04836406914e-11
2.88577154309 1.02936726873e-11
2.90581162325 1.01579103659e-11
2.92585170341 1.0024039196e-11
2.94589178357 9.89081136908e-12
2.96593186373 9.72272171003e-12
2.98597194389 9.55692216733e-12
3.00601202405 9.39336598061e-12
3.02605210421 9.22945945619e-12
3.04609218437 9.06666478519e-12
3.06613226453 8.90602806661e-12
3.08617234469 8.75086961404e-12
3.10621242485 8.60338383705e-12
3.12625250501 8.4578147071e-12
3.14629258517 8.31468432209e-12
3.16633266533 8.18606632917e-12
3.18637274549 8.0590878527e-12
3.20641282565 7.93371757403e-12
3.22645290581 7.78525366616e-12
3.24649298597 7.62873363016e-12
3.26653306613 7.47415697122e-12
3.28657314629 7.31580552063e-12
3.30661322645 7.15026828028e-12
3.32665330661 6.98674779466e-12
3.34669338677 6.82716384193e-12
3.36673346693 6.70471200347e-12
3.38677354709 6.58372576562e-12
3.40681362725 6.46417884574e-12
3.42685370741 6.33989905238e-12
3.44689378758 6.2147324614e-12
3.46693386774 6.09102819528e-12
3.4869739479 5.97080777358e-12
3.50701402806 5.85512484441e-12
3.52705410822 5.74076997498e-12
3.54709418838 5.62685820407e-12
3.56713426854 5.5014193562e-12
3.5871743487 5.37739553266e-12
3.60721442886 5.25476282138e-12
3.62725450902 5.13928467e-12
3.64729458918 5.02718581736e-12
3.66733466934 4.91632340254e-12
3.6873747495 4.81030046214e-12
3.70741482966 4.71077483019e-12
3.72745490982 4.61232903466e-12
3.74749498998 4.51523619686e-12
3.76753507014 4.42285602897e-12
3.7875751503 4.33146199746e-12
3.80761523046 4.2410383325e-12
3.82765531062 4.13953323971e-12
3.84769539078 4.03495540679e-12
3.86773547094 3.93147001699e-12
3.8877755511 3.83489561415e-12
3.90781563126 3.747562958e-12
3.92785571142 3.66112855898e-12
3.94789579158 3.57618312829e-12
3.96793587174 3.49871736342e-12
3.9879759519 3.42203623459e-12
4.00801603206 3.34612783646e-12
4.02805611222 3.26380666263e-12
4.04809619238 3.17997091947e-12
4.06813627255 3.0969671496e-12
4.08817635271 3.02030070808e-12
4.10821643287 2.95185967835e-12
4.12825651303 2.88408793358e-12
4.14829659319 2.81672546244e-12
4.16833667335 2.74760643333e-12
4.18837675351 2.67915341101e-12
4.20841683367 2.61135678281e-12
4.22845691383 2.54891646216e-12
4.24849699399 2.48851864755e-12
4.26853707415 2.42869175955e-12
4.28857715431 2.36798763381e-12
4.30861723447 2.30598188818e-12
4.32865731463 2.244553955e-12
4.34869739479 2.18436962397e-12
4.36873747495 2.13051845047e-12
4.38877755511 2.07716217839e-12
4.40881763527 2.02429399472e-12
4.42885771543 1.97557942559e-12
4.44889779559 1.92837303585e-12
4.46893787575 1.88159262301e-12
4.48897795591 1.83484116191e-12
4.50901803607 1.78802046336e-12
4.52905811623 1.74161655708e-12
4.54909819639 1.69585251095e-12
4.56913827655 1.65225505826e-12
4.58917835671 1.60904056215e-12
4.60921843687 1.56620398372e-12
4.62925851703 1.52421161846e-12
4.64929859719 1.48271218975e-12
4.66933867735 1.44157094437e-12
4.68937875752 1.40293717061e-12
4.70941883768 1.36720729559e-12
4.72945891784 1.33178186793e-12
4.749498998 1.29630082065e-12
4.76953907816 1.25862973402e-12
4.78957915832 1.22127552603e-12
4.80961923848 1.18423420402e-12
4.82965931864 1.15092777684e-12
4.8496993988 1.118778836e-12
4.86973947896 1.08689584094e-12
4.88977955912 1.05596927116e-12
4.90981963928 1.02609164093e-12
4.92985971944 9.96458123625e-13
4.9498997996 9.67456920277e-13
4.96993987976 9.41186537318e-13
4.98997995992 9.15128194196e-13
5.01002004008 8.89757947392e-13
5.03006012024 8.65033185263e-13
5.0501002004 8.40505587189e-13
5.07014028056 8.17455095562e-13
5.09018036072 7.94613290782e-13
5.11022044088 7.71951473012e-13
5.13026052104 7.49467517565e-13
5.1503006012 7.27159333158e-13
5.17034068136 7.06601509619e-13
5.19038076152 6.86304464376e-13
5.21042084168 6.6616425049e-13
5.23046092184 6.46179052514e-13
5.250501002 6.26347082992e-13
5.27054108216 6.08464110359e-13
5.29058116232 5.90918381382e-13
5.31062124248 5.73505647482e-13
5.33066132265 5.56224398342e-13
5.35070140281 5.39073146493e-13
5.37074148297 5.22543197383e-13
5.39078156313 5.06217509028e-13
5.41082164329 4.90013252405e-13
5.43086172345 4.73929074345e-13
5.45090180361 4.57963641767e-13
5.47094188377 4.43680258484e-13
5.49098196393 4.29847922232e-13
5.51102204409 4.16116589599e-13
5.53106212425 4.02485155584e-13
5.55110220441 3.88952531292e-13
5.57114228457 3.76087529273e-13
5.59118236473 3.63477368117e-13
5.61122244489 3.50957627156e-13
5.63126252505 3.38527335002e-13
5.65130260521 3.26185534171e-13
5.67134268537 3.14968033719e-13
5.69138276553 3.0419780995e-13
5.71142284569 2.93503450055e-13
5.73146292585 2.82884153369e-13
5.75150300601 2.72339130489e-13
5.77154308617 2.62242986997e-13
5.79158316633 2.52379619376e-13
5.81162324649 2.42584519563e-13
5.83166332665 2.328569796e-13
5.85170340681 2.2319630131e-13
5.87174348697 2.14060562182e-13
5.89178356713 2.05226346228e-13
5.91182364729 1.96452230718e-13
5.93186372745 1.87737603031e-13
5.95190380762 1.79081858866e-13
5.97194388778 1.71331442464e-13
5.99198396794 1.64158943404e-13
6.0120240481 1.57034423645e-13
6.03206412826 1.49957402252e-13
6.05210420842 1.42927404715e-13
6.07214428858 1.36295273074e-13
6.09218436874 1.29964920945e-13
6.1122244489 1.23676215855e-13
6.13226452906 1.17428747221e-13
6.15230460922 1.11222109857e-13
6.17234468938 1.05259768643e-13
6.19238476954 9.95125006813e-14
6.2124248497 9.3802429171e-14
6.23246492986 8.81291933677e-14
6.25250501002 8.24924371904e-14
6.27254509018 7.73211072245e-14
6.29258517034 7.26194550502e-14
6.3126252505 6.79477473733e-14
6.33266533066 6.33056983785e-14
6.35270541082 5.86930258878e-14
6.37274549098 5.44053698696e-14
6.39278557114 5.04986374482e-14
6.4128256513 4.66163964448e-14
6.43286573146 4.2758416739e-14
6.45290581162 3.89244710936e-14
6.47294589178 3.55531265423e-14
6.49298597194 3.28214050517e-14
6.5130260521 3.01065464819e-14
6.53306613226 2.7408394766e-14
6.55310621242 2.47267957643e-14
6.57314629259 2.23672264725e-14
6.59318637275 2.05326677448e-14
6.61322645291 1.87092637934e-14
6.63326653307 1.68969128805e-14
6.65330661323 1.50955145077e-14
6.67334669339 1.33656586341e-14
6.69338677355 1.1767217067e-14
6.71342685371 1.01783487544e-14
6.73346693387 8.59896768839e-15
6.75350701403 7.02898889301e-15
6.77354709419 5.63251511605e-15
6.79358717435 4.63946927972e-15
6.81362725451 3.65228528832e-15
6.83366733467 2.67091119144e-15
6.85370741483 1.6952956547e-15
6.87374749499 9.26736659393e-16
6.89378757515 7.5693900146e-16
6.91382765531 5.88134516245e-16
6.93386773547 4.20314380583e-16
6.95390781563 2.5346987848e-16
6.97394789579 1.18938783099e-16
6.99398797595 1.01282403998e-16
7.01402805611 8.37329553484e-17
7.03406813627 6.62893614965e-17
7.05410821643 4.89505633913e-17
7.07414829659 3.36724610749e-17
7.09418837675 2.7898427936e-17
7.11422845691 2.21619949186e-17
7.13426853707 1.6462707791e-17
7.15430861723 1.08001211482e-17
7.17434869739 5.88461017465e-18
7.19438877756 5.68978626906e-18
7.21442885772 5.50034486808e-18
7.23446893788 5.31612396899e-18
7.25450901804 5.13696655785e-18
7.2745490982 4.96458655681e-18
7.29458917836 4.81556669889e-18
7.31462925852 4.67105535554e-18
7.33466933868 4.53091488006e-18
7.35470941884 4.39501187246e-18
7.374749499 4.26321704687e-18
7.39478957916 4.13540510307e-18
7.41482965932 4.01145460216e-18
7.43486973948 3.89124784615e-18
7.45490981964 3.7746707613e-18
7.4749498998 3.66161278523e-18
7.49498997996 3.55196675754e-18
7.51503006012 3.4456288139e-18
7.53507014028 3.34249828348e-18
7.55511022044 3.24247758964e-18
7.5751503006 3.14547215371e-18
7.59519038076 3.05139030181e-18
7.61523046092 2.96014317465e-18
7.63527054108 2.87164464009e-18
7.65531062124 2.78581120854e-18
7.6753507014 2.70256195093e-18
7.69539078156 2.62181841936e-18
7.71543086172 2.54350457014e-18
7.73547094188 2.46754668928e-18
7.75551102204 2.3938733204e-18
7.7755511022 2.32241519477e-18
7.79559118236 2.25310516362e-18
7.81563126253 2.18587813258e-18
7.83567134269 2.12067099813e-18
7.85571142285 2.05742258605e-18
7.87575150301 1.99607359184e-18
7.89579158317 1.93656652295e-18
7.91583166333 1.87884564282e-18
7.93587174349 1.82285691673e-18
7.95591182365 1.76854795926e-18
7.97595190381 1.71586798342e-18
7.99599198397 1.66476775142e-18
8.01603206413 1.61519952688e-18
8.03607214429 1.56711702861e-18
8.05611222445 1.52047538581e-18
8.07615230461 1.47523109462e-18
8.09619238477 1.43134197608e-18
8.11623246493 1.38876713539e-18
8.13627254509 1.34746692241e-18
8.15631262525 1.3074028934e-18
8.17635270541 1.26853777397e-18
8.19639278557 1.23083542316e-18
8.21643286573 1.19426079863e-18
8.23647294589 1.15877992294e-18
8.25651302605 1.1243598509e-18
8.27655310621 1.09096863789e-18
8.29659318637 1.0585753092e-18
8.31663326653 1.02714983026e-18
8.33667334669 9.96663077895e-19
8.35671342685 9.6708681238e-19
8.37675350701 9.38393650385e-19
8.39679358717 9.10557038776e-19
8.41683366733 8.83551229209e-19
8.43687374749 8.57351253514e-19
8.45691382766 8.3193289984e-19
8.47695390782 8.07272689539e-19
8.49699398798 7.8334785476e-19
8.51703406814 7.60136316734e-19
8.5370741483 7.3761666474e-19
8.55711422846 7.15768135704e-19
8.57715430862 6.94570594439e-19
8.59719438878 6.74004514486e-19
8.61723446894 6.54050959558e-19
8.6372745491 6.34691565536e-19
8.65731462926 6.15908523039e-19
8.67735470942 5.97684560519e-19
8.69739478958 5.80002927879e-19
8.71743486974 5.62847380593e-19
8.7374749499 5.46202164323e-19
8.75751503006 5.30051999995e-19
8.77755511022 5.14382069343e-19
8.79759519038 4.99178000897e-19
8.81763527054 4.84425856398e-19
8.8376753507 4.70112117628e-19
8.85771543086 4.5622367365e-19
8.87775551102 4.42747808438e-19
8.89779559118 4.2967218888e-19
8.91783567134 4.16984853157e-19
8.9378757515 4.04674199474e-19
8.95791583166 3.92728975135e-19
8.97795591182 3.81138265956e-19
8.99799599198 3.69891486002e-19
9.01803607214 3.58978367631e-19
9.0380761523 3.48388951852e-19
9.05811623246 3.38113578973e-19
9.07815631263 3.28142879537e-19
9.09819639279 3.18467765529e-19
9.11823647295 3.09079421862e-19
9.13827655311 2.99969298113e-19
9.15831663327 2.91129100519e-19
9.17835671343 2.8255078421e-19
9.19839679359 2.74226545686e-19
9.21843687375 2.6614881552e-19
9.23847695391 2.5831025128e-19
9.25851703407 2.50703730679e-19
9.27855711423 2.43322344914e-19
9.29859719439 2.36159392229e-19
9.31863727455 2.29208371658e-19
9.33867735471 2.2246297697e-19
9.35871743487 2.15917090788e-19
9.37875751503 2.09564778893e-19
9.39879759519 2.03400284704e-19
9.41883767535 1.97418023919e-19
9.43887775551 1.9161257932e-19
9.45891783567 1.85978695742e-19
9.47895791583 1.8051127519e-19
9.49899799599 1.75205372102e-19
9.51903807615 1.70056188762e-19
9.53907815631 1.65059070848e-19
9.55911823647 1.60209503115e-19
9.57915831663 1.55503105212e-19
9.59919839679 1.50935627624e-19
9.61923847695 1.46502947735e-19
9.63927855711 1.42201066015e-19
9.65931863727 1.38026102318e-19
9.67935871743 1.33974292294e-19
9.6993987976 1.30041983914e-19
9.71943887776 1.26225634089e-19
9.73947895792 1.22521805402e-19
9.75951903808 1.18927162938e-19
9.77955911824 1.15438471201e-19
9.7995991984 1.12052591136e-19
9.81963927856 1.08766477232e-19
9.83967935872 1.05577174717e-19
9.85971943888 1.02481816837e-19
9.87975951904 9.94776222159e-20
9.8997995992 0.0
9.91983967936 0.0
9.93987975952 0.0
9.95991983968 0.0
9.97995991984 0.0
10.0 0.0
