0.0 0.0
0.0200400801603 0.0
0.0400801603206 0.0
0.060120240481 0.0
0.0801603206413 0.0
0.100200400802 0.0
0.120240480962 4.84134285829e-10
0.140280561122 4.32376177196e-11
0.160320641283 1.62836961769e-11
0.180360721443 1.01481737726e-11
0.200400801603 8.28334415904e-12
0.220440881764 3.182104307e-10
0.240480961924 3.0941022772e-10
0.260521042084 1.01410825434e-11
0.280561122244 1.1179061897e-11
0.300601202405 1.20439220242e-11
0.320641282565 1.29955339383e-11
0.340681362725 1.411135687e-11
0.360721442886 1.4837404578e-11
0.380761523046 1.54564988967e-11
0.400801603206 1.60101863052e-11
0.420841683367 1.65200112082e-11
0.440881763527 1.69910693554e-11
0.460921843687 1.7420873692e-11
0.480961923848 1.78030484301e-11
0.501002004008 1.81191503094e-11
0.521042084168 1.84113134406e-11
0.541082164329 1.86776237265e-11
0.561122244489 1.89180719587e-11
0.581162324649 1.91416733055e-11
0.60120240481 1.93492757049e-11
0.62124248497 1.95303715062e-11
0.64128256513 1.96917157645e-11
0.661322645291 1.98443059097e-11
0.681362725451 1.99628607677e-11
0.701402805611 1.99945482915e-11
0.721442885772 2.0024916727e-11
0.741482965932 2.00515547453e-11
0.761523046092 2.00496417096e-11
0.781563126253 2.00458073447e-11
0.801603206413 2.00444503731e-11
0.821643286573 1.99651691093e-11
0.841683366733 1.98356069228e-11
0.861723446894 1.97118487035e-11
0.881763527054 1.95502363457e-11
0.901803607214 1.92775980496e-11
0.921843687375 1.90171935691e-11
0.941883767535 1.87672702689e-11
0.961923847695 1.84639048189e-11
0.981963927856 1.81683924802e-11
1.00200400802 1.78867035119e-11
1.02204408818 1.76461934164e-11
1.04208416834 1.74340852028e-11
1.0621242485 1.72291078697e-11
1.08216432866 1.70221393233e-11
1.10220440882 1.68041690872e-11
1.12224448898 1.65941414663e-11
1.14228456914 1.63952624577e-11
1.1623246493 1.61332340062e-11
1.18236472946 1.58757146053e-11
1.20240480962 1.56268668165e-11
1.22244488978 1.53810367323e-11
1.24248496994 1.5139942083e-11
1.2625250501 1.49064301273e-11
1.28256513026 1.46833467226e-11
1.30260521042 1.44760565968e-11
1.32264529058 1.42751300794e-11
1.34268537074 1.40802074028e-11
1.3627254509 1.39145138417e-11
1.38276553106 1.37549243714e-11
1.40280561122 1.3599336551e-11
1.42284569138 1.34304456537e-11
1.44288577154 1.32557564442e-11
1.4629258517 1.30857673445e-11
1.48296593186 1.29224963371e-11
1.50300601202 1.27694277998e-11
1.52304609218 1.26204273516e-11
1.54308617234 1.2477156045e-11
1.56312625251 1.23094252444e-11
1.58316633267 1.21447960237e-11
1.60320641283 1.19843293902e-11
1.62324649299 1.18283977218e-11
1.64328657315 1.1676609991e-11
1.66332665331 1.15282893871e-11
1.68336673347 1.13895423155e-11
1.70340681363 1.1269099463e-11
1.72344689379 1.11514791437e-11
1.74348697395 1.1036441716e-11
1.76352705411 1.08588857337e-11
1.78356713427 1.06833289878e-11
1.80360721443 1.0511710087e-11
1.82364729459 1.03647783117e-11
1.84368737475 1.02326906446e-11
1.86372745491 1.01034606384e-11
1.88376753507 9.9949778287e-12
1.90380761523 9.92841486896e-12
1.92384769539 9.86324847176e-12
1.94388777555 9.7994350594e-12
1.96392785571 9.66831188017e-12
1.98396793587 9.53846453127e-12
2.00400801603 9.40875059938e-12
2.02404809619 9.28958363466e-12
2.04408817635 9.17162530867e-12
2.06412825651 9.05598697419e-12
2.08416833667 8.94307770762e-12
2.10420841683 8.83334902183e-12
2.12424849699 8.72571666598e-12
2.14428857715 8.62012106046e-12
2.16432865731 8.51198060422e-12
2.18436873747 8.40580383228e-12
2.20440881764 8.30157985781e-12
2.2244488978 8.18586349025e-12
2.24448897796 8.06541118402e-12
2.26452905812 7.9471115569e-12
2.28456913828 7.82886637769e-12
2.30460921844 7.7085995538e-12
2.3246492986 7.59042501401e-12
2.34468937876 7.47430410497e-12
2.36472945892 7.38337631852e-12
2.38476953908 7.29399236701e-12
2.40480961924 7.20611319401e-12
2.4248496994 7.11724736466e-12
2.44488977956 7.02865798938e-12
2.46492985972 6.94152264925e-12
2.48496993988 6.84447195092e-12
2.50501002004 6.72724866806e-12
2.5250501002 6.61189936302e-12
2.54509018036 6.49888010836e-12
2.56513026052 6.43230719504e-12
2.58517034068 6.36677676663e-12
2.60521042084 6.3022644723e-12
2.625250501 6.21490002177e-12
2.64529058116 6.1177893188e-12
2.66533066132 6.02214892444e-12
2.68537074148 5.9286922888e-12
2.70541082164 5.83799843805e-12
2.7254509018 5.74864721712e-12
2.74549098196 5.66088479699e-12
2.76553106212 5.58696286458e-12
2.78557114228 5.51411219415e-12
2.80561122244 5.44230961647e-12
2.82565130261 5.34339892915e-12
2.84569138277 5.23342305678e-12
2.86573146293 5.12499292149e-12
2.88577154309 5.03243929854e-12
2.90581162325 4.9663563317e-12
2.92585170341 4.90118454282e-12
2.94589178357 4.83631464307e-12
2.96593186373 4.75439383264e-12
2.98597194389 4.67357837704e-12
3.00601202405 4.59384601097e-12
3.02605210421 4.51392938988e-12
3.04609218437 4.43454365599e-12
3.06613226453 4.35620068266e-12
3.08617234469 4.28052438137e-12
3.10621242485 4.20858849602e-12
3.12625250501 4.1375793289e-12
3.14629258517 4.06775261625e-12
3.16633266533 4.00501329729e-12
3.18637274549 3.94306706755e-12
3.20641282565 3.88189895133e-12
3.22645290581 3.80942723141e-12
3.24649298597 3.73300585686e-12
3.26653306613 3.65752586964e-12
3.28657314629 3.58019037953e-12
3.30661322645 3.49933064799e-12
3.32665330661 3.4194485935e-12
3.34669338677 3.34148383254e-12
3.36673346693 3.28167868065e-12
3.38677354709 3.22258414789e-12
3.40681362725 3.16418761824e-12
3.42685370741 3.10346902253e-12
3.44689378758 3.04231033134e-12
3.46693386774 2.98186124878e-12
3.4869739479 2.92311133262e-12
3.50701402806 2.86657659447e-12
3.52705410822 2.81068659674e-12
3.54709418838 2.75500838056e-12
3.56713426854 2.69368296741e-12
3.5871743487 2.63304492714e-12
3.60721442886 2.57308274729e-12
3.62725450902 2.51661799159e-12
3.64729458918 2.46180297092e-12
3.66733466934 2.4075888897e-12
3.6873747495 2.35573987953e-12
3.70741482966 2.30706793872e-12
3.72745490982 2.25892100265e-12
3.74749498998 2.21143292815e-12
3.76753507014 2.16624891651e-12
3.7875751503 2.1215445241e-12
3.80761523046 2.07731214018e-12
3.82765531062 2.02765023659e-12
3.84769539078 1.97648027578e-12
3.86773547094 1.9258419601e-12
3.8877755511 1.87858493494e-12
3.90781563126 1.83585103724e-12
3.92785571142 1.79355439838e-12
3.94789579158 1.75198442257e-12
3.96793587174 1.71407538684e-12
3.9879759519 1.67654840747e-12
4.00801603206 1.6393977269e-12
4.02805611222 1.59910376947e-12
4.04809619238 1.55806566423e-12
4.06813627255 1.51743285408e-12
4.08817635271 1.47990228217e-12
4.10821643287 1.44639914317e-12
4.12825651303 1.4132221194e-12
4.14829659319 1.38024388748e-12
4.16833667335 1.34640343036e-12
4.18837675351 1.31288758485e-12
4.20841683367 1.27969169436e-12
4.22845691383 1.24911850191e-12
4.24849699399 1.21954459932e-12
4.26853707415 1.19024905542e-12
4.28857715431 1.16052234745e-12
4.30861723447 1.13015653029e-12
4.32865731463 1.10007250193e-12
4.34869739479 1.0705965445e-12
4.36873747495 1.04422268268e-12
4.38877755511 1.01809022744e-12
4.40881763527 9.92195873391e-13
4.42885771543 9.68335926737e-13
4.44889779559 9.45214114694e-13
4.46893787575 9.22300146636e-13
4.48897795591 8.99399477825e-13
4.50901803607 8.76464002765e-13
4.52905811623 8.53731932759e-13
4.54909819639 8.31312618425e-13
4.56913827655 8.09954355502e-13
4.58917835671 7.88783021536e-13
4.60921843687 7.67796168751e-13
4.62925851703 7.47222365862e-13
4.64929859719 7.2688946969e-13
4.66933867735 7.06731453953e-13
4.68937875752 6.8780183039e-13
4.70941883768 6.70294984557e-13
4.72945891784 6.5293680946e-13
4.749498998 6.35550822163e-13
4.76953907816 6.17090758552e-13
4.78957915832 5.98785461953e-13
4.80961923848 5.80632990833e-13
4.82965931864 5.64310871316e-13
4.8496993988 5.4855569696e-13
4.86973947896 5.32930442666e-13
4.88977955912 5.17773617126e-13
4.90981963928 5.03130601146e-13
4.92985971944 4.88606858111e-13
4.9498997996 4.74392716109e-13
4.96993987976 4.61517010267e-13
4.98997995992 4.48744922903e-13
5.01002004008 4.36309861265e-13
5.03006012024 4.24190951621e-13
5.0501002004 4.12168404656e-13
5.07014028056 4.00869776305e-13
5.09018036072 3.89673191899e-13
5.11022044088 3.78564587211e-13
5.13026052104 3.67542927305e-13
5.1503006012 3.56607193455e-13
5.17034068136 3.46529452522e-13
5.19038076152 3.36579350903e-13
5.21042084168 3.26705927077e-13
5.23046092184 3.16908296371e-13
5.250501002 3.07185587701e-13
5.27054108216 2.9841836808e-13
5.29058116232 2.89816334632e-13
5.31062124248 2.81279338845e-13
5.33066132265 2.72806644412e-13
5.35070140281 2.64397526133e-13
5.37074148297 2.5629291504e-13
5.39078156313 2.48288311278e-13
5.41082164329 2.40343101265e-13
5.43086172345 2.32456625111e-13
5.45090180361 2.24628232695e-13
5.47094188377 2.17624582666e-13
5.49098196393 2.1084200373e-13
5.51102204409 2.04108836785e-13
5.53106212425 1.97424542734e-13
5.55110220441 1.90788590315e-13
5.57114228457 1.84479945813e-13
5.59118236473 1.7829617703e-13
5.61122244489 1.72156650082e-13
5.63126252505 1.66060890919e-13
5.65130260521 1.60008432261e-13
5.67134268537 1.54507293784e-13
5.69138276553 1.49225439206e-13
5.71142284569 1.43980710905e-13
5.73146292585 1.38772717997e-13
5.75150300601 1.33601075082e-13
5.77154308617 1.28649519216e-13
5.79158316633 1.23812062258e-13
5.81162324649 1.19008019102e-13
5.83166332665 1.1423704404e-13
5.85170340681 1.09498796128e-13
5.87174348697 1.05017962747e-13
5.89178356713 1.00684965018e-13
5.91182364729 9.6381387942e-14
5.93186372745 9.21069322818e-14
5.95190380762 8.78613028581e-14
5.97194388778 8.40596965379e-14
5.99198396794 8.05415225213e-14
6.0120240481 7.70468399305e-14
6.03206412826 7.35754137476e-14
6.05210420842 7.012701209e-14
6.07214428858 6.6873736579e-14
6.09218436874 6.37684577151e-14
6.1122244489 6.06835727652e-14
6.13226452906 5.76188810363e-14
6.15230460922 5.457418447e-14
6.17234468938 5.16492943244e-14
6.19238476954 4.88298778974e-14
6.2124248497 4.6028678201e-14
6.23246492986 4.32455188676e-14
6.25250501002 4.04802258073e-14
6.27254509018 3.79432285099e-14
6.29258517034 3.56366175467e-14
6.3126252505 3.33446742619e-14
6.33266533066 3.10672588631e-14
6.35270541082 2.8804233336e-14
6.37274549098 2.6700635411e-14
6.39278557114 2.47838958301e-14
6.4128256513 2.28791548098e-14
6.43286573146 2.09862997554e-14
6.45290581162 1.91052194827e-14
6.47294589178 1.74510766778e-14
6.49298597194 1.61107236914e-14
6.5130260521 1.47786344449e-14
6.53306613226 1.34547325104e-14
6.55310621242 1.21389424047e-14
6.57314629259 1.09811367941e-14
6.59318637275 1.00809051211e-14
6.61322645291 9.18614199268e-15
6.63326653307 8.29679752684e-15
6.65330661323 7.41282245112e-15
6.67334669339 6.56394418853e-15
6.69338677355 5.77953848248e-15
6.71342685371 4.99982654238e-15
6.73346693387 4.22476618786e-15
6.75350701403 3.45431574638e-15
6.77354709419 2.76899155955e-15
6.79358717435 2.28160626746e-15
6.81362725451 1.79709676236e-15
6.83366733467 1.3154375165e-15
6.85370741483 8.36603306728e-16
6.87374749499 4.59362713442e-16
6.89378757515 3.75911601218e-16
6.91382765531 2.92951202584e-16
6.93386773547 2.10477075731e-16
6.95390781563 1.28484835127e-16
6.97394789579 6.2350916614e-17
6.99398797595 5.35674450053e-17
7.01402805611 4.48400078634e-17
7.03406813627 3.6167967168e-17
7.05410821643 2.75506964842e-17
7.07414829659 1.99478193281e-17
7.09418837675 1.70116033461e-17
7.11422845691 1.40969367048e-17
7.13426853707 1.12035013549e-17
7.15430861723 8.33098653046e-18
7.17434869739 5.82788002243e-18
7.19438877756 5.64393775975e-18
7.21442885772 5.46531226053e-18
7.23446893788 5.29184224177e-18
7.25450901804 5.12337139539e-18
7.2745490982 4.96066393953e-18
7.29458917836 4.81178271617e-18
7.31462925852 4.66740502479e-18
7.33466933868 4.52739340109e-18
7.35470941884 4.39161462065e-18
7.374749499 4.25993956663e-18
7.39478957916 4.13224310154e-18
7.41482965932 4.00840394315e-18
7.43486973948 3.88830454429e-18
7.45490981964 3.77183097645e-18
7.4749498998 3.65887281709e-18
7.49498997996 3.54932304042e-18
7.51503006012 3.44307791177e-18
7.53507014028 3.34003688516e-18
7.55511022044 3.24010250414e-18
7.5751503006 3.14318030582e-18
7.59519038076 3.0491787278e-18
7.61523046092 2.95800901816e-18
7.63527054108 2.86958514815e-18
7.65531062124 2.78382372779e-18
7.6753507014 2.70064392392e-18
7.69539078156 2.61996738102e-18
7.71543086172 2.54171814437e-18
7.73547094188 2.46582258573e-18
7.75551102204 2.39220933126e-18
7.7755511022 2.32080919176e-18
7.79559118236 2.2515550951e-18
7.81563126253 2.18438202069e-18
7.83567134269 2.11922693611e-18
7.85571142285 2.05602873567e-18
7.87575150301 1.99472818084e-18
7.89579158317 1.93526784266e-18
7.91583166333 1.87759204584e-18
7.93587174349 1.82164681467e-18
7.95591182365 1.76737982061e-18
7.97595190381 1.71474033147e-18
7.99599198397 1.66367916226e-18
8.01603206413 1.61414862749e-18
8.03607214429 1.56610249501e-18
8.05611222445 1.51949594125e-18
8.07615230461 1.47428550789e-18
8.09619238477 1.43042905988e-18
8.11623246493 1.38788574468e-18
8.13627254509 1.34661595293e-18
8.15631262525 1.30658128017e-18
8.17635270541 1.26774448987e-18
8.19639278557 1.23006947757e-18
8.21643286573 1.19352123609e-18
8.23647294589 1.15806582192e-18
8.25651302605 1.12367032254e-18
8.27655310621 1.09030282483e-18
8.29659318637 1.05793238444e-18
8.31663326653 1.0265289961e-18
8.33667334669 9.96063564847e-19
8.35671342685 9.66507878154e-19
8.37675350701 9.37834578926e-19
8.39679358717 9.10017139317e-19
8.41683366733 8.83029835361e-19
8.43687374749 8.56847722395e-19
8.45691382766 8.31446611231e-19
8.47695390782 8.0680304507e-19
8.49699398798 7.82894277131e-19
8.51703406814 7.59698248962e-19
8.5370741483 7.37193569429e-19
8.55711422846 7.15359494348e-19
8.57715430862 6.94175906747e-19
8.59719438878 6.73623297733e-19
8.61723446894 6.53682747955e-19
8.6372745491 6.34335909632e-19
8.65731462926 6.15564989135e-19
8.67735470942 5.97352730108e-19
8.69739478958 5.79682397106e-19
8.71743486974 5.62537759737e-19
8.7374749499 5.4590307729e-19
8.75751503006 5.29763083836e-19
8.77755511022 5.1410297379e-19
8.79759519038 4.98908387911e-19
8.81763527054 4.84165399734e-19
8.8376753507 4.69860502422e-19
8.85771543086 4.55980596012e-19
8.87775551102 4.42512975066e-19
8.89779559118 4.29445316683e-19
8.91783567134 4.16765668899e-19
8.9378757515 4.04462439421e-19
8.95791583166 3.92524384722e-19
8.97795591182 3.80940599465e-19
8.99799599198 3.69700506246e-19
9.01803607214 3.58793845657e-19
9.0380761523 3.48210666651e-19
9.05811623246 3.37941317198e-19
9.07815631263 3.27976435235e-19
9.09819639279 3.18306939882e-19
9.11823647295 3.08924022935e-19
9.13827655311 2.99819140613e-19
9.15831663327 2.9098400556e-19
9.17835671343 2.82410579091e-19
9.19839679359 2.74091063674e-19
9.21843687375 2.66017895638e-19
9.23847695391 2.58183738111e-19
9.25851703407 2.50581474163e-19
9.27855711423 2.43204200169e-19
9.29859719439 2.36045219366e-19
9.31863727455 2.29098035607e-19
9.33867735471 2.22356347311e-19
9.35871743487 2.15814041589e-19
9.37875751503 2.09465188557e-19
9.39879759519 2.03304035812e-19
9.41883767535 1.97325003088e-19
9.43887775551 1.91522677062e-19
9.45891783567 1.85891806328e-19
9.47895791583 1.80427296519e-19
9.49899799599 1.75124205576e-19
9.51903807615 1.69977739163e-19
9.53907815631 1.6498324622e-19
9.55911823647 1.60136214653e-19
9.57915831663 1.55432267151e-19
9.59919839679 1.50867157134e-19
9.61923847695 1.4643676482e-19
9.63927855711 1.42137093413e-19
9.65931863727 1.37964265408e-19
9.67935871743 1.33914519005e-19
9.6993987976 1.29984204633e-19
9.71943887776 1.2616978158e-19
9.73947895792 1.22467814724e-19
9.75951903808 1.18874971362e-19
9.77955911824 1.15388018139e-19
9.7995991984 1.12003818061e-19
9.81963927856 1.08719327611e-19
9.83967935872 1.05531593942e-19
9.85971943888 1.02437752156e-19
9.87975951904 9.94350226737e-20
9.8997995992 0.0
9.91983967936 0.0
9.93987975952 0.0
9.95991983968 0.0
9.97995991984 0.0
10.0 0.0
