0.0 0.0
0.0200400801603 0.0
0.0400801603206 0.0
0.060120240481 0.0
0.0801603206413 0.0
0.100200400802 0.0
0.120240480962 0.0
0.140280561122 0.0
0.160320641283 0.0
0.180360721443 0.0
0.200400801603 0.0
0.220440881764 0.0
0.240480961924 0.0
0.260521042084 0.0
0.280561122244 0.0
0.300601202405 0.0
0.320641282565 0.0
0.340681362725 0.0
0.360721442886 0.0
0.380761523046 0.0
0.400801603206 0.0
0.420841683367 0.0
0.440881763527 0.0
0.460921843687 1.41566369725e-11
0.480961923848 8.5646190349e-12
0.501002004008 6.93500010437e-12
0.521042084168 6.11265579426e-12
0.541082164329 5.60114425266e-12
0.561122244489 5.25112643743e-12
0.581162324649 4.99732101228e-12
0.60120240481 4.80303079051e-12
0.62124248497 4.64684544706e-12
0.64128256513 4.51949955247e-12
0.661322645291 4.41599857104e-12
0.681362725451 4.32685129495e-12
0.701402805611 4.2355113211e-12
0.721442885772 4.15663863283e-12
0.741482965932 4.08480143042e-12
0.761523046092 4.01611664437e-12
0.781563126253 3.95456934813e-12
0.801603206413 3.90180648466e-12
0.821643286573 3.84133605747e-12
0.841683366733 3.77643597905e-12
0.861723446894 3.71623373672e-12
0.881763527054 3.65141795499e-12
0.901803607214 3.57034356861e-12
0.921843687375 3.49469939306e-12
0.941883767535 3.42286132375e-12
0.961923847695 3.34424139401e-12
0.981963927856 3.26938399493e-12
1.00200400802 3.20065635333e-12
1.02204408818 3.14183880405e-12
1.04208416834 3.08940250887e-12
1.0621242485 3.03853872547e-12
1.08216432866 2.98603893833e-12
1.10220440882 2.93294217386e-12
1.12224448898 2.88234439942e-12
1.14228456914 2.8379979377e-12
1.1623246493 2.7841079095e-12
1.18236472946 2.73177833706e-12
1.20240480962 2.68158695053e-12
1.22244488978 2.63254546663e-12
1.24248496994 2.58490971055e-12
1.2625250501 2.53893635962e-12
1.28256513026 2.49481543422e-12
1.30260521042 2.45378945745e-12
1.32264529058 2.41426152393e-12
1.34268537074 2.37607329662e-12
1.3627254509 2.34305012988e-12
1.38276553106 2.31137143509e-12
1.40280561122 2.28012157863e-12
1.42284569138 2.24670441259e-12
1.44288577154 2.21265936993e-12
1.4629258517 2.17955404139e-12
1.48296593186 2.14753856874e-12
1.50300601202 2.11744538964e-12
1.52304609218 2.08826173243e-12
1.54308617234 2.06184446395e-12
1.56312625251 2.03170900236e-12
1.58316633267 2.00224708578e-12
1.60320641283 1.97362899894e-12
1.62324649299 1.94589867471e-12
1.64328657315 1.91897690681e-12
1.66332665331 1.89255387733e-12
1.68336673347 1.86737452254e-12
1.70340681363 1.84526000752e-12
1.72344689379 1.82371852389e-12
1.74348697395 1.80258145443e-12
1.76352705411 1.77156166675e-12
1.78356713427 1.74098217389e-12
1.80360721443 1.71115729262e-12
1.82364729459 1.68538564103e-12
1.84368737475 1.66207800244e-12
1.86372745491 1.63931628892e-12
1.88376753507 1.6199433521e-12
1.90380761523 1.60731786401e-12
1.92384769539 1.59498197092e-12
1.94388777555 1.58292559187e-12
1.96392785571 1.56024061904e-12
1.98396793587 1.53782849673e-12
2.00400801603 1.51336054676e-12
2.02404809619 1.49519032265e-12
2.04408817635 1.47497016412e-12
2.06412825651 1.45518916115e-12
2.08416833667 1.4359085034e-12
2.10420841683 1.41719617237e-12
2.12424849699 1.39887721116e-12
2.14428857715 1.3809391824e-12
2.16432865731 1.3626548894e-12
2.18436873747 1.34473498275e-12
2.20440881764 1.32717515859e-12
2.2244488978 1.30784968556e-12
2.24448897796 1.28782509613e-12
2.26452905812 1.26818729522e-12
2.28456913828 1.24860303581e-12
2.30460921844 1.2287431022e-12
2.3246492986 1.20925467055e-12
2.34468937876 1.19012970081e-12
2.36472945892 1.17501217935e-12
2.38476953908 1.16017205898e-12
2.40480961924 1.14560165763e-12
2.4248496994 1.13090730751e-12
2.44488977956 1.11628672715e-12
2.46492985972 1.10192401312e-12
2.48496993988 1.08602950523e-12
2.50501002004 1.06699030489e-12
2.5250501002 1.04827388339e-12
2.54509018036 1.02995067251e-12
2.56513026052 1.01895207474e-12
2.58517034068 1.00813877393e-12
2.60521042084 9.9750604991e-13
2.625250501 9.83304471753e-13
2.64529058116 9.67593326736e-13
2.66533066132 9.52133531247e-13
2.68537074148 9.37036182084e-13
2.70541082164 9.22391230625e-13
2.7254509018 9.07974965114e-13
2.74549098196 8.93825243914e-13
2.76553106212 8.81862633161e-13
2.78557114228 8.70083262546e-13
2.80561122244 8.58482881439e-13
2.82565130261 8.42647802542e-13
2.84569138277 8.25093795142e-13
2.86573146293 8.07797136616e-13
2.88577154309 7.93002222611e-13
2.90581162325 7.82366757568e-13
2.92585170341 7.71885528964e-13
2.94589178357 7.61462679407e-13
2.96593186373 7.4838105607e-13
2.98597194389 7.3548361549e-13
3.00601202405 7.22766431094e-13
3.02605210421 7.10030749417e-13
3.04609218437 6.97388144435e-13
3.06613226453 6.8491834003e-13
3.08617234469 6.72874985556e-13
3.10621242485 6.61425560947e-13
3.12625250501 6.50129526933e-13
3.14629258517 6.39026547807e-13
3.16633266533 6.2903952993e-13
3.18637274549 6.19183830868e-13
3.20641282565 6.09456833614e-13
3.22645290581 5.97969974495e-13
3.24649298597 5.85872890158e-13
3.26653306613 5.73929837267e-13
3.28657314629 5.61703563448e-13
3.30661322645 5.48933259166e-13
3.32665330661 5.36322134906e-13
3.34669338677 5.24016707127e-13
3.36673346693 5.1455335183e-13
3.38677354709 5.0520619911e-13
3.40681362725 4.95973087378e-13
3.42685370741 4.86382309916e-13
3.44689378758 4.76727626558e-13
3.46693386774 4.6718838184e-13
3.4869739479 4.57918862077e-13
3.50701402806 4.48999396452e-13
3.52705410822 4.4018468556e-13
3.54709418838 4.31407020039e-13
3.56713426854 4.21752091252e-13
3.5871743487 4.12208314349e-13
3.60721442886 4.02773753131e-13
3.62725450902 3.93888414672e-13
3.64729458918 3.85263860488e-13
3.66733466934 3.76736352094e-13
3.6873747495 3.68580898276e-13
3.70741482966 3.60923948792e-13
3.72745490982 3.53351763305e-13
3.74749498998 3.45885111864e-13
3.76753507014 3.38780394101e-13
3.7875751503 3.31753029131e-13
3.80761523046 3.24801741585e-13
3.82765531062 3.17006537493e-13
3.84769539078 3.08978742795e-13
3.86773547094 3.01036234364e-13
3.8877755511 2.93623031504e-13
3.90781563126 2.86916904832e-13
3.92785571142 2.80280978129e-13
3.94789579158 2.73760274946e-13
3.96793587174 2.67811895398e-13
3.9879759519 2.61924845314e-13
4.00801603206 2.56098167201e-13
4.02805611222 2.49783532433e-13
4.04809619238 2.43354688381e-13
4.06813627255 2.369906452e-13
4.08817635271 2.31111397304e-13
4.10821643287 2.25860911822e-13
4.12825651303 2.20662626099e-13
4.14829659319 2.1549666623e-13
4.16833667335 2.10197772437e-13
4.18837675351 2.0495073055e-13
4.20841683367 1.99754772739e-13
4.22845691383 1.94968377006e-13
4.24849699399 1.90338709604e-13
4.26853707415 1.85753484408e-13
4.28857715431 1.81102214786e-13
4.30861723447 1.76352512891e-13
4.32865731463 1.71647706808e-13
4.34869739479 1.67038548046e-13
4.36873747495 1.62913166514e-13
4.38877755511 1.58826254393e-13
4.40881763527 1.54777268625e-13
4.42885771543 1.51045720286e-13
4.44889779559 1.47429830298e-13
4.46893787575 1.43847046994e-13
4.48897795591 1.40267075366e-13
4.50901803607 1.36682410977e-13
4.52905811623 1.33130097964e-13
4.54909819639 1.29627126907e-13
4.56913827655 1.26289888803e-13
4.58917835671 1.22982362571e-13
4.60921843687 1.19704147745e-13
4.62925851703 1.16490780143e-13
4.64929859719 1.13315460531e-13
4.66933867735 1.10167900073e-13
4.68937875752 1.07211941434e-13
4.70941883768 1.04477782755e-13
4.72945891784 1.01767230723e-13
4.749498998 9.90528238681e-14
4.76953907816 9.61718415692e-14
4.78957915832 9.33153858367e-14
4.80961923848 9.04831407417e-14
4.82965931864 8.79359450393e-14
4.8496993988 8.54773082955e-14
4.86973947896 8.3039259499e-14
4.88977955912 8.06744191723e-14
4.90981963928 7.83898264971e-14
4.92985971944 7.61241250695e-14
4.9498997996 7.39068942958e-14
4.96993987976 7.18980668653e-14
4.98997995992 6.99056529943e-14
5.01002004008 6.79659274654e-14
5.03006012024 6.60756333139e-14
5.0501002004 6.42005940662e-14
5.07014028056 6.24383484032e-14
5.09018036072 6.06922188172e-14
5.11022044088 5.89600115584e-14
5.13026052104 5.7241558432e-14
5.1503006012 5.55366939853e-14
5.17034068136 5.39654038232e-14
5.19038076152 5.24141649053e-14
5.21042084168 5.08750504203e-14
5.23046092184 4.93479167696e-14
5.250501002 4.7832622651e-14
5.27054108216 4.6465999248e-14
5.29058116232 4.51252232788e-14
5.31062124248 4.37947264225e-14
5.33066132265 4.24743892193e-14
5.35070140281 4.11640940854e-14
5.37074148297 3.99012713341e-14
5.39078156313 3.86541398516e-14
5.41082164329 3.74163846604e-14
5.43086172345 3.61878989418e-14
5.45090180361 3.49685775215e-14
5.47094188377 3.38775229792e-14
5.49098196393 3.28209400469e-14
5.51102204409 3.17721558416e-14
5.53106212425 3.0731083088e-14
5.55110220441 2.96976358325e-14
5.57114228457 2.87151455072e-14
5.59118236473 2.77521607987e-14
5.61122244489 2.67961526559e-14
5.63126252505 2.58470444621e-14
5.65130260521 2.49047607391e-14
5.67134268537 2.40482062237e-14
5.69138276553 2.32258011896e-14
5.71142284569 2.24092490933e-14
5.73146292585 2.15984867608e-14
5.75150300601 2.0793451942e-14
5.77154308617 2.0022678146e-14
5.79158316633 1.92697009412e-14
5.81162324649 1.85219868872e-14
5.83166332665 1.77794802054e-14
5.85170340681 1.7042125918e-14
5.87174348697 1.63448144272e-14
5.89178356713 1.56705253393e-14
5.91182364729 1.50008674778e-14
5.93186372745 1.43357926155e-14
5.95190380762 1.36752532063e-14
5.97194388778 1.30837188338e-14
5.99198396794 1.25362485444e-14
6.0120240481 1.19924768467e-14
6.03206412826 1.14523658153e-14
6.05210420842 1.09158780532e-14
6.07214428858 1.04097335974e-14
6.09218436874 9.92661232668e-15
6.1122244489 9.44670040161e-15
6.13226452906 8.96996545893e-15
6.15230460922 8.49637557899e-15
6.17234468938 8.04142555218e-15
6.19238476954 7.60288837359e-15
6.2124248497 7.16721592475e-15
6.23246492986 6.73437980407e-15
6.25250501002 6.30435199271e-15
6.27254509018 5.90979860557e-15
6.29258517034 5.55104173397e-15
6.3126252505 5.19459182674e-15
6.33266533066 4.84042634502e-15
6.35270541082 4.48852304993e-15
6.37274549098 4.16139511447e-15
6.39278557114 3.863298745e-15
6.4128256513 3.56708963506e-15
6.43286573146 3.27274961404e-15
6.45290581162 2.98026075015e-15
6.47294589178 2.72301933309e-15
6.49298597194 2.51450411408e-15
6.5130260521 2.30729096354e-15
6.53306613226 2.10136746916e-15
6.55310621242 1.89672138127e-15
6.57314629259 1.71661339753e-15
6.59318637275 1.57649880805e-15
6.61322645291 1.43724823148e-15
6.63326653307 1.29885348775e-15
6.65330661323 1.16130650427e-15
6.67334669339 1.02922045577e-15
6.69338677355 9.0715371471e-16
6.71342685371 7.85828329617e-16
6.73346693387 6.65237384084e-16
6.75350701403 5.45374051395e-16
6.77354709419 4.38733043253e-16
6.79358717435 3.62820365025e-16
6.81362725451 2.87364149335e-16
6.83366733467 2.12360137727e-16
6.85370741483 1.37804127871e-16
6.87374749499 7.9022486628e-17
6.89378757515 6.58385031089e-17
6.91382765531 5.273808377e-17
6.93386773547 3.97203140226e-17
6.95390781563 2.67842949567e-17
6.97394789579 1.63157526832e-17
6.99398797595 1.47525990658e-17
7.01402805611 1.32042550165e-17
7.03406813627 1.16704340766e-17
7.05410821643 1.01508574009e-17
7.07414829659 8.79424409889e-18
7.09418837675 8.16709838353e-18
7.11422845691 7.5485123337e-18
7.13426853707 6.9382768288e-18
7.15430861723 6.3361888281e-18
7.17434869739 5.79616680069e-18
7.19438877756 5.62056868556e-18
7.21442885772 5.45025251296e-18
7.23446893788 5.28505690173e-18
7.25450901804 5.12482545998e-18
7.2745490982 4.96954869521e-18
7.29458917836 4.82035339295e-18
7.31462925852 4.67567291383e-18
7.33466933868 4.53536938007e-18
7.35470941884 4.39930916927e-18
7.374749499 4.26736278143e-18
7.39478957916 4.1394047102e-18
7.41482965932 4.01531331825e-18
7.43486973948 3.8949707165e-18
7.45490981964 3.77826264728e-18
7.4749498998 3.6650783711e-18
7.49498997996 3.55531055703e-18
7.51503006012 3.44885517653e-18
7.53507014028 3.34561140068e-18
7.55511022044 3.24548150059e-18
7.5751503006 3.14837075095e-18
7.59519038076 3.05418733672e-18
7.61523046092 2.96284226263e-18
7.63527054108 2.87424926559e-18
7.65531062124 2.7883247299e-18
7.6753507014 2.70498760504e-18
7.69539078156 2.62415932611e-18
7.71543086172 2.54576373673e-18
7.73547094188 2.46972701441e-18
7.75551102204 2.39597759819e-18
7.7755511022 2.32444611866e-18
7.79559118236 2.25506533005e-18
7.81563126253 2.18777004452e-18
7.83567134269 2.12249706854e-18
7.85571142285 2.05918514116e-18
7.87575150301 1.99777487433e-18
7.89579158317 1.938208695e-18
7.91583166333 1.88043078907e-18
7.93587174349 1.82438704707e-18
7.95591182365 1.7700250116e-18
7.97595190381 1.71729382629e-18
7.99599198397 1.66614418651e-18
8.01603206413 1.61652829147e-18
8.03607214429 1.56839979792e-18
8.05611222445 1.52171377522e-18
8.07615230461 1.47642666189e-18
8.09619238477 1.43249622343e-18
8.11623246493 1.38988151149e-18
8.13627254509 1.34854282435e-18
8.15631262525 1.30844166855e-18
8.17635270541 1.26954072178e-18
8.19639278557 1.23180379688e-18
8.21643286573 1.19519580699e-18
8.23647294589 1.15968273177e-18
8.25651302605 1.12523158467e-18
8.27655310621 1.09181038118e-18
8.29659318637 1.05938810817e-18
8.31663326653 1.02793469403e-18
8.33667334669 9.97420979864e-19
8.35671342685 9.67818691511e-19
8.37675350701 9.39100412455e-19
8.39679358717 9.11239557561e-19
8.41683366733 8.84210347636e-19
8.43687374749 8.57987784765e-19
8.45691382766 8.32547628422e-19
8.47695390782 8.07866372308e-19
8.49699398798 7.83921221913e-19
8.51703406814 7.60690072764e-19
8.5370741483 7.38151489352e-19
8.55711422846 7.16284684705e-19
8.57715430862 6.95069500587e-19
8.59719438878 6.74486388319e-19
8.61723446894 6.5451639018e-19
8.6372745491 6.35141121385e-19
8.65731462926 6.16342752623e-19
8.67735470942 5.98103993125e-19
8.69739478958 5.80408074255e-19
8.71743486974 5.63238733612e-19
8.7374749499 5.46580199613e-19
8.75751503006 5.30417176555e-19
8.77755511022 5.14734830133e-19
8.79759519038 4.99518773406e-19
8.81763527054 4.84755053191e-19
8.8376753507 4.70430136878e-19
8.85771543086 4.56530899646e-19
8.87775551102 4.43044612076e-19
8.89779559118 4.29958928138e-19
8.91783567134 4.1726187355e-19
8.9378757515 4.04941834494e-19
8.95791583166 3.92987546679e-19
8.97795591182 3.81388084731e-19
8.99799599198 3.70132851921e-19
9.01803607214 3.59211570194e-19
9.0380761523 3.48614270512e-19
9.05811623246 3.38331283492e-19
9.07815631263 3.28353230323e-19
9.09819639279 3.18671013968e-19
9.11823647295 3.09275810634e-19
9.13827655311 3.00159061498e-19
9.15831663327 2.9131246469e-19
9.17835671343 2.82727967522e-19
9.19839679359 2.74397758945e-19
9.21843687375 2.66314262251e-19
9.23847695391 2.58470127982e-19
9.25851703407 2.50858227066e-19
9.27855711423 2.4347164416e-19
9.29859719439 2.36303671192e-19
9.31863727455 2.29347801101e-19
9.33867735471 2.22597721775e-19
9.35871743487 2.1604731016e-19
9.37875751503 2.09690626561e-19
9.39879759519 2.03521909108e-19
9.41883767535 1.97535568396e-19
9.43887775551 1.91726182284e-19
9.45891783567 1.86088490853e-19
9.47895791583 1.80617391519e-19
9.49899799599 1.75307934292e-19
9.51903807615 1.70155317181e-19
9.53907815631 1.65154881739e-19
9.55911823647 1.60302108738e-19
9.57915831663 1.55592613982e-19
9.59919839679 1.51022144246e-19
9.61923847695 1.4658657333e-19
9.63927855711 1.42281898248e-19
9.65931863727 1.38104235513e-19
9.67935871743 1.34049817555e-19
9.6993987976 1.30114989231e-19
9.71943887776 1.2629620445e-19
9.73947895792 1.22590022895e-19
9.75951903808 1.1899310685e-19
9.77955911824 1.15502218118e-19
9.7995991984 1.12114215033e-19
9.81963927856 1.08826049564e-19
9.83967935872 1.05634764508e-19
9.85971943888 1.0253749076e-19
9.87975951904 9.95314446782e-20
9.8997995992 0.0
9.91983967936 0.0
9.93987975952 0.0
9.95991983968 0.0
9.97995991984 0.0
10.0 0.0
