0.0 0.0
0.0200400801603 0.0
0.0400801603206 0.0
0.060120240481 0.0
0.0801603206413 0.0
0.100200400802 0.0
0.120240480962 0.0
0.140280561122 0.0
0.160320641283 0.0
0.180360721443 0.0
0.200400801603 0.0
0.220440881764 0.0
0.240480961924 0.0
0.260521042084 0.0
0.280561122244 0.0
0.300601202405 0.0
0.320641282565 0.0
0.340681362725 0.0
0.360721442886 0.0
0.380761523046 0.0
0.400801603206 0.0
0.420841683367 0.0
0.440881763527 0.0
0.460921843687 1.36707381819e-11
0.480961923848 9.3999404659e-12
0.501002004008 7.84678776258e-12
0.521042084168 7.01398814945e-12
0.541082164329 6.48160520675e-12
0.561122244489 6.11140039662e-12
0.581162324649 5.84038361764e-12
0.60120240481 5.63188111034e-12
0.62124248497 5.46348602941e-12
0.64128256513 5.32567557967e-12
0.661322645291 5.21345251543e-12
0.681362725451 5.11589050539e-12
0.701402805611 5.0142244223e-12
0.721442885772 4.92633713827e-12
0.741482965932 4.84660228554e-12
0.761523046092 4.76990297404e-12
0.781563126253 4.70110894644e-12
0.801603206413 4.64182936169e-12
0.821643286573 4.57253225228e-12
0.841683366733 4.49755528208e-12
0.861723446894 4.4280585477e-12
0.881763527054 4.35311656714e-12
0.901803607214 4.25834783365e-12
0.921843687375 4.16987311265e-12
0.941883767535 4.08598857156e-12
0.961923847695 3.99375631457e-12
0.981963927856 3.90587324577e-12
1.00200400802 3.8248158614e-12
1.02204408818 3.75531725822e-12
1.04208416834 3.69340701278e-12
1.0621242485 3.63354587415e-12
1.08216432866 3.57225039028e-12
1.10220440882 3.51012563107e-12
1.12224448898 3.45091102764e-12
1.14228456914 3.3983222234e-12
1.1623246493 3.33413342855e-12
1.18236472946 3.27177790181e-12
1.20240480962 3.21196671118e-12
1.22244488978 3.15350776015e-12
1.24248496994 3.09670601535e-12
1.2625250501 3.04191345824e-12
1.28256513026 2.98941803619e-12
1.30260521042 2.94062024692e-12
1.32264529058 2.89359719141e-12
1.34268537074 2.84817554078e-12
1.3627254509 2.808955557e-12
1.38276553106 2.77133118889e-12
1.40280561122 2.7343337626e-12
1.42284569138 2.69477383876e-12
1.44288577154 2.65442844276e-12
1.4629258517 2.61521953883e-12
1.48296593186 2.57736811169e-12
1.50300601202 2.54180890858e-12
1.52304609218 2.50732171061e-12
1.54308617234 2.47575406978e-12
1.56312625251 2.43967694987e-12
1.58316633267 2.40440154593e-12
1.60320641283 2.37013128978e-12
1.62324649299 2.33692101346e-12
1.64328657315 2.30467720069e-12
1.66332665331 2.27307362046e-12
1.68336673347 2.24306496362e-12
1.70340681363 2.2167429251e-12
1.72344689379 2.19110147054e-12
1.74348697395 2.16596792178e-12
1.76352705411 2.1288987776e-12
1.78356713427 2.09235027066e-12
1.80360721443 2.05669939948e-12
1.82364729459 2.02592827426e-12
1.84368737475 1.9981215701e-12
1.86372745491 1.97096501884e-12
1.88376753507 1.94788981512e-12
1.90380761523 1.93294985393e-12
1.92384769539 1.91835203449e-12
1.94388777555 1.90408447117e-12
1.96392785571 1.87698248064e-12
1.98396793587 1.85020288199e-12
2.00400801603 1.82146188651e-12
2.02404809619 1.79919555918e-12
2.04408817635 1.77501416476e-12
2.06412825651 1.75135349376e-12
2.08416833667 1.72828782762e-12
2.10420841683 1.70589962726e-12
2.12424849699 1.68397810814e-12
2.14428857715 1.66250862226e-12
2.16432865731 1.64061376556e-12
2.18436873747 1.6191516286e-12
2.20440881764 1.59811732982e-12
2.2244488978 1.57494526945e-12
2.24448897796 1.55092305066e-12
2.26452905812 1.52736169497e-12
2.28456913828 1.50385920249e-12
2.30460921844 1.4800184144e-12
2.3246492986 1.45662076665e-12
2.34468937876 1.43365678101e-12
2.36472945892 1.4155254543e-12
2.38476953908 1.39772438869e-12
2.40480961924 1.38024450343e-12
2.4248496994 1.36261076252e-12
2.44488977956 1.34506201145e-12
2.46492985972 1.32782065055e-12
2.48496993988 1.30872639271e-12
2.50501002004 1.28583227534e-12
2.5250501002 1.26332429587e-12
2.54509018036 1.24128762442e-12
2.56513026052 1.22809007224e-12
2.58517034068 1.21511319799e-12
2.60521042084 1.20235142385e-12
2.625250501 1.18527843331e-12
2.64529058116 1.16638031585e-12
2.66533066132 1.14778300368e-12
2.68537074148 1.12962072334e-12
2.70541082164 1.11200217163e-12
2.7254509018 1.09465736968e-12
2.74549098196 1.0776321145e-12
2.76553106212 1.06324514197e-12
2.78557114228 1.04907733917e-12
2.80561122244 1.03512365398e-12
2.82565130261 1.01605556885e-12
2.84569138277 9.94910362524e-13
2.86573146293 9.7407403526e-13
2.88577154309 9.56256323548e-13
2.90581162325 9.43458686264e-13
2.92585170341 9.30845698509e-13
2.94589178357 9.18301689272e-13
2.96593186373 9.02546237551e-13
2.98597194389 8.87011736036e-13
3.00601202405 8.71693497713e-13
3.02605210421 8.56351612264e-13
3.04609218437 8.41120834283e-13
3.06613226453 8.26097464344e-13
3.08617234469 8.11587790679e-13
3.10621242485 7.97794066992e-13
3.12625250501 7.84184453581e-13
3.14629258517 7.7080687969e-13
3.16633266533 7.58775665403e-13
3.18637274549 7.46902036048e-13
3.20641282565 7.35182867349e-13
3.22645290581 7.21337996096e-13
3.24649298597 7.06755478117e-13
3.26653306613 6.92358084526e-13
3.28657314629 6.77617916212e-13
3.30661322645 6.62220101674e-13
3.32665330661 6.47013710624e-13
3.34669338677 6.32175673558e-13
3.36673346693 6.20768421749e-13
3.38677354709 6.09500799966e-13
3.40681362725 5.98370222475e-13
3.42685370741 5.86807173006e-13
3.44689378758 5.75166357005e-13
3.46693386774 5.63664336565e-13
3.4869739479 5.52487419415e-13
3.50701402806 5.41732617371e-13
3.52705410822 5.31103773428e-13
3.54709418838 5.20519152681e-13
3.56713426854 5.08874817861e-13
3.5871743487 4.97364213813e-13
3.60721442886 4.85985019535e-13
3.62725450902 4.75268527815e-13
3.64729458918 4.64866488154e-13
3.66733466934 4.54581213526e-13
3.6873747495 4.44744773338e-13
3.70741482966 4.35509863331e-13
3.72745490982 4.26376933423e-13
3.74749498998 4.17371074974e-13
3.76753507014 4.08801888332e-13
3.7875751503 4.00325771348e-13
3.80761523046 3.91941195465e-13
3.82765531062 3.82537325892e-13
3.84769539078 3.72852313861e-13
3.86773547094 3.63269989228e-13
3.8877755511 3.54326495269e-13
3.90781563126 3.46236494498e-13
3.92785571142 3.38230998055e-13
3.94789579158 3.3036437895e-13
3.96793587174 3.23188577064e-13
3.9879759519 3.16086596285e-13
4.00801603206 3.09057288355e-13
4.02805611222 3.01438571948e-13
4.04809619238 2.9368174002e-13
4.06813627255 2.86002948356e-13
4.08817635271 2.78909335534e-13
4.10821643287 2.72574746843e-13
4.12825651303 2.66303006082e-13
4.14829659319 2.60070122081e-13
4.16833667335 2.53676552993e-13
4.18837675351 2.47345428918e-13
4.20841683367 2.41075828242e-13
4.22845691383 2.35300612464e-13
4.24849699399 2.29714495441e-13
4.26853707415 2.24181898656e-13
4.28857715431 2.18569415642e-13
4.30861723447 2.12837942571e-13
4.32865731463 2.07160550575e-13
4.34869739479 2.01598525992e-13
4.36873747495 1.96620537335e-13
4.38877755511 1.91688883719e-13
4.40881763527 1.8680291325e-13
4.42885771543 1.82300138398e-13
4.44889779559 1.77936915954e-13
4.46893787575 1.7361356858e-13
4.48897795591 1.69293518356e-13
4.50901803607 1.64967706763e-13
4.52905811623 1.60680867684e-13
4.54909819639 1.56453520317e-13
4.56913827655 1.52426210386e-13
4.58917835671 1.48434694816e-13
4.60921843687 1.44478492741e-13
4.62925851703 1.40600516587e-13
4.64929859719 1.36768408659e-13
4.66933867735 1.32969747542e-13
4.68937875752 1.29402377596e-13
4.70941883768 1.26102766272e-13
4.72945891784 1.22831595145e-13
4.749498998 1.19555706173e-13
4.76953907816 1.16078613516e-13
4.78957915832 1.12631077547e-13
4.80961923848 1.09212718697e-13
4.82965931864 1.06138506643e-13
4.8496993988 1.03171177767e-13
4.86973947896 1.00228657545e-13
4.88977955912 9.73744880837e-14
4.90981963928 9.46171711117e-14
4.92985971944 9.1882619016e-14
4.9498997996 8.92065511631e-14
4.96993987976 8.67820919354e-14
4.98997995992 8.43774104451e-14
5.01002004008 8.2036310836e-14
5.03006012024 7.97548616248e-14
5.0501002004 7.74917950583e-14
5.07014028056 7.53648932511e-14
5.09018036072 7.32574165313e-14
5.11022044088 7.11667170111e-14
5.13026052104 6.90925926828e-14
5.1503006012 6.70348448146e-14
5.17034068136 6.5138361164e-14
5.19038076152 6.32660599518e-14
5.21042084168 6.14083702401e-14
5.23046092184 5.95651195504e-14
5.250501002 5.77361381474e-14
5.27054108216 5.60866557726e-14
5.29058116232 5.44683596754e-14
5.31062124248 5.28624513283e-14
5.33066132265 5.12687872555e-14
5.35070140281 4.96872262218e-14
5.37074148297 4.81629676239e-14
5.39078156313 4.66576351992e-14
5.41082164329 4.51636040329e-14
5.43086172345 4.36807457949e-14
5.45090180361 4.22089341205e-14
5.47094188377 4.08919913854e-14
5.49098196393 3.96166563297e-14
5.51102204409 3.83507208303e-14
5.53106212425 3.70940800533e-14
5.55110220441 3.58466307428e-14
5.57114228457 3.46606982274e-14
5.59118236473 3.3498304085e-14
5.61122244489 3.2344319372e-14
5.63126252505 3.11986520403e-14
5.65130260521 3.00612114018e-14
5.67134268537 2.90272794425e-14
5.69138276553 2.80345715172e-14
5.71142284569 2.70489185155e-14
5.73146292585 2.60702445489e-14
5.75150300601 2.50984748318e-14
5.77154308617 2.41680655064e-14
5.79158316633 2.32591352733e-14
5.81162324649 2.23565496747e-14
5.83166332665 2.1460241692e-14
5.85170340681 2.05701452634e-14
5.87174348697 1.97283928673e-14
5.89178356713 1.89144317561e-14
5.91182364729 1.81060538345e-14
5.93186372745 1.73032011516e-14
5.95190380762 1.65058165699e-14
5.97194388778 1.57917512489e-14
5.99198396794 1.51308878373e-14
6.0120240481 1.44744828518e-14
6.03206412826 1.3822490737e-14
6.05210420842 1.31748665673e-14
6.07214428858 1.25638766851e-14
6.09218436874 1.19806818411e-14
6.1122244489 1.1401355807e-14
6.13226452906 1.0825859707e-14
6.15230460922 1.02541551946e-14
6.17234468938 9.70495342761e-15
6.19238476954 9.17556535991e-15
6.2124248497 8.64963094534e-15
6.23246492986 8.12711606144e-15
6.25250501002 7.60798704256e-15
6.27254509018 7.13169058099e-15
6.29258517034 6.69861582576e-15
6.3126252505 6.2683220609e-15
6.33266533066 5.84078221674e-15
6.35270541082 5.41596958131e-15
6.37274549098 5.02107051103e-15
6.39278557114 4.66122483485e-15
6.4128256513 4.30365406064e-15
6.43286573146 3.9483363712e-15
6.45290581162 3.59525023388e-15
6.47294589178 3.28472417134e-15
6.49298597194 3.03303489804e-15
6.5130260521 2.78291451813e-15
6.53306613226 2.5343481483e-15
6.55310621242 2.2873210983e-15
6.57314629259 2.06992246694e-15
6.59318637275 1.90081578016e-15
6.61322645291 1.73274954479e-15
6.63326653307 1.56571397181e-15
6.65330661323 1.3996993992e-15
6.67334669339 1.24027666633e-15
6.69338677355 1.09295043887e-15
6.71342685371 9.46516973577e-16
6.73346693387 8.00967994165e-16
6.75350701403 6.56295330322e-16
6.77354709419 5.27587380825e-16
6.79358717435 4.35984084964e-16
6.81362725451 3.44929906154e-16
6.83366733467 2.54419766116e-16
6.85370741483 1.64448652357e-16
6.87374749499 9.35244209973e-17
6.89378757515 7.7661127878e-17
6.91382765531 6.1896989057e-17
6.93386773547 4.62309540307e-17
6.95390781563 3.06619895523e-17
6.97394789579 1.80711024939e-17
6.99398797595 1.62326428632e-17
7.01402805611 1.44105713306e-17
7.03406813627 1.26045878859e-17
7.05410821643 1.08144002866e-17
7.07414829659 9.21964216394e-18
7.09418837675 8.50445591095e-18
7.11422845691 7.79832675452e-18
7.13426853707 7.10104137123e-18
7.15430861723 6.41239256452e-18
7.17434869739 5.7975282061e-18
7.19438877756 5.62160658265e-18
7.21442885772 5.45096843108e-18
7.23446893788 5.28545236667e-18
7.25450901804 5.12490199368e-18
7.2745490982 4.96933730639e-18
7.29458917836 4.82014947973e-18
7.31462925852 4.67547620733e-18
7.33466933868 4.53517962128e-18
7.35470941884 4.39912610865e-18
7.374749499 4.26718617856e-18
7.39478957916 4.13923433346e-18
7.41482965932 4.01514894446e-18
7.43486973948 3.89481213066e-18
7.45490981964 3.77810964221e-18
7.4749498998 3.66493074717e-18
7.49498997996 3.55516812188e-18
7.51503006012 3.44871774481e-18
7.53507014028 3.34547879377e-18
7.55511022044 3.24535354636e-18
7.5751503006 3.14824728352e-18
7.59519038076 3.05406819623e-18
7.61523046092 2.96272729501e-18
7.63527054108 2.87413832236e-18
7.65531062124 2.78821766796e-18
7.6753507014 2.70488428645e-18
7.69539078156 2.62405961793e-18
7.71543086172 2.54566751082e-18
7.73547094188 2.46963414725e-18
7.75551102204 2.39588797073e-18
7.7755511022 2.32435961612e-18
7.79559118236 2.2549818418e-18
7.81563126253 2.18768946391e-18
7.83567134269 2.12241929275e-18
7.85571142285 2.05911007109e-18
7.87575150301 1.99770241441e-18
7.89579158317 1.93813875311e-18
7.91583166333 1.88036327639e-18
7.93587174349 1.82432187796e-18
7.95591182365 1.76996210349e-18
7.97595190381 1.71723309958e-18
7.99599198397 1.66608556443e-18
8.01603206413 1.6164717e-18
8.03607214429 1.56834516569e-18
8.05611222445 1.52166103341e-18
8.07615230461 1.47637574413e-18
8.09619238477 1.43244706571e-18
8.11623246493 1.38983405211e-18
8.13627254509 1.34849700378e-18
8.15631262525 1.30839742938e-18
8.17635270541 1.26949800866e-18
8.19639278557 1.23176255641e-18
8.21643286573 1.19515598768e-18
8.23647294589 1.15964428396e-18
8.25651302605 1.12519446045e-18
8.27655310621 1.09177453436e-18
8.29659318637 1.05935349416e-18
8.31663326653 1.02790126985e-18
8.33667334669 9.97388704051e-19
8.35671342685 9.67787524064e-19
8.37675350701 9.39070314787e-19
8.39679358717 9.11210492451e-19
8.41683366733 8.84182279175e-19
8.43687374749 8.57960678314e-19
8.45691382766 8.32521450562e-19
8.47695390782 8.07841090799e-19
8.49699398798 7.8389680565e-19
8.51703406814 7.60666491738e-19
8.5370741483 7.38128714609e-19
8.55711422846 7.1626268831e-19
8.57715430862 6.95048255587e-19
8.59719438878 6.74465868708e-19
8.61723446894 6.54496570864e-19
8.6372745491 6.35121978151e-19
8.65731462926 6.16324262108e-19
8.67735470942 5.98086132783e-19
8.69739478958 5.80390822332e-19
8.71743486974 5.63222069114e-19
8.7374749499 5.46564102281e-19
8.75751503006 5.30401626839e-19
8.77755511022 5.14719809165e-19
8.79759519038 4.99504262978e-19
8.81763527054 4.84741035731e-19
8.8376753507 4.70416595426e-19
8.85771543086 4.56517817836e-19
8.87775551102 4.43031974109e-19
8.89779559118 4.29946718767e-19
8.91783567134 4.1725007806e-19
8.9378757515 4.04930438681e-19
8.95791583166 3.92976536832e-19
8.97795591182 3.81377447618e-19
8.99799599198 3.70122574767e-19
9.01803607214 3.5920164067e-19
9.0380761523 3.48604676717e-19
9.05811623246 3.38322013936e-19
9.07815631263 3.28344273915e-19
9.09819639279 3.18662360002e-19
9.11823647295 3.09267448774e-19
9.13827655311 3.00150981767e-19
9.15831663327 2.91304657456e-19
9.17835671343 2.82720423484e-19
9.19839679359 2.74390469127e-19
9.21843687375 2.66307217984e-19
9.23847695391 2.58463320898e-19
9.25851703407 2.50851649086e-19
9.27855711423 2.43465287482e-19
9.29859719439 2.36297528284e-19
9.31863727455 2.29341864693e-19
9.33867735471 2.22591984843e-19
9.35871743487 2.16041765924e-19
9.37875751503 2.09685268475e-19
9.39879759519 2.03516730851e-19
9.41883767535 1.97530563863e-19
9.43887775551 1.91721345581e-19
9.45891783567 1.86083816288e-19
9.47895791583 1.80612873596e-19
9.49899799599 1.75303567703e-19
9.51903807615 1.701510968e-19
9.53907815631 1.65150802616e-19
9.55911823647 1.60298166092e-19
9.57915831663 1.55588803196e-19
9.59919839679 1.51018460862e-19
9.61923847695 1.46583013042e-19
9.63927855711 1.42278456896e-19
9.65931863727 1.38100909082e-19
9.67935871743 1.34046602165e-19
9.6993987976 1.30111881134e-19
9.71943887776 1.26293200027e-19
9.73947895792 1.22587118652e-19
9.75951903808 1.1899029941e-19
9.77955911824 1.1549950422e-19
9.7995991984 1.12111591526e-19
9.81963927856 1.08823513407e-19
9.83967935872 1.05632312761e-19
9.85971943888 1.02535120584e-19
9.87975951904 9.95291533307e-20
9.8997995992 0.0
9.91983967936 0.0
9.93987975952 0.0
9.95991983968 0.0
9.97995991984 0.0
10.0 0.0
