0.0 0.0
0.0200400801603 0.0
0.0400801603206 0.0
0.060120240481 0.0
0.0801603206413 0.0
0.100200400802 0.0
0.120240480962 0.0
0.140280561122 0.0
0.160320641283 0.0
0.180360721443 0.0
0.200400801603 0.0
0.220440881764 0.0
0.240480961924 0.0
0.260521042084 0.0
0.280561122244 0.0
0.300601202405 2.21613409219e-10
0.320641282565 6.92261569769e-11
0.340681362725 5.73236678523e-11
0.360721442886 5.21289353854e-11
0.380761523046 4.94452680433e-11
0.400801603206 4.79325389021e-11
0.420841683367 4.70686135353e-11
0.440881763527 4.65821952108e-11
0.460921843687 4.63127540384e-11
0.480961923848 4.61532968609e-11
0.501002004008 4.60001742436e-11
0.521042084168 4.59248196667e-11
0.541082164329 4.58994981491e-11
0.561122244489 4.58975543307e-11
0.581162324649 4.59251531362e-11
0.60120240481 4.59742168052e-11
0.62124248497 4.60098340309e-11
0.64128256513 4.60399237591e-11
0.661322645291 4.60838115417e-11
0.681362725451 4.60763321971e-11
0.701402805611 4.58949858629e-11
0.721442885772 4.57357173446e-11
0.741482965932 4.55926699461e-11
0.761523046092 4.54036812837e-11
0.781563126253 4.52272906078e-11
0.801603206413 4.50690848981e-11
0.821643286573 4.47470942115e-11
0.841683366733 4.43251461549e-11
0.861723446894 4.39290217817e-11
0.881763527054 4.34609785876e-11
0.901803607214 4.27555525606e-11
0.921843687375 4.20873556894e-11
0.941883767535 4.14524271437e-11
0.961923847695 4.07071886117e-11
0.981963927856 3.99868861211e-11
1.00200400802 3.93018942066e-11
1.02204408818 3.87124859347e-11
1.04208416834 3.81909411447e-11
1.0621242485 3.76910577576e-11
1.08216432866 3.71942896133e-11
1.10220440882 3.66772348733e-11
1.12224448898 3.61811056104e-11
1.14228456914 3.57083664103e-11
1.1623246493 3.51006426589e-11
1.18236472946 3.45058789655e-11
1.20240480962 3.39329337012e-11
1.22244488978 3.33692157779e-11
1.24248496994 3.28182183733e-11
1.2625250501 3.22861349804e-11
1.28256513026 3.17792414095e-11
1.30260521042 3.13084632336e-11
1.32264529058 3.08531602928e-11
1.34268537074 3.04124933802e-11
1.3627254509 3.00365381197e-11
1.38276553106 2.9675048099e-11
1.40280561122 2.93240754227e-11
1.42284569138 2.89458248942e-11
1.44288577154 2.85560633681e-11
1.4629258517 2.81775682767e-11
1.48296593186 2.78148225013e-11
1.50300601202 2.74748951386e-11
1.52304609218 2.71444835908e-11
1.54308617234 2.682503807e-11
1.56312625251 2.64535435678e-11
1.58316633267 2.60894317878e-11
1.60320641283 2.57349258687e-11
1.62324649299 2.53907875641e-11
1.64328657315 2.50561401554e-11
1.66332665331 2.47297375113e-11
1.68336673347 2.44249610956e-11
1.70340681363 2.41599615508e-11
1.72344689379 2.39014267685e-11
1.74348697395 2.36489766546e-11
1.76352705411 2.32626802632e-11
1.78356713427 2.28810836664e-11
1.80360721443 2.25083075059e-11
1.82364729459 2.21888356e-11
1.84368737475 2.19015138113e-11
1.86372745491 2.16206070634e-11
1.88376753507 2.13844398241e-11
1.90380761523 2.12383377494e-11
1.92384769539 2.10954160056e-11
1.94388777555 2.0955570736e-11
1.96392785571 2.06717556447e-11
1.98396793587 2.03908916826e-11
2.00400801603 2.01133231417e-11
2.02404809619 1.98525683732e-11
2.04408817635 1.95975890976e-11
2.06412825651 1.9347728568e-11
2.08416833667 1.91038528736e-11
2.10420841683 1.886691875e-11
2.12424849699 1.86345988048e-11
2.14428857715 1.84067583204e-11
2.16432865731 1.81735964766e-11
2.18436873747 1.7944747406e-11
2.20440881764 1.77201815724e-11
2.2244488978 1.74711642752e-11
2.24448897796 1.72121364571e-11
2.26452905812 1.69578132903e-11
2.28456913828 1.67037074831e-11
2.30460921844 1.6445381575e-11
2.3246492986 1.61916182541e-11
2.34468937876 1.59423299584e-11
2.36472945892 1.57469107987e-11
2.38476953908 1.55548578518e-11
2.40480961924 1.53660842143e-11
2.4248496994 1.51752695205e-11
2.44488977956 1.49851075955e-11
2.46492985972 1.47981087191e-11
2.48496993988 1.45900138605e-11
2.50501002004 1.43389461912e-11
2.5250501002 1.40919423165e-11
2.54509018036 1.3849971649e-11
2.56513026052 1.37071150901e-11
2.58517034068 1.35665225076e-11
2.60521042084 1.34281401352e-11
2.625250501 1.3241072728e-11
2.64529058116 1.30332719057e-11
2.66533066132 1.2828652095e-11
2.68537074148 1.26287318766e-11
2.70541082164 1.24347429352e-11
2.7254509018 1.22436559536e-11
2.74549098196 1.20559936928e-11
2.76553106212 1.18978616491e-11
2.78557114228 1.17420441451e-11
2.80561122244 1.15884904234e-11
2.82565130261 1.13772130419e-11
2.84569138277 1.11423995227e-11
2.86573146293 1.09109171585e-11
2.88577154309 1.07132895954e-11
2.90581162325 1.05720741493e-11
2.92585170341 1.04328231332e-11
2.94589178357 1.02942379747e-11
2.96593186373 1.01193644594e-11
2.98597194389 9.94687055434e-12
3.00601202405 9.77670775465e-12
3.02605210421 9.60617660836e-12
3.04609218437 9.4367991273e-12
3.06613226453 9.26966426813e-12
3.08617234469 9.10822813718e-12
3.10621242485 8.9547750074e-12
3.12625250501 8.80331384648e-12
3.14629258517 8.65438821118e-12
3.16633266533 8.52056543095e-12
3.18637274549 8.38844665239e-12
3.20641282565 8.25799937434e-12
3.22645290581 8.10351166536e-12
3.24649298597 7.94063576973e-12
3.26653306613 7.77978017839e-12
3.28657314629 7.61499288377e-12
3.30661322645 7.442723331e-12
3.32665330661 7.27255060572e-12
3.34669338677 7.10647315125e-12
3.36673346693 6.97904540629e-12
3.38677354709 6.85314139893e-12
3.40681362725 6.72873383981e-12
3.42685370741 6.59939788262e-12
3.44689378758 6.4691370804e-12
3.46693386774 6.34039679489e-12
3.4869739479 6.21528140645e-12
3.50701402806 6.09488780979e-12
3.52705410822 5.97587518872e-12
3.54709418838 5.85732237853e-12
3.56713426854 5.72676876853e-12
3.5871743487 5.59768671099e-12
3.60721442886 5.4700513668e-12
3.62725450902 5.34986245884e-12
3.64729458918 5.23319009121e-12
3.66733466934 5.11780362737e-12
3.6873747495 5.00745386365e-12
3.70741482966 4.90386668828e-12
3.72745490982 4.80140258257e-12
3.74749498998 4.70034590452e-12
3.76753507014 4.60419419207e-12
3.7875751503 4.50906813851e-12
3.80761523046 4.41495135892e-12
3.82765531062 4.3092977052e-12
3.84769539078 4.20044433417e-12
3.86773547094 4.0927273107e-12
3.8877755511 3.99220395142e-12
3.90781563126 3.90130074084e-12
3.92785571142 3.81133189873e-12
3.94789579158 3.72291240443e-12
3.96793587174 3.64227886161e-12
3.9879759519 3.56246151736e-12
4.00801603206 3.48344799892e-12
4.02805611222 3.39775784435e-12
4.04809619238 3.31049031323e-12
4.06813627255 3.22408829192e-12
4.08817635271 3.14428320399e-12
4.10821643287 3.07304072522e-12
4.12825651303 3.00249451358e-12
4.14829659319 2.93237389595e-12
4.16833667335 2.86042410392e-12
4.18837675351 2.78916720015e-12
4.20841683367 2.71859319231e-12
4.22845691383 2.65359506807e-12
4.24849699399 2.5907229439e-12
4.26853707415 2.5284448082e-12
4.28857715431 2.46525301214e-12
4.30861723447 2.40070573937e-12
4.32865731463 2.33675964506e-12
4.34869739479 2.27410788866e-12
4.36873747495 2.21804918739e-12
4.38877755511 2.16250540826e-12
4.40881763527 2.10746946808e-12
4.42885771543 2.0567575539e-12
4.44889779559 2.00761553084e-12
4.46893787575 1.95891672891e-12
4.48897795591 1.91024781098e-12
4.50901803607 1.86150655696e-12
4.52905811623 1.81319898183e-12
4.54909819639 1.76555733155e-12
4.56913827655 1.72017111719e-12
4.58917835671 1.67518338403e-12
4.60921843687 1.63058889254e-12
4.62925851703 1.58687311822e-12
4.64929859719 1.54367034838e-12
4.66933867735 1.50084029507e-12
4.68937875752 1.4606206404e-12
4.70941883768 1.4234241318e-12
4.72945891784 1.38654442668e-12
4.749498998 1.34960665348e-12
4.76953907816 1.31038860418e-12
4.78957915832 1.27150030556e-12
4.80961923848 1.23293760542e-12
4.82965931864 1.19826328503e-12
4.8496993988 1.16479392822e-12
4.86973947896 1.13160132527e-12
4.88977955912 1.0994043663e-12
4.90981963928 1.06829937867e-12
4.92985971944 1.03744842928e-12
4.9498997996 1.00725569512e-12
4.96993987976 9.79906034354e-13
4.98997995992 9.52777037126e-13
5.01002004008 9.26364352302e-13
5.03006012024 9.00623619511e-13
5.0501002004 8.75088073116e-13
5.07014028056 8.51090332633e-13
5.09018036072 8.27309784062e-13
5.11022044088 8.03716548772e-13
5.13026052104 7.80308416849e-13
5.1503006012 7.57083213101e-13
5.17034068136 7.35680340511e-13
5.19038076152 7.14548910654e-13
5.21042084168 6.93580700075e-13
5.23046092184 6.72773820417e-13
5.250501002 6.5212641242e-13
5.27054108216 6.33508172506e-13
5.29058116232 6.15241002831e-13
5.31062124248 5.9711224828e-13
5.33066132265 5.79120337821e-13
5.35070140281 5.61263724171e-13
5.37074148297 5.44053942637e-13
5.39078156313 5.27056782989e-13
5.41082164329 5.10186007271e-13
5.43086172345 4.93440207847e-13
5.45090180361 4.76817997963e-13
5.47094188377 4.61947057196e-13
5.49098196393 4.47545697343e-13
5.51102204409 4.33249462116e-13
5.53106212425 4.19057201998e-13
5.55110220441 4.04967784217e-13
5.57114228457 3.91573448178e-13
5.59118236473 3.78444414789e-13
5.61122244489 3.65409492923e-13
5.63126252505 3.5246767202e-13
5.65130260521 3.39617955972e-13
5.67134268537 3.2793881852e-13
5.69138276553 3.16725353232e-13
5.71142284569 3.05590850244e-13
5.73146292585 2.94534476578e-13
5.75150300601 2.83555410962e-13
5.77154308617 2.73043691025e-13
5.79158316633 2.627743126e-13
5.81162324649 2.52575991652e-13
5.83166332665 2.42447991622e-13
5.85170340681 2.32389586123e-13
5.87174348697 2.22877725199e-13
5.89178356713 2.13679790044e-13
5.91182364729 2.04544412419e-13
5.93186372745 1.9547095493e-13
5.95190380762 1.86458788837e-13
5.97194388778 1.78389234566e-13
5.99198396794 1.70921393818e-13
6.0120240481 1.63503494526e-13
6.03206412826 1.561350363e-13
6.05210420842 1.48815525428e-13
6.07214428858 1.41910261358e-13
6.09218436874 1.35319199398e-13
6.1122244489 1.28771488375e-13
6.13226452906 1.22266701083e-13
6.15230460922 1.15804415929e-13
6.17234468938 1.09596483002e-13
6.19238476954 1.03612475829e-13
6.2124248497 9.76671875789e-14
6.23246492986 9.17602428924e-14
6.25250501002 8.58912712583e-14
6.27254509018 8.05068982765e-14
6.29258517034 7.5611551924e-14
6.3126252505 7.07473760843e-14
6.33266533066 6.59140733564e-14
6.35270541082 6.11113501217e-14
6.37274549098 5.66470322081e-14
6.39278557114 5.25793319506e-14
6.4128256513 4.85371261707e-14
6.43286573146 4.45201754156e-14
6.45290581162 4.05282432305e-14
6.47294589178 3.70179751162e-14
6.49298597194 3.41736912488e-14
6.5130260521 3.13469610023e-14
6.53306613226 2.85376219811e-14
6.55310621242 2.57455137937e-14
6.57314629259 2.32887066953e-14
6.59318637275 2.13785501423e-14
6.61322645291 1.94800052588e-14
6.63326653307 1.75929661834e-14
6.65330661323 1.57173283429e-14
6.67334669339 1.39161797468e-14
6.69338677355 1.22518607884e-14
6.71342685371 1.05975073266e-14
6.73346693387 8.95302986557e-15
6.75350701403 7.31833998253e-15
6.77354709419 5.86430653852e-15
6.79358717435 4.83033278984e-15
6.81362725451 3.80246101371e-15
6.83366733467 2.78063715542e-15
6.85370741483 1.76480780077e-15
6.87374749499 9.64571176137e-16
6.89378757515 7.87783998416e-16
6.91382765531 6.12030409588e-16
6.93386773547 4.37301237413e-16
6.95390781563 2.63587420822e-16
6.97394789579 1.2351899598e-16
6.99398797595 1.05144362789e-16
7.01402805611 8.68807535666e-17
7.03406813627 6.8727057824e-17
7.05410821643 5.06821820704e-17
7.07414829659 3.47826941481e-17
7.09418837675 2.87789381685e-17
7.11422845691 2.28140728271e-17
7.13426853707 1.68876330769e-17
7.15430861723 1.09991628176e-17
7.17434869739 5.88834140966e-18
7.19438877756 5.6926669947e-18
7.21442885772 5.50237927655e-18
7.23446893788 5.31731623533e-18
7.25450901804 5.13732083953e-18
7.2745490982 4.96418395817e-18
7.29458917836 4.8151783313e-18
7.31462925852 4.67068070744e-18
7.33466933868 4.53055345861e-18
7.35470941884 4.39466320286e-18
7.374749499 4.26288067166e-18
7.39478957916 4.13508058152e-18
7.41482965932 4.01114150963e-18
7.43486973948 3.89094577347e-18
7.45490981964 3.77437931423e-18
7.4749498998 3.66133158387e-18
7.49498997996 3.55169543583e-18
7.51503006012 3.44536701908e-18
7.53507014028 3.34224567563e-18
7.55511022044 3.24223384117e-18
7.5751503006 3.14523694891e-18
7.59519038076 3.05116333643e-18
7.61523046092 2.95992415545e-18
7.63527054108 2.87143328447e-18
7.65531062124 2.78560724411e-18
7.6753507014 2.70236511515e-18
7.69539078156 2.62162845918e-18
7.71543086172 2.54332124163e-18
7.73547094188 2.46736975734e-18
7.75551102204 2.39370255839e-18
7.7755511022 2.32225038421e-18
7.79559118236 2.2529460939e-18
7.81563126253 2.18572460068e-18
7.83567134269 2.12052280832e-18
7.85571142285 2.05727954963e-18
7.87575150301 1.99593552689e-18
7.89579158317 1.93643325408e-18
7.91583166333 1.87871700093e-18
7.93587174349 1.82273273878e-18
7.95591182365 1.76842808803e-18
7.97595190381 1.71575226735e-18
7.99599198397 1.66465604434e-18
8.01603206413 1.61509168786e-18
8.03607214429 1.56701292176e-18
8.05611222445 1.52037488008e-18
8.07615230461 1.47513406363e-18
8.09619238477 1.43124829796e-18
8.11623246493 1.38867669261e-18
8.13627254509 1.34737960163e-18
8.15631262525 1.30731858532e-18
8.17635270541 1.26845637316e-18
8.19639278557 1.23075682794e-18
8.21643286573 1.19418491094e-18
8.23647294589 1.15870664819e-18
8.25651302605 1.12428909787e-18
8.27655310621 1.09090031858e-18
8.29659318637 1.05850933872e-18
8.31663326653 1.02708612675e-18
8.33667334669 9.96601562379e-19
8.35671342685 9.67027408669e-19
8.37675350701 9.38336284989e-19
8.39679358717 9.10501640799e-19
8.41683366733 8.83497730258e-19
8.43687374749 8.57299587609e-19
8.45691382766 8.31883003328e-19
8.47695390782 8.07224501008e-19
8.49699398798 7.83301314961e-19
8.51703406814 7.60091368505e-19
8.5370741483 7.37573252928e-19
8.55711422846 7.15726207096e-19
8.57715430862 6.9453009769e-19
8.59719438878 6.73965400057e-19
8.61723446894 6.54013179645e-19
8.6372745491 6.34655074014e-19
8.65731462926 6.15873275399e-19
8.67735470942 5.97650513812e-19
8.69739478958 5.79970040658e-19
8.71743486974 5.62815612865e-19
8.7374749499 5.46171477491e-19
8.75751503006 5.30022356811e-19
8.77755511022 5.14353433862e-19
8.79759519038 4.9915033843e-19
8.81763527054 4.84399133463e-19
8.8376753507 4.70086301914e-19
8.85771543086 4.56198733972e-19
8.87775551102 4.42723714696e-19
8.89779559118 4.29648912024e-19
8.91783567134 4.16962365148e-19
8.9378757515 4.04652473247e-19
8.95791583166 3.92707984567e-19
8.97795591182 3.81117985833e-19
8.99799599198 3.69871891983e-19
9.01803607214 3.58959436222e-19
9.0380761523 3.48370660373e-19
9.05811623246 3.38095905532e-19
9.07815631263 3.28125802999e-19
9.09819639279 3.18451265493e-19
9.11823647295 3.09063478632e-19
9.13827655311 2.99953892676e-19
9.15831663327 2.91114214518e-19
9.17835671343 2.82536399924e-19
9.19839679359 2.74212646006e-19
9.21843687375 2.66135383927e-19
9.23847695391 2.58297271827e-19
9.25851703407 2.50691187967e-19
9.27855711423 2.43310224077e-19
9.29859719439 2.36147678912e-19
9.31863727455 2.29197052003e-19
9.33867735471 2.22452037594e-19
9.35871743487 2.15906518768e-19
9.37875751503 2.09554561753e-19
9.39879759519 2.03390410395e-19
9.41883767535 1.97408480807e-19
9.43887775551 1.91603356171e-19
9.45891783567 1.85969781707e-19
9.47895791583 1.80502659793e-19
9.49899799599 1.75197045226e-19
9.51903807615 1.70048140637e-19
9.53907815631 1.65051292038e-19
9.55911823647 1.60201984508e-19
9.57915831663 1.55495838009e-19
9.59919839679 1.50928603325e-19
9.61923847695 1.46496158133e-19
9.63927855711 1.42194503182e-19
9.65931863727 1.38019758597e-19
9.67935871743 1.33968160292e-19
9.6993987976 1.30036056487e-19
9.71943887776 1.26219904338e-19
9.73947895792 1.22516266665e-19
9.75951903808 1.18921808778e-19
9.77955911824 1.15433295403e-19
9.7995991984 1.12047587694e-19
9.81963927856 1.08761640345e-19
9.83967935872 1.05572498783e-19
9.85971943888 1.02477296443e-19
9.87975951904 9.94732521337e-20
9.8997995992 0.0
9.91983967936 0.0
9.93987975952 0.0
9.95991983968 0.0
9.97995991984 0.0
10.0 0.0
