0.0 0.0
0.0200400801603 0.0
0.0400801603206 0.0
0.060120240481 0.0
0.0801603206413 0.0
0.100200400802 0.0
0.120240480962 0.0
0.140280561122 0.0
0.160320641283 0.0
0.180360721443 0.0
0.200400801603 0.0
0.220440881764 0.0
0.240480961924 0.0
0.260521042084 0.0
0.280561122244 0.0
0.300601202405 0.0
0.320641282565 0.0
0.340681362725 0.0
0.360721442886 0.0
0.380761523046 0.0
0.400801603206 0.0
0.420841683367 0.0
0.440881763527 0.0
0.460921843687 1.36609468652e-11
0.480961923848 9.56877994067e-12
0.501002004008 8.02977552034e-12
0.521042084168 7.19574482288e-12
0.541082164329 6.6598969287e-12
0.561122244489 6.28615719728e-12
0.581162324649 6.01205685634e-12
0.60120240481 5.80097563458e-12
0.62124248497 5.63033664022e-12
0.64128256513 5.49058604779e-12
0.661322645291 5.37674050774e-12
0.681362725451 5.27758976509e-12
0.701402805611 5.17392003916e-12
0.721442885772 5.08427944371e-12
0.741482965932 5.0030055521e-12
0.761523046092 4.92473130512e-12
0.781563126253 4.85451025053e-12
0.801603206413 4.79394566935e-12
0.821643286573 4.72288189701e-12
0.841683366733 4.64587507604e-12
0.861723446894 4.5745040989e-12
0.881763527054 4.49751216023e-12
0.901803607214 4.39995510873e-12
0.921843687375 4.30886612585e-12
0.941883767535 4.22252549136e-12
0.961923847695 4.12751189402e-12
0.981963927856 4.03696573826e-12
1.00200400802 3.95338640795e-12
1.02204408818 3.88170355253e-12
1.04208416834 3.81785606325e-12
1.0621242485 3.75615439282e-12
1.08216432866 3.69305857424e-12
1.10220440882 3.6290844411e-12
1.12224448898 3.56810414843e-12
1.14228456914 3.51382596165e-12
1.1623246493 3.44752299037e-12
1.18236472946 3.38310867876e-12
1.20240480962 3.3213216696e-12
1.22244488978 3.2609279223e-12
1.24248496994 3.20224260143e-12
1.2625250501 3.14563739878e-12
1.28256513026 3.0914205107e-12
1.30260521042 3.04102507627e-12
1.32264529058 2.99246101412e-12
1.34268537074 2.94555194155e-12
1.3627254509 2.9050579955e-12
1.38276553106 2.86621115407e-12
1.40280561122 2.82803182327e-12
1.42284569138 2.78720819947e-12
1.44288577154 2.74556633641e-12
1.4629258517 2.70510132019e-12
1.48296593186 2.66604876932e-12
1.50300601202 2.62936456214e-12
1.52304609218 2.59378569729e-12
1.54308617234 2.56115783481e-12
1.56312625251 2.52385705728e-12
1.58316633267 2.48738428068e-12
1.60320641283 2.4519497883e-12
1.62324649299 2.41761067238e-12
1.64328657315 2.38427047409e-12
1.66332665331 2.35159958327e-12
1.68336673347 2.32059598446e-12
1.70340681363 2.29340721702e-12
1.72344689379 2.26692113549e-12
1.74348697395 2.24096422891e-12
1.76352705411 2.20264796124e-12
1.78356713427 2.16486881852e-12
1.80360721443 2.12801674201e-12
1.82364729459 2.09621491741e-12
1.84368737475 2.06748072381e-12
1.86372745491 2.03941812908e-12
1.88376753507 2.01557976896e-12
1.90380761523 2.00016304716e-12
1.92384769539 1.98509926805e-12
1.94388777555 1.97037617605e-12
1.96392785571 1.94236329626e-12
1.98396793587 1.91468298428e-12
2.00400801603 1.88506070831e-12
2.02404809619 1.8619496056e-12
2.04408817635 1.83695122078e-12
2.06412825651 1.81249035743e-12
2.08416833667 1.78864400177e-12
2.10420841683 1.76549760599e-12
2.12424849699 1.74283299166e-12
2.14428857715 1.72063505628e-12
2.16432865731 1.69799538887e-12
2.18436873747 1.6758025184e-12
2.20440881764 1.65405144566e-12
2.2244488978 1.63008576392e-12
2.24448897796 1.60523871468e-12
2.26452905812 1.58086779463e-12
2.28456913828 1.55655681126e-12
2.30460921844 1.53189457982e-12
2.3246492986 1.5076902552e-12
2.34468937876 1.48393406347e-12
2.36472945892 1.46518087896e-12
2.38476953908 1.44676885078e-12
2.40480961924 1.4286886103e-12
2.4248496994 1.41044832305e-12
2.44488977956 1.39229532615e-12
2.46492985972 1.37445992883e-12
2.48496993988 1.35470532363e-12
2.50501002004 1.33101557461e-12
2.5250501002 1.30772502895e-12
2.54509018036 1.28492190054e-12
2.56513026052 1.27127057505e-12
2.58517034068 1.25784722187e-12
2.60521042084 1.24464608657e-12
2.625250501 1.22698044788e-12
2.64529058116 1.20742451647e-12
2.66533066132 1.18817959031e-12
2.68537074148 1.16938467218e-12
2.70541082164 1.15115232993e-12
2.7254509018 1.13320303219e-12
2.74549098196 1.11558421555e-12
2.76553106212 1.10069683005e-12
2.78557114228 1.08603602502e-12
2.80561122244 1.07159658317e-12
2.82565130261 1.05186109171e-12
2.84569138277 1.02997450994e-12
2.86573146293 1.0084074384e-12
2.88577154309 9.89965699438e-13
2.90581162325 9.76721733469e-13
2.92585170341 9.63668690923e-13
2.94589178357 9.50686809792e-13
2.96593186373 9.34379361682e-13
2.98597194389 9.18300449614e-13
3.00601202405 9.0244522981e-13
3.02605210421 8.8656529376e-13
3.04609218437 8.70800182773e-13
3.06613226453 8.55249620551e-13
3.08617234469 8.40230765009e-13
3.10621242485 8.25953050665e-13
3.12625250501 8.11865785336e-13
3.14629258517 7.98018605109e-13
3.16633266533 7.85565355975e-13
3.18637274549 7.73275111664e-13
3.20641282565 7.61144643302e-13
3.22645290581 7.46812924343e-13
3.24649298597 7.31717242692e-13
3.26653306613 7.16813102029e-13
3.28657314629 7.01553885123e-13
3.30661322645 6.85613556824e-13
3.32665330661 6.69871306411e-13
3.34669338677 6.54510344983e-13
3.36673346693 6.42701733902e-13
3.38677354709 6.31037587751e-13
3.40681362725 6.19515233314e-13
3.42685370741 6.07544956709e-13
3.44689378758 5.95494048669e-13
3.46693386774 5.83586756816e-13
3.4869739479 5.72016001455e-13
3.50701402806 5.60882239542e-13
3.52705410822 5.49878811991e-13
3.54709418838 5.38921087665e-13
3.56713426854 5.26865970378e-13
3.5871743487 5.14949244242e-13
3.60721442886 5.03168508876e-13
3.62725450902 4.92073908076e-13
3.64729458918 4.81304840041e-13
3.66733466934 4.70656607296e-13
3.6873747495 4.60473062664e-13
3.70741482966 4.50912321977e-13
3.72745490982 4.41457115025e-13
3.74749498998 4.32133425607e-13
3.76753507014 4.23261840465e-13
3.7875751503 4.14486569222e-13
3.80761523046 4.05806031083e-13
3.82765531062 3.96069981085e-13
3.84769539078 3.86042760837e-13
3.86773547094 3.76121820067e-13
3.8877755511 3.66862326554e-13
3.90781563126 3.58486561479e-13
3.92785571142 3.50198253577e-13
3.94789579158 3.42053706653e-13
3.96793587174 3.34624446045e-13
3.9879759519 3.27271585222e-13
4.00801603206 3.19993936565e-13
4.02805611222 3.12105927547e-13
4.04809619238 3.04074865128e-13
4.06813627255 2.96124576113e-13
4.08817635271 2.88780195448e-13
4.10821643287 2.82221738736e-13
4.12825651303 2.75728328172e-13
4.14829659319 2.69275122342e-13
4.16833667335 2.6265549972e-13
4.18837675351 2.56100509007e-13
4.20841683367 2.49609196856e-13
4.22845691383 2.43629786027e-13
4.24849699399 2.37846158281e-13
4.26853707415 2.3211792492e-13
4.28857715431 2.26306946214e-13
4.30861723447 2.20372731384e-13
4.32865731463 2.14494493953e-13
4.34869739479 2.08735695882e-13
4.36873747495 2.03581638192e-13
4.38877755511 1.98475539439e-13
4.40881763527 1.93416725267e-13
4.42885771543 1.88754686395e-13
4.44889779559 1.84237134031e-13
4.46893787575 1.7976085412e-13
4.48897795591 1.75287971229e-13
4.50901803607 1.708091059e-13
4.52905811623 1.66370580089e-13
4.54909819639 1.61993641728e-13
4.56913827655 1.57823824935e-13
4.58917835671 1.53691058311e-13
4.60921843687 1.49594844396e-13
4.62925851703 1.45579619032e-13
4.64929859719 1.41611876611e-13
4.66933867735 1.37678755313e-13
4.68937875752 1.33985121494e-13
4.70941883768 1.30568737367e-13
4.72945891784 1.27181791409e-13
4.749498998 1.23789949134e-13
4.76953907816 1.20189751526e-13
4.78957915832 1.1662014918e-13
4.80961923848 1.13080749391e-13
4.82965931864 1.09897700964e-13
4.8496993988 1.06825319827e-13
4.86973947896 1.03778618807e-13
4.88977955912 1.00823395546e-13
4.90981963928 9.79684538307e-14
4.92985971944 9.51370767986e-14
4.9498997996 9.2366251852e-14
4.96993987976 8.98559581679e-14
4.98997995992 8.73661368438e-14
5.01002004008 8.49421470024e-14
5.03006012024 8.2579917865e-14
5.0501002004 8.02367171819e-14
5.07014028056 7.80345077838e-14
5.09018036072 7.58524067318e-14
5.11022044088 7.36876723523e-14
5.13026052104 7.15400956577e-14
5.1503006012 6.94094710465e-14
5.17034068136 6.7445829136e-14
5.19038076152 6.55072227454e-14
5.21042084168 6.35837413905e-14
5.23046092184 6.16752066312e-14
5.250501002 5.97814428627e-14
5.27054108216 5.80735447905e-14
5.29058116232 5.63979355071e-14
5.31062124248 5.47351493748e-14
5.33066132265 5.30850379599e-14
5.35070140281 5.1447455145e-14
5.37074148297 4.98692048293e-14
5.39078156313 4.83105486993e-14
5.41082164329 4.67635913085e-14
5.43086172345 4.52281998864e-14
5.45090180361 4.37042436934e-14
5.47094188377 4.23406503483e-14
5.49098196393 4.10201383966e-14
5.51102204409 3.97093565551e-14
5.53106212425 3.84081963649e-14
5.55110220441 3.71165509985e-14
5.57114228457 3.58886032495e-14
5.59118236473 3.46850266888e-14
5.61122244489 3.34901554316e-14
5.63126252505 3.23038942439e-14
5.65130260521 3.11261492977e-14
5.67134268537 3.0055584899e-14
5.69138276553 2.90277055695e-14
5.71142284569 2.80071293655e-14
5.73146292585 2.69937777736e-14
5.75150300601 2.59875734203e-14
5.77154308617 2.50241956262e-14
5.79158316633 2.40830574222e-14
5.81162324649 2.31484871741e-14
5.83166332665 2.22204155427e-14
5.85170340681 2.12987741776e-14
5.87174348697 2.04271912385e-14
5.89178356713 1.95843844555e-14
5.91182364729 1.87473574398e-14
5.93186372745 1.79160502332e-14
5.95190380762 1.70904037175e-14
5.97194388778 1.63510327082e-14
5.99198396794 1.56667507921e-14
6.0120240481 1.49870842071e-14
6.03206412826 1.43119858222e-14
6.05210420842 1.36414091576e-14
6.07214428858 1.30087660195e-14
6.09218436874 1.24049034191e-14
6.1122244489 1.18050458081e-14
6.13226452906 1.12091529662e-14
6.15230460922 1.06171852201e-14
6.17234468938 1.00485179967e-14
6.19238476954 9.50036682686e-15
6.2124248497 8.95579092405e-15
6.23246492986 8.41475498463e-15
6.25250501002 7.87722417707e-15
6.27254509018 7.38404557352e-15
6.29258517034 6.93562217413e-15
6.3126252505 6.49007765313e-15
6.33266533066 6.04738400539e-15
6.35270541082 5.60751359537e-15
6.37274549098 5.19861792496e-15
6.39278557114 4.8260193176e-15
6.4128256513 4.45577566227e-15
6.43286573146 4.08786438887e-15
6.45290581162 3.72226322125e-15
6.47294589178 3.40073238785e-15
6.49298597194 3.14012646478e-15
6.5130260521 2.88114453608e-15
6.53306613226 2.62377120823e-15
6.55310621242 2.36799128707e-15
6.57314629259 2.14289107689e-15
6.59318637275 1.96779669893e-15
6.61322645291 1.79377920822e-15
6.63326653307 1.6208284835e-15
6.65330661323 1.4489345346e-15
6.67334669339 1.28386598687e-15
6.69338677355 1.13132294368e-15
6.71342685371 9.79703929327e-16
6.73346693387 8.29000386749e-16
6.75350701403 6.79203868207e-16
6.77354709419 5.45938445996e-16
6.79358717435 4.5109457548e-16
6.81362725451 3.56818956073e-16
6.83366733467 2.63106340219e-16
6.85370741483 1.69951548143e-16
6.87374749499 9.65195089878e-17
6.89378757515 8.01028585879e-17
6.91382765531 6.37885820149e-17
6.93386773547 4.75756007011e-17
6.95390781563 3.14628536614e-17
6.97394789579 1.84336382473e-17
6.99398797595 1.6538319566e-17
7.01402805611 1.46597149709e-17
7.03406813627 1.27975216533e-17
7.05410821643 1.09514446045e-17
7.07414829659 9.30750224898e-18
7.09418837675 8.57413286822e-18
7.11422845691 7.8499233127e-18
7.13426853707 7.13465939105e-18
7.15430861723 6.42813304851e-18
7.17434869739 5.79781137431e-18
7.19438877756 5.62182286565e-18
7.21442885772 5.45111814726e-18
7.23446893788 5.28553583358e-18
7.25450901804 5.124919528e-18
7.2745490982 4.96929531463e-18
7.29458917836 4.82010897296e-18
7.31462925852 4.67543713214e-18
7.33466933868 4.53514192622e-18
7.35470941884 4.39908974414e-18
7.374749499 4.26715109685e-18
7.39478957916 4.13920048854e-18
7.41482965932 4.01511629201e-18
7.43486973948 3.89478062796e-18
7.45490981964 3.7780792481e-18
7.4749498998 3.664901422e-18
7.49498997996 3.55513982744e-18
7.51503006012 3.44869044428e-18
7.53507014028 3.34545245167e-18
7.55511022044 3.24532812849e-18
7.5751503006 3.14822275694e-18
7.59519038076 3.05404452918e-18
7.61523046092 2.96270445688e-18
7.63527054108 2.87411628367e-18
7.65531062124 2.78819640027e-18
7.6753507014 2.70486376236e-18
7.69539078156 2.62403981104e-18
7.71543086172 2.54564839566e-18
7.73547094188 2.4696156993e-18
7.75551102204 2.39587016633e-18
7.7755511022 2.32434243248e-18
7.79559118236 2.25496525694e-18
7.81563126253 2.18767345665e-18
7.83567134269 2.12240384266e-18
7.85571142285 2.05909515848e-18
7.87575150301 1.9976880203e-18
7.89579158317 1.9381248592e-18
7.91583166333 1.88034986503e-18
7.93587174349 1.82430893216e-18
7.95591182365 1.76994960683e-18
7.97595190381 1.71722103624e-18
7.99599198397 1.66607391917e-18
8.01603206413 1.61646045812e-18
8.03607214429 1.56833431301e-18
8.05611222445 1.52165055626e-18
8.07615230461 1.47636562932e-18
8.09619238477 1.43243730054e-18
8.11623246493 1.3898246243e-18
8.13627254509 1.34848790152e-18
8.15631262525 1.30838864127e-18
8.17635270541 1.26948952369e-18
8.19639278557 1.23175436398e-18
8.21643286573 1.19514807757e-18
8.23647294589 1.15963664629e-18
8.25651302605 1.12518708571e-18
8.27655310621 1.09176741337e-18
8.29659318637 1.05934661807e-18
8.31663326653 1.02789463012e-18
8.33667334669 9.9738229244e-19
8.35671342685 9.67781332628e-19
8.37675350701 9.39064335862e-19
8.39679358717 9.11204718643e-19
8.41683366733 8.84176703351e-19
8.43687374749 8.57955293593e-19
8.45691382766 8.32516250305e-19
8.47695390782 8.07836068601e-19
8.49699398798 7.83891955333e-19
8.51703406814 7.6066180734e-19
8.5370741483 7.3812419038e-19
8.55711422846 7.16258318699e-19
8.57715430862 6.95044035241e-19
8.59719438878 6.7446179246e-19
8.61723446894 6.54492633729e-19
8.6372745491 6.3511817532e-19
8.65731462926 6.1632058894e-19
8.67735470942 5.98082584799e-19
8.69739478958 5.8038739521e-19
8.71743486974 5.63218758684e-19
8.7374749499 5.46560904519e-19
8.75751503006 5.3039853786e-19
8.77755511022 5.14716825223e-19
8.79759519038 4.99501380455e-19
8.81763527054 4.84738251136e-19
8.8376753507 4.70413905391e-19
8.85771543086 4.56515219108e-19
8.87775551102 4.43029463551e-19
8.89779559118 4.29944293351e-19
8.91783567134 4.17247734861e-19
8.9378757515 4.04928174878e-19
8.95791583166 3.92974349702e-19
8.97795591182 3.81375334531e-19
8.99799599198 3.70120533187e-19
9.01803607214 3.59199668147e-19
9.0380761523 3.48602770887e-19
9.05811623246 3.38320172516e-19
9.07815631263 3.28342494703e-19
9.09819639279 3.1866064087e-19
9.11823647295 3.0926578767e-19
9.13827655311 3.00149376708e-19
9.15831663327 2.91303106528e-19
9.17835671343 2.82718924841e-19
9.19839679359 2.74389020985e-19
9.21843687375 2.66305818621e-19
9.23847695391 2.58461968651e-19
9.25851703407 2.50850342351e-19
9.27855711423 2.4346402471e-19
9.29859719439 2.36296307978e-19
9.31863727455 2.29340685407e-19
9.33867735471 2.22590845184e-19
9.35871743487 2.16040664545e-19
9.37875751503 2.09684204075e-19
9.39879759519 2.03515702174e-19
9.41883767535 1.97529569697e-19
9.43887775551 1.91720384755e-19
9.45891783567 1.86082887671e-19
9.47895791583 1.80611976096e-19
9.49899799599 1.75302700265e-19
9.51903807615 1.70150258407e-19
9.53907815631 1.65149992284e-19
9.55911823647 1.60297382871e-19
9.57915831663 1.55588046171e-19
9.59919839679 1.51017729145e-19
9.61923847695 1.46582305778e-19
9.63927855711 1.42277773259e-19
9.65931863727 1.38100248274e-19
9.67935871743 1.34045963415e-19
9.6993987976 1.30111263699e-19
9.71943887776 1.26292603188e-19
9.73947895792 1.22586541713e-19
9.75951903808 1.18989741701e-19
9.77955911824 1.15498965093e-19
9.7995991984 1.12111070357e-19
9.81963927856 1.0882300959e-19
9.83967935872 1.05631825712e-19
9.85971943888 1.02534649739e-19
9.87975951904 9.95286981454e-20
9.8997995992 0.0
9.91983967936 0.0
9.93987975952 0.0
9.95991983968 0.0
9.97995991984 0.0
10.0 0.0
