0.0 0.0
0.0200400801603 0.0
0.0400801603206 0.0
0.060120240481 0.0
0.0801603206413 0.0
0.100200400802 0.0
0.120240480962 0.0
0.140280561122 0.0
0.160320641283 0.0
0.180360721443 0.0
0.200400801603 0.0
0.220440881764 0.0
0.240480961924 2.40296191538e-09
0.260521042084 4.10196200719e-11
0.280561122244 3.68674080872e-11
0.300601202405 3.55272646642e-11
0.320641282565 3.5698698e-11
0.340681362725 3.69012240896e-11
0.360721442886 3.74015439798e-11
0.380761523046 3.78789909366e-11
0.400801603206 3.83746470544e-11
0.420841683367 3.88956032126e-11
0.440881763527 3.94219510099e-11
0.460921843687 3.99275391259e-11
0.480961923848 4.03838194457e-11
0.501002004008 4.07389464544e-11
0.521042084168 4.10816823247e-11
0.541082164329 4.14063251848e-11
0.561122244489 4.17024866758e-11
0.581162324649 4.19856396684e-11
0.60120240481 4.22559278147e-11
0.62124248497 4.2486937713e-11
0.64128256513 4.26902167072e-11
0.661322645291 4.28871885897e-11
0.681362725451 4.30199973858e-11
0.701402805611 4.29757705301e-11
0.721442885772 4.29390944748e-11
0.741482965932 4.29062712369e-11
0.761523046092 4.28202759469e-11
0.781563126253 4.27373694291e-11
0.801603206413 4.26639936517e-11
0.821643286573 4.24285746816e-11
0.841683366733 4.20917324524e-11
0.861723446894 4.1773357096e-11
0.881763527054 4.13811021802e-11
0.901803607214 4.07575983077e-11
0.921843687375 4.0164638377e-11
0.941883767535 3.95990127771e-11
0.961923847695 3.89239806526e-11
0.981963927856 3.8269054431e-11
1.00200400802 3.76446151953e-11
1.02204408818 3.71087970475e-11
1.04208416834 3.66354459976e-11
1.0621242485 3.61805454586e-11
1.08216432866 3.57264737249e-11
1.10220440882 3.52509872997e-11
1.12224448898 3.47938348025e-11
1.14228456914 3.43576493049e-11
1.1623246493 3.37900513536e-11
1.18236472946 3.32334388958e-11
1.20240480962 3.26964737142e-11
1.22244488978 3.21671468273e-11
1.24248496994 3.16489281275e-11
1.2625250501 3.11478836229e-11
1.28256513026 3.06701573376e-11
1.30260521042 3.02263998387e-11
1.32264529058 2.97967737781e-11
1.34268537074 2.93805343527e-11
1.3627254509 2.90261325227e-11
1.38276553106 2.86850997043e-11
1.40280561122 2.83536536251e-11
1.42284569138 2.79952919302e-11
1.44288577154 2.76252874767e-11
1.4629258517 2.72656981505e-11
1.48296593186 2.69208942024e-11
1.50300601202 2.65977629315e-11
1.52304609218 2.62834623171e-11
1.54308617234 2.59794686332e-11
1.56312625251 2.56247260281e-11
1.58316633267 2.52768004109e-11
1.60320641283 2.49378683591e-11
1.62324649299 2.46086897208e-11
1.64328657315 2.42884351547e-11
1.66332665331 2.39759100705e-11
1.68336673347 2.36841001402e-11
1.70340681363 2.34306411328e-11
1.72344689379 2.31832513975e-11
1.74348697395 2.29415713431e-11
1.76352705411 2.25698587064e-11
1.78356713427 2.22025027021e-11
1.80360721443 2.18435139667e-11
1.82364729459 2.15360780728e-11
1.84368737475 2.12596882536e-11
1.86372745491 2.09893799099e-11
1.88376753507 2.07623699602e-11
1.90380761523 2.06226886453e-11
1.92384769539 2.04859967436e-11
1.94388777555 2.03521986453e-11
1.96392785571 2.00784781524e-11
1.98396793587 1.98075125393e-11
2.00400801603 1.95395814415e-11
2.02404809619 1.92880127199e-11
2.04408817635 1.90418964926e-11
2.06412825651 1.88006652025e-11
2.08416833667 1.85651653705e-11
2.10420841683 1.83363316204e-11
2.12424849699 1.81119066895e-11
2.14428857715 1.7891763668e-11
2.16432865731 1.76663793327e-11
2.18436873747 1.74451209515e-11
2.20440881764 1.72279632638e-11
2.2244488978 1.69869718988e-11
2.24448897796 1.67361858798e-11
2.26452905812 1.64899145261e-11
2.28456913828 1.62437973055e-11
2.30460921844 1.59935209674e-11
2.3246492986 1.57476285168e-11
2.34468937876 1.55060375105e-11
2.36472945892 1.53167944324e-11
2.38476953908 1.51307843909e-11
2.40480961924 1.49479248358e-11
2.4248496994 1.47630419146e-11
2.44488977956 1.45787573872e-11
2.46492985972 1.43975149015e-11
2.48496993988 1.41957131359e-11
2.50501002004 1.39520642602e-11
2.5250501002 1.37123325531e-11
2.54509018036 1.34774631189e-11
2.56513026052 1.33390105538e-11
2.58517034068 1.32027365154e-11
2.60521042084 1.30685897565e-11
2.625250501 1.28870376782e-11
2.64529058116 1.26852803836e-11
2.66533066132 1.24865928312e-11
2.68537074148 1.22924543371e-11
2.70541082164 1.21040651203e-11
2.7254509018 1.19184777426e-11
2.74549098196 1.1736202109e-11
2.76553106212 1.15826527778e-11
2.78557114228 1.14313381e-11
2.80561122244 1.12822094502e-11
2.82565130261 1.1076864529e-11
2.84569138277 1.08485842231e-11
2.86573146293 1.06235263369e-11
2.88577154309 1.04314119546e-11
2.90581162325 1.02942087284e-11
2.92585170341 1.01589043807e-11
2.94589178357 1.00242349817e-11
2.96593186373 9.854215459e-12
2.98597194389 9.68649870227e-12
3.00601202405 9.52103807728e-12
3.02605210421 9.35520526333e-12
3.04609218437 9.19048288563e-12
3.06613226453 9.02793194625e-12
3.08617234469 8.87091898486e-12
3.10621242485 8.72166952553e-12
3.12625250501 8.57434928113e-12
3.14629258517 8.42948811194e-12
3.16633266533 8.29932736886e-12
3.18637274549 8.17081718938e-12
3.20641282565 8.0439262712e-12
3.22645290581 7.89360926526e-12
3.24649298597 7.73511192588e-12
3.26653306613 7.57857320809e-12
3.28657314629 7.4181953444e-12
3.30661322645 7.25051951545e-12
3.32665330661 7.0848773445e-12
3.34669338677 6.92321607573e-12
3.36673346693 6.79919986389e-12
3.38677354709 6.67666137666e-12
3.40681362725 6.55557427954e-12
3.42685370741 6.42967924984e-12
3.44689378758 6.3028768257e-12
3.46693386774 6.17754965603e-12
3.4869739479 6.05574831931e-12
3.50701402806 5.93854188747e-12
3.52705410822 5.82267557986e-12
3.54709418838 5.70725203727e-12
3.56713426854 5.58012995343e-12
3.5871743487 5.45443639942e-12
3.60721442886 5.33014736624e-12
3.62725450902 5.21310935743e-12
3.64729458918 5.09949334257e-12
3.66733466934 4.98712591645e-12
3.6873747495 4.8796622876e-12
3.70741482966 4.77878461725e-12
3.72745490982 4.6789975616e-12
3.74749498998 4.58057836417e-12
3.76753507014 4.48693560582e-12
3.7875751503 4.39428902207e-12
3.80761523046 4.30262276056e-12
3.82765531062 4.19970991878e-12
3.84769539078 4.09367533711e-12
3.86773547094 3.98874485097e-12
3.8877755511 3.89082203058e-12
3.90781563126 3.80227207544e-12
3.92785571142 3.71463003028e-12
3.94789579158 3.62849536646e-12
3.96793587174 3.54994666224e-12
3.9879759519 3.47219112397e-12
4.00801603206 3.39521676967e-12
4.02805611222 3.31173264695e-12
4.04809619238 3.22670877496e-12
4.06813627255 3.14252622806e-12
4.08817635271 3.0647715384e-12
4.10821643287 2.99536092647e-12
4.12825651303 2.92662715538e-12
4.14829659319 2.85830644896e-12
4.16833667335 2.78820103121e-12
4.18837675351 2.71876927985e-12
4.20841683367 2.65000150989e-12
4.22845691383 2.58666732792e-12
4.24849699399 2.52540403271e-12
4.26853707415 2.46471832027e-12
4.28857715431 2.40314057973e-12
4.30861723447 2.34024012962e-12
4.32865731463 2.27792434365e-12
4.34869739479 2.21686897381e-12
4.36873747495 2.16223944508e-12
4.38877755511 2.10811072793e-12
4.40881763527 2.05447595264e-12
4.42885771543 2.00505539154e-12
4.44889779559 1.9571642572e-12
4.46893787575 1.90970424551e-12
4.48897795591 1.86227243103e-12
4.50901803607 1.81476917949e-12
4.52905811623 1.76768781864e-12
4.54909819639 1.7212547925e-12
4.56913827655 1.67701976219e-12
4.58917835671 1.63317241545e-12
4.60921843687 1.58970766779e-12
4.62925851703 1.54709884716e-12
4.64929859719 1.50498943888e-12
4.66933867735 1.46324269416e-12
4.68937875752 1.42404026426e-12
4.70941883768 1.38778462479e-12
4.72945891784 1.3518372598e-12
4.749498998 1.31583269767e-12
4.76953907816 1.27760434678e-12
4.78957915832 1.23969690673e-12
4.80961923848 1.20210634603e-12
4.82965931864 1.168306376e-12
4.8496993988 1.13568074269e-12
4.86973947896 1.10332446546e-12
4.88977955912 1.0719384851e-12
4.90981963928 1.04161674826e-12
4.92985971944 1.01154227628e-12
4.9498997996 9.82109165868e-13
4.96993987976 9.55447750368e-13
4.98997995992 9.29001125925e-13
5.01002004008 9.03252583351e-13
5.03006012024 8.78158886742e-13
5.0501002004 8.53264929436e-13
5.07014028056 8.29870107973e-13
5.09018036072 8.06686763501e-13
5.11022044088 7.83685770651e-13
5.13026052104 7.60864982431e-13
5.1503006012 7.38222285489e-13
5.17034068136 7.17356249589e-13
5.19038076152 6.96754645682e-13
5.21042084168 6.76311953454e-13
5.23046092184 6.56026337978e-13
5.250501002 6.35895992527e-13
5.27054108216 6.17744086629e-13
5.29058116232 5.99934311062e-13
5.31062124248 5.82259309493e-13
5.33066132265 5.64717555088e-13
5.35070140281 5.47307544037e-13
5.37074148297 5.30528096989e-13
5.39078156313 5.13955810101e-13
5.41082164329 4.97506594611e-13
5.43086172345 4.81179082246e-13
5.45090180361 4.64971924983e-13
5.47094188377 4.50472368436e-13
5.49098196393 4.3643058568e-13
5.51102204409 4.22491180022e-13
5.53106212425 4.08653033931e-13
5.55110220441 3.94915046115e-13
5.57114228457 3.81854757608e-13
5.59118236473 3.69053066561e-13
5.61122244489 3.56343035095e-13
5.63126252505 3.43723680618e-13
5.65130260521 3.31194034559e-13
5.67134268537 3.19805822227e-13
5.69138276553 3.08871634257e-13
5.71142284569 2.98014356785e-13
5.73146292585 2.87233179779e-13
5.75150300601 2.76527304565e-13
5.77154308617 2.66277103287e-13
5.79158316633 2.56263154318e-13
5.81162324649 2.46318421747e-13
5.83166332665 2.36442189207e-13
5.85170340681 2.26633750201e-13
5.87174348697 2.1735824292e-13
5.89178356713 2.08388816181e-13
5.91182364729 1.99480330447e-13
5.93186372745 1.90632165718e-13
5.95190380762 1.81843710394e-13
5.97194388778 1.73974471195e-13
5.99198396794 1.66691996874e-13
6.0120240481 1.59458176341e-13
6.03206412826 1.52272522804e-13
6.05210420842 1.45134555957e-13
6.07214428858 1.38400539876e-13
6.09218436874 1.3197290886e-13
6.1122244489 1.25587513719e-13
6.13226452906 1.19243938809e-13
6.15230460922 1.12941773938e-13
6.17234468938 1.06887632681e-13
6.19238476954 1.0105184346e-13
6.2124248497 9.52537796252e-14
6.23246492986 8.94930759323e-14
6.25250501002 8.37693718501e-14
6.27254509018 7.85182583689e-14
6.29258517034 7.37440585335e-14
6.3126252505 6.90002310502e-14
6.33266533066 6.42864865043e-14
6.35270541082 5.9602539156e-14
6.37274549098 5.52486136941e-14
6.39278557114 5.128148807e-14
6.4128256513 4.73392054677e-14
6.43286573146 4.34215328407e-14
6.45290581162 3.95282400558e-14
6.47294589178 3.6104702093e-14
6.49298597194 3.33306940518e-14
6.5130260521 3.05737919315e-14
6.53306613226 2.78338376652e-14
6.55310621242 2.51106751338e-14
6.57314629259 2.27145281352e-14
6.59318637275 2.0851535232e-14
6.61322645291 1.89998584012e-14
6.63326653307 1.71593945922e-14
6.65330661323 1.53300420069e-14
6.67334669339 1.35733332088e-14
6.69338677355 1.19500721497e-14
6.71342685371 1.03365233889e-14
6.73346693387 8.73259979881e-15
6.75350701403 7.13821529529e-15
6.77354709419 5.72002748284e-15
6.79358717435 4.71154082497e-15
6.81362725451 3.70900143571e-15
6.83366733467 2.7123566843e-15
6.85370741483 1.72155456283e-15
6.87374749499 9.41029650201e-16
6.89378757515 7.68592806844e-16
6.91382765531 5.9716354931e-16
6.93386773547 4.26732941049e-16
6.95390781563 2.57292153805e-16
6.97394789579 1.20667682061e-16
6.99398797595 1.0274001537e-16
7.01402805611 8.49207386348e-17
7.03406813627 6.72087649651e-17
7.05410821643 4.96030241805e-17
7.07414829659 3.40899478362e-17
7.09418837675 2.82291182152e-17
7.11422845691 2.24063479749e-17
7.13426853707 1.66211794546e-17
7.15430861723 1.08731638507e-17
7.17434869739 5.88377548502e-18
7.19438877756 5.68870934121e-18
7.21442885772 5.49902432194e-18
7.23446893788 5.31455852559e-18
7.25450901804 5.13515503511e-18
7.2745490982 4.96255703496e-18
7.29458917836 4.81360891129e-18
7.31462925852 4.66916672377e-18
7.33466933868 4.52909292008e-18
7.35470941884 4.39325419113e-18
7.374749499 4.26152133851e-18
7.39478957916 4.13376914622e-18
7.41482965932 4.00987625644e-18
7.43486973948 3.88972504924e-18
7.45490981964 3.77320152605e-18
7.4749498998 3.66019519684e-18
7.49498997996 3.55059897089e-18
7.51503006012 3.44430905097e-18
7.53507014028 3.34122483086e-18
7.55511022044 3.24124879613e-18
7.5751503006 3.14428642801e-18
7.59519038076 3.05024611033e-18
7.61523046092 2.95903903934e-18
7.63527054108 2.87057913644e-18
7.65531062124 2.78478296356e-18
7.6753507014 2.70156964129e-18
7.69539078156 2.62086076951e-18
7.71543086172 2.54258035058e-18
7.73547094188 2.4666547149e-18
7.75551102204 2.39301244879e-18
7.7755511022 2.32158432468e-18
7.79559118236 2.25230323345e-18
7.81563126253 2.18510411893e-18
7.83567134269 2.11992391438e-18
7.85571142285 2.05670148105e-18
7.87575150301 1.99537754857e-18
7.89579158317 1.93589465729e-18
7.91583166333 1.87819710238e-18
7.93587174349 1.82223087964e-18
7.95591182365 1.76794363308e-18
7.97595190381 1.71528460408e-18
7.99599198397 1.66420458216e-18
8.01603206413 1.61465585728e-18
8.03607214429 1.56659217363e-18
8.05611222445 1.51996868485e-18
8.07615230461 1.47474191063e-18
8.09619238477 1.43086969474e-18
8.11623246493 1.38831116426e-18
8.13627254509 1.34702669013e-18
8.15631262525 1.30697784895e-18
8.17635270541 1.26812738592e-18
8.19639278557 1.23043917896e-18
8.21643286573 1.19387820393e-18
8.23647294589 1.15841050095e-18
8.25651302605 1.12400314172e-18
8.27655310621 1.09062419794e-18
8.29659318637 1.05824271058e-18
8.31663326653 1.02682866026e-18
8.33667334669 9.96352938387e-19
8.35671342685 9.66787319313e-19
8.37675350701 9.38104433284e-19
8.39679358717 9.10277740249e-19
8.41683366733 8.83281504479e-19
8.43687374749 8.57090769966e-19
8.45691382766 8.31681336585e-19
8.47695390782 8.07029736995e-19
8.49699398798 7.83113214245e-19
8.51703406814 7.5990970008e-19
8.5370741483 7.37397793912e-19
8.55711422846 7.15556742442e-19
8.57715430862 6.94366419907e-19
8.59719438878 6.73807308937e-19
8.61723446894 6.53860482009e-19
8.6372745491 6.34507583455e-19
8.65731462926 6.15730812046e-19
8.67735470942 5.97512904094e-19
8.69739478958 5.79837117083e-19
8.71743486974 5.626872138e-19
8.7374749499 5.46047446956e-19
8.75751503006 5.2990254428e-19
8.77755511022 5.14237694067e-19
8.79759519038 4.99038531173e-19
8.81763527054 4.84291123443e-19
8.8376753507 4.69981958545e-19
8.85771543086 4.56097931222e-19
8.87775551102 4.42626330925e-19
8.89779559118 4.29554829825e-19
8.91783567134 4.16871471202e-19
8.9378757515 4.04564658177e-19
8.95791583166 3.92623142799e-19
8.97795591182 3.8103601546e-19
8.99799599198 3.69792694639e-19
9.01803607214 3.58882916953e-19
9.0380761523 3.48296727523e-19
9.05811623246 3.38024470621e-19
9.07815631263 3.28056780614e-19
9.09819639279 3.18384573179e-19
9.11823647295 3.0899903679e-19
9.13827655311 2.99891624461e-19
9.15831663327 2.91054045743e-19
9.17835671343 2.82478258967e-19
9.19839679359 2.7415646372e-19
9.21843687375 2.66081093552e-19
9.23847695391 2.58244808908e-19
9.25851703407 2.50640490273e-19
9.27855711423 2.43261231524e-19
9.29859719439 2.36100333486e-19
9.31863727455 2.29151297687e-19
9.33867735471 2.22407820302e-19
9.35871743487 2.15863786275e-19
9.37875751503 2.09513263631e-19
9.39879759519 2.03350497949e-19
9.41883767535 1.97369907016e-19
9.43887775551 1.91566075629e-19
9.45891783567 1.85933750569e-19
9.47895791583 1.80467835715e-19
9.49899799599 1.75163387319e-19
9.51903807615 1.70015609414e-19
9.53907815631 1.65019849364e-19
9.55911823647 1.60171593556e-19
9.57915831663 1.5546646321e-19
9.59919839679 1.50900210331e-19
9.61923847695 1.46468713768e-19
9.63927855711 1.42167975406e-19
9.65931863727 1.37994116465e-19
9.67935871743 1.33943373914e-19
9.6993987976 1.30012096996e-19
9.71943887776 1.26196743852e-19
9.73947895792 1.22493878251e-19
9.75951903808 1.18900166424e-19
9.77955911824 1.15412373981e-19
9.7995991984 1.12027362935e-19
9.81963927856 1.08742088805e-19
9.83967935872 1.05553597815e-19
9.85971943888 1.02459024172e-19
9.87975951904 9.94555874284e-20
9.8997995992 0.0
9.91983967936 0.0
9.93987975952 0.0
9.95991983968 0.0
9.97995991984 0.0
10.0 0.0
