0.0 0.0
0.0200400801603 0.0
0.0400801603206 0.0
0.060120240481 0.0
0.0801603206413 0.0
0.100200400802 0.0
0.120240480962 0.0
0.140280561122 0.0
0.160320641283 0.0
0.180360721443 0.0
0.200400801603 0.0
0.220440881764 0.0
0.240480961924 0.0
0.260521042084 0.0
0.280561122244 0.0
0.300601202405 0.0
0.320641282565 0.0
0.340681362725 0.0
0.360721442886 0.0
0.380761523046 0.0
0.400801603206 0.0
0.420841683367 4.84543918878e-11
0.440881763527 2.07225681165e-11
0.460921843687 1.62106604254e-11
0.480961923848 1.41790766477e-11
0.501002004008 1.29858713639e-11
0.521042084168 1.22088563429e-11
0.541082164329 1.16582215014e-11
0.561122244489 1.12488980889e-11
0.581162324649 1.09368132778e-11
0.60120240481 1.06909851752e-11
0.62124248497 1.04870380979e-11
0.64128256513 1.03166779959e-11
0.661322645291 1.0176862231e-11
0.681362725451 1.0049129025e-11
0.701402805611 9.9017058637e-12
0.721442885772 9.77333056965e-12
0.741482965932 9.6577445088e-12
0.761523046092 9.5425141442e-12
0.781563126253 9.43843588261e-12
0.801603206413 9.34717437688e-12
0.821643286573 9.23005743259e-12
0.841683366733 9.09826368855e-12
0.861723446894 8.97604018653e-12
0.881763527054 8.84227265463e-12
0.901803607214 8.66514232818e-12
0.921843687375 8.49919286885e-12
0.941883767535 8.34229953449e-12
0.961923847695 8.16651180248e-12
0.981963927856 7.99839420304e-12
1.00200400802 7.84118926061e-12
1.02204408818 7.70581325902e-12
1.04208416834 7.58550391897e-12
1.0621242485 7.47005365719e-12
1.08216432866 7.35423201593e-12
1.10220440882 7.23587464419e-12
1.12224448898 7.1228929349e-12
1.14228456914 7.01879411992e-12
1.1623246493 6.88964879207e-12
1.18236472946 6.76394832417e-12
1.20240480962 6.64328109878e-12
1.22244488978 6.52515029546e-12
1.24248496994 6.41019044372e-12
1.2625250501 6.2993809696e-12
1.28256513026 6.19365392296e-12
1.30260521042 6.09544396225e-12
1.32264529058 6.00072475618e-12
1.34268537074 5.90923268559e-12
1.3627254509 5.8305999293e-12
1.38276553106 5.75513464237e-12
1.40280561122 5.68152821567e-12
1.42284569138 5.60274563455e-12
1.44288577154 5.52210822579e-12
1.4629258517 5.44384091902e-12
1.48296593186 5.3686280518e-12
1.50300601202 5.29807273354e-12
1.52304609218 5.22961070597e-12
1.54308617234 5.16503349025e-12
1.56312625251 5.09077518651e-12
1.58316633267 5.0181220016e-12
1.60320641283 4.94749491897e-12
1.62324649299 4.87902164034e-12
1.64328657315 4.81251750332e-12
1.66332665331 4.74755108494e-12
1.68336673347 4.68644259825e-12
1.70340681363 4.6330457644e-12
1.72344689379 4.58101186891e-12
1.74348697395 4.5301428373e-12
1.76352705411 4.45396579601e-12
1.78356713427 4.37881495509e-12
1.80360721443 4.30547627824e-12
1.82364729459 4.24238147298e-12
1.84368737475 4.18549478829e-12
1.86372745491 4.12992447541e-12
1.88376753507 4.08293276745e-12
1.90380761523 4.05310171447e-12
1.92384769539 4.02394663715e-12
1.94388777555 3.99544435785e-12
1.96392785571 3.9397350043e-12
1.98396793587 3.88466143852e-12
2.00400801603 3.82823129482e-12
2.02404809619 3.77942311101e-12
2.04408817635 3.72956905848e-12
2.06412825651 3.68075976574e-12
2.08416833667 3.63315522165e-12
2.10420841683 3.58693263437e-12
2.12424849699 3.54164817595e-12
2.14428857715 3.49727313439e-12
2.16432865731 3.45195159466e-12
2.18436873747 3.40750264147e-12
2.20440881764 3.36391791822e-12
2.2244488978 3.31576523032e-12
2.24448897796 3.26577292784e-12
2.26452905812 3.21671944013e-12
2.28456913828 3.1677548593e-12
2.30460921844 3.11803930271e-12
2.3246492986 3.06922957447e-12
2.34468937876 3.02130704525e-12
2.36472945892 2.98359332829e-12
2.38476953908 2.94655117216e-12
2.40480961924 2.9101625403e-12
2.4248496994 2.87342199597e-12
2.44488977956 2.83683664826e-12
2.46492985972 2.800878787e-12
2.48496993988 2.76097134534e-12
2.50501002004 2.71298867566e-12
2.5250501002 2.66580237866e-12
2.54509018036 2.61959389045e-12
2.56513026052 2.59209948419e-12
2.58517034068 2.56505453597e-12
2.60521042084 2.53844796216e-12
2.625250501 2.50268617919e-12
2.64529058116 2.46303886901e-12
2.66533066132 2.42401286202e-12
2.68537074148 2.38589336156e-12
2.70541082164 2.34891145345e-12
2.7254509018 2.31249544255e-12
2.74549098196 2.27674299772e-12
2.76553106212 2.24657056195e-12
2.78557114228 2.21685022402e-12
2.80561122244 2.1875717662e-12
2.82565130261 2.1474380179e-12
2.84569138277 2.10288850734e-12
2.86573146293 2.05898244079e-12
2.88577154309 2.02146590662e-12
2.90581162325 1.99458363128e-12
2.92585170341 1.96808335052e-12
2.94589178357 1.94172014959e-12
2.96593186373 1.90853808876e-12
2.98597194389 1.87581576021e-12
3.00601202405 1.84354356254e-12
3.02605210421 1.81121305006e-12
3.04609218437 1.77911028111e-12
3.06613226453 1.74743977286e-12
3.08617234469 1.71685138454e-12
3.10621242485 1.68777437144e-12
3.12625250501 1.65908109884e-12
3.14629258517 1.63087347178e-12
3.16633266533 1.60551513139e-12
3.18637274549 1.58048508401e-12
3.20641282565 1.55577692277e-12
3.22645290581 1.5265545641e-12
3.24649298597 1.49576214211e-12
3.26653306613 1.46535705603e-12
3.28657314629 1.43421976244e-12
3.30661322645 1.40168251064e-12
3.32665330661 1.36954644346e-12
3.34669338677 1.33818704771e-12
3.36673346693 1.31410067966e-12
3.38677354709 1.29030634067e-12
3.40681362725 1.26679869618e-12
3.42685370741 1.24236975935e-12
3.44689378758 1.21777208037e-12
3.46693386774 1.19346518877e-12
3.4869739479 1.16984445055e-12
3.50701402806 1.14711581067e-12
3.52705410822 1.12465112686e-12
3.54709418838 1.10227711574e-12
3.56713426854 1.07765186995e-12
3.5871743487 1.05330734533e-12
3.60721442886 1.02923872395e-12
3.62725450902 1.00657328824e-12
3.64729458918 9.84572324029e-13
3.66733466934 9.62816520543e-13
3.6873747495 9.42010502108e-13
3.70741482966 9.22478347167e-13
3.72745490982 9.03160280003e-13
3.74749498998 8.84109616646e-13
3.76753507014 8.65983324147e-13
3.7875751503 8.4805245839e-13
3.80761523046 8.30313846745e-13
3.82765531062 8.10410597638e-13
3.84769539078 7.89908929656e-13
3.86773547094 7.69623307684e-13
3.8877755511 7.50691409796e-13
3.90781563126 7.33568812068e-13
3.92785571142 7.16623908115e-13
3.94789579158 6.9997212726e-13
3.96793587174 6.84784698094e-13
3.9879759519 6.6975247619e-13
4.00801603206 6.54873073648e-13
4.02805611222 6.38741619691e-13
4.04809619238 6.22315765137e-13
4.06813627255 6.0605422758e-13
4.08817635271 5.91033208752e-13
4.10821643287 5.77621680588e-13
4.12825651303 5.64342393075e-13
4.14829659319 5.51144472986e-13
4.16833667335 5.3760451142e-13
4.18837675351 5.24196037355e-13
4.20841683367 5.10917129216e-13
4.22845691383 4.98686406832e-13
4.24849699399 4.86856060548e-13
4.26853707415 4.75138407797e-13
4.28857715431 4.63250366794e-13
4.30861723447 4.51108974891e-13
4.32865731463 4.39081543362e-13
4.34869739479 4.27298161289e-13
4.36873747495 4.16753475581e-13
4.38877755511 4.06306404044e-13
4.40881763527 3.95955586742e-13
4.42885771543 3.86417335794e-13
4.44889779559 3.77174608429e-13
4.46893787575 3.6801588552e-13
4.48897795591 3.58863558065e-13
4.50901803607 3.49698419342e-13
4.52905811623 3.40615426345e-13
4.54909819639 3.31658145967e-13
4.56913827655 3.23124883008e-13
4.58917835671 3.14667077968e-13
4.60921843687 3.06283726723e-13
4.62925851703 2.98065921538e-13
4.64929859719 2.89945003627e-13
4.66933867735 2.81894625033e-13
4.68937875752 2.7433470683e-13
4.70941883768 2.67342668361e-13
4.72945891784 2.60410593632e-13
4.749498998 2.53468119405e-13
4.76953907816 2.46098225574e-13
4.78957915832 2.38790696962e-13
4.80961923848 2.31544739628e-13
4.82965931864 2.25028881608e-13
4.8496993988 2.18739553412e-13
4.86973947896 2.12502564678e-13
4.88977955912 2.06452794053e-13
4.90981963928 2.00608298064e-13
4.92985971944 1.94811835161e-13
4.9498997996 1.89139229969e-13
4.96993987976 1.84000407168e-13
4.98997995992 1.78903307927e-13
5.01002004008 1.73940917266e-13
5.03006012024 1.69104899246e-13
5.0501002004 1.64307668364e-13
5.07014028056 1.59799234622e-13
5.09018036072 1.55331816915e-13
5.11022044088 1.50899801625e-13
5.13026052104 1.46502766489e-13
5.1503006012 1.42140295992e-13
5.17034068136 1.38119938905e-13
5.19038076152 1.34150729987e-13
5.21042084168 1.30212359443e-13
5.23046092184 1.26304466645e-13
5.250501002 1.22426696617e-13
5.27054108216 1.18929781872e-13
5.29058116232 1.15498911675e-13
5.31062124248 1.12094187937e-13
5.33066132265 1.08715310702e-13
5.35070140281 1.05361984628e-13
5.37074148297 1.02130158819e-13
5.39078156313 9.89383768114e-14
5.41082164329 9.57704572727e-14
5.43086172345 9.26261316959e-14
5.45090180361 8.95051356227e-14
5.47094188377 8.67127694415e-14
5.49098196393 8.40086151965e-14
5.51102204409 8.13243071771e-14
5.53106212425 7.86596261158e-14
5.55110220441 7.60143559924e-14
5.57114228457 7.34995743338e-14
5.59118236473 7.10346655276e-14
5.61122244489 6.85875173093e-14
5.63126252505 6.615793705e-14
5.65130260521 6.37457349215e-14
5.67134268537 6.15531778294e-14
5.69138276553 5.94480519563e-14
5.71142284569 5.73578258237e-14
5.73146292585 5.52823406616e-14
5.75150300601 5.32214399695e-14
5.77154308617 5.12482703161e-14
5.79158316633 4.93206297536e-14
5.81162324649 4.74063925893e-14
5.83166332665 4.55054185293e-14
5.85170340681 4.36175692492e-14
5.87174348697 4.18322876614e-14
5.89178356713 4.01059456649e-14
5.91182364729 3.83914005834e-14
5.93186372745 3.66885310686e-14
5.95190380762 3.49972174465e-14
5.97194388778 3.34827298704e-14
5.99198396794 3.20811353994e-14
6.0120240481 3.06889592164e-14
6.03206412826 2.93061060128e-14
6.05210420842 2.7932481775e-14
6.07214428858 2.66365861504e-14
6.09218436874 2.53996559637e-14
6.1122244489 2.41708994801e-14
6.13226452906 2.29502353563e-14
6.15230460922 2.17375833363e-14
6.17234468938 2.05726669557e-14
6.19238476954 1.94497788914e-14
6.2124248497 1.8334189076e-14
6.23246492986 1.72258260783e-14
6.25250501002 1.61246194059e-14
6.27254509018 1.51143133327e-14
6.29258517034 1.41957354368e-14
6.3126252505 1.32830331825e-14
6.33266533066 1.237614995e-14
6.35270541082 1.14750298533e-14
6.37274549098 1.06373895225e-14
6.39278557114 9.87414179453e-15
6.4128256513 9.11569977191e-15
6.43286573146 8.36201785256e-15
6.45290581162 7.61305101659e-15
6.47294589178 6.95441701852e-15
6.49298597194 6.42067236667e-15
6.5130260521 5.89023868823e-15
6.53306613226 5.36308498152e-15
6.55310621242 4.83918063657e-15
6.57314629259 4.37815965468e-15
6.59318637275 4.01964582094e-15
6.61322645291 3.6633244291e-15
6.63326653307 3.30917519433e-15
6.65330661323 2.95717808611e-15
6.67334669339 2.61916062327e-15
6.69338677355 2.30680990167e-15
6.71342685371 1.99634053084e-15
6.73346693387 1.68773536302e-15
6.75350701403 1.38097746245e-15
6.77354709419 1.10810059566e-15
6.79358717435 9.13986446074e-16
6.81362725451 7.21026410183e-16
6.83366733467 5.29210061048e-16
6.85370741483 3.38527100481e-16
6.87374749499 1.88271209361e-16
6.89378757515 1.54903127563e-16
6.91382765531 1.21736000273e-16
6.93386773547 8.87678901969e-17
6.95390781563 5.59968875808e-17
6.97394789579 2.95398737048e-17
6.99398797595 2.59027287765e-17
7.01402805611 2.22922800341e-17
7.03406813627 1.87081390294e-17
7.05410821643 1.51499260906e-17
7.07414829659 1.19992537644e-17
7.09418837675 1.07088509955e-17
7.11422845691 9.4307539542e-18
7.13426853707 8.16472187946e-18
7.15430861723 6.9105204443e-18
7.17434869739 5.80666493086e-18
7.19438877756 5.62862108739e-18
7.21442885772 5.45587101179e-18
7.23446893788 5.2882532848e-18
7.25450901804 5.12561147478e-18
7.2745490982 4.96815821883e-18
7.29458917836 4.81901208705e-18
7.31462925852 4.67437901e-18
7.33466933868 4.53412117472e-18
7.35470941884 4.39810502116e-18
7.374749499 4.26620110933e-18
7.39478957916 4.13828399071e-18
7.41482965932 4.01423208358e-18
7.43486973948 3.89392755244e-18
7.45490981964 3.77725619119e-18
7.4749498998 3.66410731e-18
7.49498997996 3.55437362573e-18
7.51503006012 3.4479511559e-18
7.53507014028 3.3447391159e-18
7.55511022044 3.24463981952e-18
7.5751503006 3.14755858257e-18
7.59519038076 3.05340362957e-18
7.61523046092 2.96208600338e-18
7.63527054108 2.87351947762e-18
7.65531062124 2.78762047194e-18
7.6753507014 2.70430796987e-18
7.69539078156 2.62350343931e-18
7.71543086172 2.54513075546e-18
7.73547094188 2.46911612626e-18
7.75551102204 2.39538802006e-18
7.7755511022 2.32387709566e-18
7.79559118236 2.2545161345e-18
7.81563126253 2.18723997493e-18
7.83567134269 2.12198544866e-18
7.85571142285 2.05869131905e-18
7.87575150301 1.99729822146e-18
7.89579158317 1.93774860541e-18
7.91583166333 1.87998667853e-18
7.93587174349 1.82395835232e-18
7.95591182365 1.76961118954e-18
7.97595190381 1.71689435327e-18
7.99599198397 1.66575855762e-18
8.01603206413 1.61615601985e-18
8.03607214429 1.5680404141e-18
8.05611222445 1.52136682651e-18
8.07615230461 1.47609171174e-18
8.09619238477 1.43217285087e-18
8.11623246493 1.38956931056e-18
8.13627254509 1.34824140354e-18
8.15631262525 1.30815065028e-18
8.17635270541 1.2692597419e-18
8.19639278557 1.23153250421e-18
8.21643286573 1.1949338628e-18
8.23647294589 1.15942980938e-18
8.25651302605 1.12498736897e-18
8.27655310621 1.09157456826e-18
8.29659318637 1.05916040486e-18
8.31663326653 1.02771481757e-18
8.33667334669 9.97208657487e-19
8.35671342685 9.67613660108e-19
8.37675350701 9.38902418215e-19
8.39679358717 9.11048355644e-19
8.41683366733 8.84025701845e-19
8.43687374749 8.5780946724e-19
8.45691382766 8.3237541934e-19
8.47695390782 8.07700059595e-19
8.49699398798 7.83760600964e-19
8.51703406814 7.60534946179e-19
8.5370741483 7.38001666679e-19
8.55711422846 7.16139982186e-19
8.57715430862 6.94929740926e-19
8.59719438878 6.74351400446e-19
8.61723446894 6.54386009031e-19
8.6372745491 6.35015187688e-19
8.65731462926 6.16221112691e-19
8.67735470942 5.97986498656e-19
8.69739478958 5.80294582143e-19
8.71743486974 5.63129105762e-19
8.7374749499 5.4647430276e-19
8.75751503006 5.30314882094e-19
8.77755511022 5.14636013954e-19
8.79759519038 4.99423315734e-19
8.81763527054 4.84662838434e-19
8.8376753507 4.70341053476e-19
8.85771543086 4.5644483993e-19
8.87775551102 4.4296147213e-19
8.89779559118 4.29878607664e-19
8.91783567134 4.17184275745e-19
8.9378757515 4.04866865922e-19
8.95791583166 3.92915117153e-19
8.97795591182 3.81318107202e-19
8.99799599198 3.70065242361e-19
9.01803607214 3.59146247495e-19
9.0380761523 3.48551156381e-19
9.05811623246 3.38270302351e-19
9.07815631263 3.28294309214e-19
9.09819639279 3.18614082463e-19
9.11823647295 3.09220800743e-19
9.13827655311 3.00105907585e-19
9.15831663327 2.91261103391e-19
9.17835671343 2.82678337662e-19
9.19839679359 2.74349801466e-19
9.21843687375 2.66267920134e-19
9.23847695391 2.58425346177e-19
9.25851703407 2.50814952424e-19
9.27855711423 2.43429825365e-19
9.29859719439 2.36263258695e-19
9.31863727455 2.29308747065e-19
9.33867735471 2.22559980007e-19
9.35871743487 2.16010836059e-19
9.37875751503 2.09655377061e-19
9.39879759519 2.03487842624e-19
9.41883767535 1.97502644773e-19
9.43887775551 1.91694362746e-19
9.45891783567 1.86057737956e-19
9.47895791583 1.80587669105e-19
9.49899799599 1.75279207444e-19
9.51903807615 1.70127552179e-19
9.53907815631 1.65128046018e-19
9.55911823647 1.6027617085e-19
9.57915831663 1.55567543557e-19
9.59919839679 1.50997911951e-19
9.61923847695 1.46563150839e-19
9.63927855711 1.42259258201e-19
9.65931863727 1.38082351487e-19
9.67935871743 1.34028664029e-19
9.6993987976 1.30094541556e-19
9.71943887776 1.26276438818e-19
9.73947895792 1.22570916311e-19
9.75951903808 1.18974637104e-19
9.77955911824 1.15484363756e-19
9.7995991984 1.12096955333e-19
9.81963927856 1.0880936451e-19
9.83967935872 1.05618634763e-19
9.85971943888 1.02521897649e-19
9.87975951904 9.95163701589e-20
9.8997995992 0.0
9.91983967936 0.0
9.93987975952 0.0
9.95991983968 0.0
9.97995991984 0.0
10.0 0.0
