0.0 0.0
0.0200400801603 0.0
0.0400801603206 0.0
0.060120240481 0.0
0.0801603206413 0.0
0.100200400802 0.0
0.120240480962 0.0
0.140280561122 0.0
0.160320641283 0.0
0.180360721443 0.0
0.200400801603 0.0
0.220440881764 0.0
0.240480961924 2.89884859595e-09
0.260521042084 4.27890098529e-11
0.280561122244 3.78038041604e-11
0.300601202405 3.61893219886e-11
0.320641282565 3.62373926701e-11
0.340681362725 3.73780492774e-11
0.360721442886 3.78302696165e-11
0.380761523046 3.82736637988e-11
0.400801603206 3.87445564879e-11
0.420841683367 3.92470918595e-11
0.440881763527 3.97593409652e-11
0.460921843687 4.02537787088e-11
0.480961923848 4.07008783459e-11
0.501002004008 4.10478950561e-11
0.521042084168 4.13839225288e-11
0.541082164329 4.17029501964e-11
0.561122244489 4.19942728611e-11
0.581162324649 4.22733052532e-11
0.60120240481 4.25400677726e-11
0.62124248497 4.27678636485e-11
0.64128256513 4.29682341005e-11
0.661322645291 4.3162673082e-11
0.681362725451 4.32928911676e-11
0.701402805611 4.32452807167e-11
0.721442885772 4.32055718589e-11
0.741482965932 4.3170017221e-11
0.761523046092 4.30811967307e-11
0.781563126253 4.29956920809e-11
0.801603206413 4.29199489836e-11
0.821643286573 4.26813496489e-11
0.841683366733 4.2340882917e-11
0.861723446894 4.20191442334e-11
0.881763527054 4.16232328524e-11
0.901803607214 4.09948446895e-11
0.921843687375 4.0397302258e-11
0.941883767535 3.98273679421e-11
0.961923847695 3.91474956838e-11
0.981963927856 3.8487939268e-11
1.00200400802 3.78591201266e-11
1.02204408818 3.73194977511e-11
1.04208416834 3.68427640572e-11
1.0621242485 3.63846500295e-11
1.08216432866 3.59274375689e-11
1.10220440882 3.54487384337e-11
1.12224448898 3.49885213866e-11
1.14228456914 3.45494106468e-11
1.1623246493 3.39781909243e-11
1.18236472946 3.34180566539e-11
1.20240480962 3.28777147597e-11
1.22244488978 3.23450862903e-11
1.24248496994 3.1823657621e-11
1.2625250501 3.13195267735e-11
1.28256513026 3.08388705925e-11
1.30260521042 3.03923935098e-11
1.32264529058 2.99601466689e-11
1.34268537074 2.95413798069e-11
1.3627254509 2.9184807477e-11
1.38276553106 2.8841693238e-11
1.40280561122 2.8508236097e-11
1.42284569138 2.81477319248e-11
1.44288577154 2.77755346091e-11
1.4629258517 2.74138223042e-11
1.48296593186 2.70669890331e-11
1.50300601202 2.67419568547e-11
1.52304609218 2.64258130688e-11
1.54308617234 2.61200316617e-11
1.56312625251 2.57632349629e-11
1.58316633267 2.54133009731e-11
1.60320641283 2.50724173943e-11
1.62324649299 2.47413476385e-11
1.64328657315 2.44192573826e-11
1.66332665331 2.41049462506e-11
1.68336673347 2.38114707961e-11
1.70340681363 2.35565585697e-11
1.72344689379 2.330775349e-11
1.74348697395 2.30646944469e-11
1.76352705411 2.26909087886e-11
1.78356713427 2.23215084603e-11
1.80360721443 2.19605252502e-11
1.82364729459 2.1651376026e-11
1.84368737475 2.1373443444e-11
1.86372745491 2.11016287004e-11
1.88376753507 2.0873347727e-11
1.90380761523 2.07328658196e-11
1.92384769539 2.05953918468e-11
1.94388777555 2.04608295516e-11
1.96392785571 2.01855996003e-11
1.98396793587 1.99131421364e-11
2.00400801603 1.96437511317e-11
2.02404809619 1.93907847928e-11
2.04408817635 1.91433164065e-11
2.06412825651 1.89007612215e-11
2.08416833667 1.8663970146e-11
2.10420841683 1.84338826599e-11
2.12424849699 1.82082293603e-11
2.14428857715 1.79868825602e-11
2.16432865731 1.77602682731e-11
2.18436873747 1.75378035497e-11
2.20440881764 1.73194629075e-11
2.2244488978 1.70771634258e-11
2.24448897796 1.68250187856e-11
2.26452905812 1.6577414301e-11
2.28456913828 1.63299662072e-11
2.30460921844 1.60783383039e-11
2.3246492986 1.58311188992e-11
2.34468937876 1.55882250431e-11
2.36472945892 1.53979579754e-11
2.38476953908 1.52109421169e-11
2.40480961924 1.50270944299e-11
2.4248496994 1.48412135961e-11
2.44488977956 1.46559352411e-11
2.46492985972 1.44737159226e-11
2.48496993988 1.42708292961e-11
2.50501002004 1.40258748761e-11
2.5250501002 1.37848592971e-11
2.54509018036 1.35487326192e-11
2.56513026052 1.34095337816e-11
2.58517034068 1.32725256047e-11
2.60521042084 1.31376565438e-11
2.625250501 1.29551320749e-11
2.64529058116 1.27522962223e-11
2.66533066132 1.25525470024e-11
2.68537074148 1.23573715181e-11
2.70541082164 1.21679762962e-11
2.7254509018 1.19813982931e-11
2.74549098196 1.17981500813e-11
2.76553106212 1.16437803951e-11
2.78557114228 1.14916576257e-11
2.80561122244 1.13417328712e-11
2.82565130261 1.1135295572e-11
2.84569138277 1.09058023691e-11
2.86573146293 1.06795491228e-11
2.88577154309 1.0486413685e-11
2.90581162325 1.03484794856e-11
2.92585170341 1.02124545276e-11
2.94589178357 1.00770682021e-11
2.96593186373 9.90614569957e-12
2.98597194389 9.73753846983e-12
3.00601202405 9.57119961752e-12
3.02605210421 9.40448695546e-12
3.04609218437 9.23889091289e-12
3.06613226453 9.07547807071e-12
3.08617234469 8.91763269111e-12
3.10621242485 8.76759200203e-12
3.12625250501 8.61949096491e-12
3.14629258517 8.47386221943e-12
3.16633266533 8.34301156406e-12
3.18637274549 8.2138203944e-12
3.20641282565 8.08625723436e-12
3.22645290581 7.93514488921e-12
3.24649298597 7.77580939137e-12
3.26653306613 7.61844306278e-12
3.28657314629 7.45721761713e-12
3.30661322645 7.28865603583e-12
3.32665330661 7.12213904344e-12
3.34669338677 6.95962411893e-12
3.36673346693 6.83495248529e-12
3.38677354709 6.71176651956e-12
3.40681362725 6.59003974234e-12
3.42685370741 6.46347990872e-12
3.44689378758 6.33600806977e-12
3.46693386774 6.21001939921e-12
3.4869739479 6.08757525029e-12
3.50701402806 5.96975030655e-12
3.52705410822 5.8532726692e-12
3.54709418838 5.73724025746e-12
3.56713426854 5.60944795152e-12
3.5871743487 5.48309181919e-12
3.60721442886 5.35814772034e-12
3.62725450902 5.24049287339e-12
3.64729458918 5.1262781187e-12
3.66733466934 5.01331862614e-12
3.6873747495 4.90528880173e-12
3.70741482966 4.8038796347e-12
3.72745490982 4.70356690757e-12
3.74749498998 4.60462931657e-12
3.76753507014 4.51049333994e-12
3.7875751503 4.41735885452e-12
3.80761523046 4.32520992181e-12
3.82765531062 4.22175543696e-12
3.84769539078 4.11516290815e-12
3.86773547094 4.0096803577e-12
3.8877755511 3.9112423447e-12
3.90781563126 3.82222647586e-12
3.92785571142 3.73412335243e-12
3.94789579158 3.64753558988e-12
3.96793587174 3.56857366659e-12
3.9879759519 3.49040913126e-12
4.00801603206 3.41302993708e-12
4.02805611222 3.32910687032e-12
4.04809619238 3.24363603349e-12
4.06813627255 3.15901099443e-12
4.08817635271 3.08084759406e-12
4.10821643287 3.01107209962e-12
4.12825651303 2.94197704309e-12
4.14829659319 2.87329726309e-12
4.16833667335 2.80282345377e-12
4.18837675351 2.73302688837e-12
4.20841683367 2.6638978297e-12
4.22845691383 2.6002308987e-12
4.24849699399 2.53864575333e-12
4.26853707415 2.47764125597e-12
4.28857715431 2.4157400879e-12
4.30861723447 2.35250930917e-12
4.32865731463 2.28986629526e-12
4.34869739479 2.2284903403e-12
4.36873747495 2.17357395074e-12
4.38877755511 2.1191610277e-12
4.40881763527 2.06524466453e-12
4.42885771543 2.01556463611e-12
4.44889779559 1.96742207741e-12
4.46893787575 1.91971292555e-12
4.48897795591 1.87203214229e-12
4.50901803607 1.82427957067e-12
4.52905811623 1.77695112378e-12
4.54909819639 1.73027443184e-12
4.56913827655 1.6858072769e-12
4.58917835671 1.64172985757e-12
4.60921843687 1.59803706209e-12
4.62925851703 1.55520469829e-12
4.64929859719 1.51287438243e-12
4.66933867735 1.47090864855e-12
4.68937875752 1.43150057889e-12
4.70941883768 1.39505475622e-12
4.72945891784 1.35891883821e-12
4.749498998 1.32272543803e-12
4.76953907816 1.28429661279e-12
4.78957915832 1.24619039455e-12
4.80961923848 1.20840273029e-12
4.82965931864 1.17442552833e-12
4.8496993988 1.14162882748e-12
4.86973947896 1.10910290577e-12
4.88977955912 1.07755237524e-12
4.90981963928 1.04707167398e-12
4.92985971944 1.01683954348e-12
4.9498997996 9.87252144257e-13
4.96993987976 9.60450966774e-13
4.98997995992 9.33865714395e-13
5.01002004008 9.07982208762e-13
5.03006012024 8.82756987088e-13
5.0501002004 8.57732558945e-13
5.07014028056 8.34215125237e-13
5.09018036072 8.10910283405e-13
5.11022044088 7.87788755357e-13
5.13026052104 7.64848382668e-13
5.1503006012 7.42087040733e-13
5.17034068136 7.21111669272e-13
5.19038076152 7.00402120551e-13
5.21042084168 6.79852321577e-13
5.23046092184 6.59460427658e-13
5.250501002 6.39224622458e-13
5.27054108216 6.20977620282e-13
5.29058116232 6.03074544619e-13
5.31062124248 5.85306953401e-13
5.33066132265 5.67673311676e-13
5.35070140281 5.50172107642e-13
5.37074148297 5.33304773015e-13
5.39078156313 5.16645687306e-13
5.41082164329 5.00110321453e-13
5.43086172345 4.83697299916e-13
5.45090180361 4.67405267512e-13
5.47094188377 4.52829777588e-13
5.49098196393 4.38714460969e-13
5.51102204409 4.24702060651e-13
5.53106212425 4.10791453169e-13
5.55110220441 3.96981531386e-13
5.57114228457 3.83852858853e-13
5.59118236473 3.70984140104e-13
5.61122244489 3.58207563496e-13
5.63126252505 3.45522141223e-13
5.65130260521 3.32926899578e-13
5.67134268537 3.21479067505e-13
5.69138276553 3.10487638091e-13
5.71142284569 2.99573523931e-13
5.73146292585 2.88735910701e-13
5.75150300601 2.77973995495e-13
5.77154308617 2.67670140706e-13
5.79158316633 2.5760377644e-13
5.81162324649 2.47606992705e-13
5.83166332665 2.37679069338e-13
5.85170340681 2.27819296103e-13
5.87174348697 2.18495244763e-13
5.89178356713 2.09478877091e-13
5.91182364729 2.00523770909e-13
5.93186372745 1.91629302936e-13
5.95190380762 1.82794858336e-13
5.97194388778 1.74884440364e-13
5.99198396794 1.67563858296e-13
6.0120240481 1.60292185796e-13
6.03206412826 1.53068933497e-13
6.05210420842 1.45893618554e-13
6.07214428858 1.39124368682e-13
6.09218436874 1.32663107692e-13
6.1122244489 1.26244304546e-13
6.13226452906 1.19867541404e-13
6.15230460922 1.13532405906e-13
6.17234468938 1.07446592342e-13
6.19238476954 1.01580273863e-13
6.2124248497 9.57518789752e-14
6.23246492986 8.99610405053e-14
6.25250501002 8.42073960172e-14
6.27254509018 7.89288147678e-14
6.29258517034 7.41296422942e-14
6.3126252505 6.93610016946e-14
6.33266533066 6.46226020262e-14
6.35270541082 5.99141560406e-14
6.37274549098 5.55374585748e-14
6.39278557114 5.15495844426e-14
6.4128256513 4.75866837723e-14
6.43286573146 4.36485222876e-14
6.45290581162 3.97348686413e-14
6.47294589178 3.62934269345e-14
6.49298597194 3.35049123024e-14
6.5130260521 3.07335933701e-14
6.53306613226 2.79793112376e-14
6.55310621242 2.52419089629e-14
6.57314629259 2.28332325772e-14
6.59318637275 2.09604985122e-14
6.61322645291 1.90991398822e-14
6.63326653307 1.72490530939e-14
6.65330661323 1.54101358136e-14
6.67334669339 1.36442423507e-14
6.69338677355 1.20124945774e-14
6.71342685371 1.03905100386e-14
6.73346693387 8.77820114813e-15
6.75350701403 7.17548136913e-15
6.77354709419 5.749879692e-15
6.79358717435 4.7361214382e-15
6.81362725451 3.72834162168e-15
6.83366733467 2.72648733538e-15
6.85370741483 1.73050629836e-15
6.87374749499 9.4590193729e-16
6.89378757515 7.72564934195e-16
6.91382765531 6.00240761341e-16
6.93386773547 4.28920436365e-16
6.95390781563 2.58595085735e-16
6.97394789579 1.21257594698e-16
6.99398797595 1.03237429438e-16
7.01402805611 8.53261853403e-17
7.03406813627 6.7522770941e-17
7.05410821643 4.9826111536e-17
7.07414829659 3.42330243017e-17
7.09418837675 2.83426114699e-17
7.11422845691 2.24904255369e-17
7.13426853707 1.66760074183e-17
7.15430861723 1.08989069027e-17
7.17434869739 5.88437072498e-18
7.19438877756 5.68919100935e-18
7.21442885772 5.49939310921e-18
7.23446893788 5.31481511522e-18
7.25450901804 5.13530010282e-18
7.2745490982 4.96260115609e-18
7.29458917836 4.81365147308e-18
7.31462925852 4.66920778226e-18
7.33466933868 4.52913252927e-18
7.35470941884 4.39329240304e-18
7.374749499 4.26155820324e-18
7.39478957916 4.13380471206e-18
7.41482965932 4.00991056992e-18
7.43486973948 3.88975815519e-18
7.45490981964 3.77323346765e-18
7.4749498998 3.66022601572e-18
7.49498997996 3.55062870715e-18
7.51503006012 3.44433774327e-18
7.53507014028 3.34125251643e-18
7.55511022044 3.24127551086e-18
7.5751503006 3.1443122065e-18
7.59519038076 3.0502709859e-18
7.61523046092 2.95906304414e-18
7.63527054108 2.87060230142e-18
7.65531062124 2.78480531857e-18
7.6753507014 2.70159121509e-18
7.69539078156 2.62088158983e-18
7.71543086172 2.54260044415e-18
7.73547094188 2.46667410747e-18
7.75551102204 2.3930311652e-18
7.7755511022 2.32160238887e-18
7.79559118236 2.2523206685e-18
7.81563126253 2.18512094708e-18
7.83567134269 2.11994015708e-18
7.85571142285 2.05671715897e-18
7.87575150301 1.99539268165e-18
7.89579158317 1.93590926476e-18
7.91583166333 1.87821120275e-18
7.93587174349 1.82224449078e-18
7.95591182365 1.76795677222e-18
7.97595190381 1.71529728783e-18
7.99599198397 1.66421682654e-18
8.01603206413 1.61466767773e-18
8.03607214429 1.56660358504e-18
8.05611222445 1.51997970158e-18
8.07615230461 1.47475254653e-18
8.09619238477 1.43087996317e-18
8.11623246493 1.38832107809e-18
8.13627254509 1.34703626179e-18
8.15631262525 1.30698709041e-18
8.17635270541 1.26813630874e-18
8.19639278557 1.23044779428e-18
8.21643286573 1.1938865225e-18
8.23647294589 1.15841853312e-18
8.25651302605 1.1240108975e-18
8.27655310621 1.09063168697e-18
8.29659318637 1.05824994217e-18
8.31663326653 1.02683564337e-18
8.33667334669 9.96359681682e-19
8.35671342685 9.6679383114e-19
8.37675350701 9.38110721696e-19
8.39679358717 9.10283813016e-19
8.41683366733 8.83287369096e-19
8.43687374749 8.57096433664e-19
8.45691382766 8.31686806341e-19
8.47695390782 8.07035019538e-19
8.49699398798 7.83118316069e-19
8.51703406814 7.59914627451e-19
8.5370741483 7.37402552874e-19
8.55711422846 7.15561338827e-19
8.57715430862 6.94370859341e-19
8.59719438878 6.73811596852e-19
8.61723446894 6.53864623642e-19
8.6372745491 6.34511583862e-19
8.65731462926 6.15734676106e-19
8.67735470942 5.97516636514e-19
8.69739478958 5.79840722405e-19
8.71743486974 5.62690696407e-19
8.7374749499 5.4605081108e-19
8.75751503006 5.29905794002e-19
8.77755511022 5.14240833328e-19
8.79759519038 4.99041563775e-19
8.81763527054 4.84294053054e-19
8.8376753507 4.69984788708e-19
8.85771543086 4.56100665355e-19
8.87775551102 4.42628972326e-19
8.89779559118 4.2955738168e-19
8.91783567134 4.16873936583e-19
8.9378757515 4.04567040051e-19
8.95791583166 3.92625444029e-19
8.97795591182 3.8103823881e-19
8.99799599198 3.69794842777e-19
9.01803607214 3.58884992454e-19
9.0380761523 3.48298732873e-19
9.05811623246 3.3802640822e-19
9.07815631263 3.28058652778e-19
9.09819639279 3.18386382145e-19
9.11823647295 3.09000784716e-19
9.13827655311 2.99893313432e-19
9.15831663327 2.91055677771e-19
9.17835671343 2.82479835994e-19
9.19839679359 2.74157987621e-19
9.21843687375 2.66082566138e-19
9.23847695391 2.58246231928e-19
9.25851703407 2.50641865415e-19
9.27855711423 2.43262560416e-19
9.29859719439 2.36101617702e-19
9.31863727455 2.29152538747e-19
9.33867735471 2.22409019672e-19
9.35871743487 2.15864945373e-19
9.37875751503 2.09514383823e-19
9.39879759519 2.03351580557e-19
9.41883767535 1.97370953315e-19
9.43887775551 1.9156708685e-19
9.45891783567 1.85934727901e-19
9.47895791583 1.80468780308e-19
9.49899799599 1.75164300281e-19
9.51903807615 1.70016491815e-19
9.53907815631 1.6502070224e-19
9.55911823647 1.60172417905e-19
9.57915831663 1.55467259998e-19
9.59919839679 1.50900980488e-19
9.61923847695 1.46469458194e-19
9.63927855711 1.42168694971e-19
9.65931863727 1.37994812007e-19
9.67935871743 1.33944046245e-19
9.6993987976 1.30012746899e-19
9.71943887776 1.26197372082e-19
9.73947895792 1.2249448554e-19
9.75951903808 1.18900753476e-19
9.77955911824 1.15412941478e-19
9.7995991984 1.12027911535e-19
9.81963927856 1.08742619145e-19
9.83967935872 1.05554110508e-19
9.85971943888 1.02459519812e-19
9.87975951904 9.9456066589e-20
9.8997995992 0.0
9.91983967936 0.0
9.93987975952 0.0
9.95991983968 0.0
9.97995991984 0.0
10.0 0.0
