0.0 0.0
0.0200400801603 0.0
0.0400801603206 0.0
0.060120240481 0.0
0.0801603206413 0.0
0.100200400802 0.0
0.120240480962 0.0
0.140280561122 0.0
0.160320641283 0.0
0.180360721443 0.0
0.200400801603 0.0
0.220440881764 0.0
0.240480961924 0.0
0.260521042084 0.0
0.280561122244 0.0
0.300601202405 0.0
0.320641282565 0.0
0.340681362725 0.0
0.360721442886 0.0
0.380761523046 0.0
0.400801603206 0.0
0.420841683367 0.0
0.440881763527 0.0
0.460921843687 1.51726380089e-11
0.480961923848 8.0754285858e-12
0.501002004008 6.3931683458e-12
0.521042084168 5.58070198745e-12
0.541082164329 5.08460459002e-12
0.561122244489 4.74868404643e-12
0.581162324649 4.50658754475e-12
0.60120240481 4.32182076097e-12
0.62124248497 4.17369493374e-12
0.64128256513 4.05318447272e-12
0.661322645291 3.95535619091e-12
0.681362725451 3.87158850077e-12
0.701402805611 3.78663961873e-12
0.721442885772 3.71332910307e-12
0.741482965932 3.64635251759e-12
0.761523046092 3.58254945373e-12
0.781563126253 3.52540438625e-12
0.801603206413 3.4765934121e-12
0.821643286573 3.42137592392e-12
0.841683366733 3.36242338434e-12
0.861723446894 3.30769912583e-12
0.881763527054 3.24882104752e-12
0.901803607214 3.17571595386e-12
0.921843687375 3.10753140413e-12
0.941883767535 3.04269100932e-12
0.961923847695 2.9719556961e-12
0.981963927856 2.90463696722e-12
1.00200400802 2.84304091352e-12
1.02204408818 2.7904030787e-12
1.04208416834 2.7434486675e-12
1.0621242485 2.69778816326e-12
1.08216432866 2.65037101301e-12
1.10220440882 2.60248550779e-12
1.12224448898 2.55685960543e-12
1.14228456914 2.51726735524e-12
1.1623246493 2.46930530142e-12
1.18236472946 2.42274436394e-12
1.20240480962 2.37808628529e-12
1.22244488978 2.33445970825e-12
1.24248496994 2.29209258648e-12
1.2625250501 2.25118728689e-12
1.28256513026 2.21187800977e-12
1.30260521042 2.17531714645e-12
1.32264529058 2.14009445616e-12
1.34268537074 2.10606032021e-12
1.3627254509 2.07659705009e-12
1.38276553106 2.04833344303e-12
1.40280561122 2.02038427223e-12
1.42284569138 1.99049275162e-12
1.44288577154 1.9600625119e-12
1.4629258517 1.9304585693e-12
1.48296593186 1.90179062792e-12
1.50300601202 1.87483271983e-12
1.52304609218 1.84869074249e-12
1.54308617234 1.82522700992e-12
1.56312625251 1.79849681236e-12
1.58316633267 1.77236628628e-12
1.60320641283 1.74698681283e-12
1.62324649299 1.72239613654e-12
1.64328657315 1.69852326939e-12
1.66332665331 1.67506780324e-12
1.68336673347 1.65265481673e-12
1.70340681363 1.63295091744e-12
1.72344689379 1.61375823003e-12
1.74348697395 1.59491047734e-12
1.76352705411 1.56735286808e-12
1.78356713427 1.54018928994e-12
1.80360721443 1.51369826165e-12
1.82364729459 1.4907878505e-12
1.84368737475 1.47005523195e-12
1.86372745491 1.44980873198e-12
1.88376753507 1.43255503773e-12
1.90380761523 1.42125561177e-12
1.92384769539 1.41021558792e-12
1.94388777555 1.39942592572e-12
1.96392785571 1.37926784151e-12
1.98396793587 1.35935411467e-12
2.00400801603 1.33733037775e-12
2.02404809619 1.32150321585e-12
2.04408817635 1.30354885284e-12
2.06412825651 1.28598689589e-12
2.08416833667 1.26887106371e-12
2.10420841683 1.25226107397e-12
2.12424849699 1.23600244593e-12
2.14428857715 1.22008401201e-12
2.16432865731 1.20386439167e-12
2.18436873747 1.1879700108e-12
2.20440881764 1.17239690143e-12
2.2244488978 1.15527061426e-12
2.24448897796 1.13753139238e-12
2.26452905812 1.12013654596e-12
2.28456913828 1.10279210727e-12
2.30460921844 1.08520767538e-12
2.3246492986 1.06795373656e-12
2.34468937876 1.05102307681e-12
2.36472945892 1.03762841613e-12
2.38476953908 1.02448089509e-12
2.40480961924 1.01157363387e-12
2.4248496994 9.98559445032e-13
2.44488977956 9.85612557501e-13
2.46492985972 9.72895191596e-13
2.48496993988 9.58829384978e-13
2.50501002004 9.41993046055e-13
2.5250501002 9.2544323719e-13
2.54509018036 9.09241975032e-13
2.56513026052 8.99500241058e-13
2.58517034068 8.89923555924e-13
2.60521042084 8.80507691051e-13
2.625250501 8.67946936233e-13
2.64529058116 8.54056804417e-13
2.66533066132 8.40389733398e-13
2.68537074148 8.27043611622e-13
2.70541082164 8.14097686399e-13
2.7254509018 8.01354672862e-13
2.74549098196 7.8884789704e-13
2.76553106212 7.78270521826e-13
2.78557114228 7.67855836759e-13
2.80561122244 7.57600050251e-13
2.82565130261 7.43611950225e-13
2.84569138277 7.28109457947e-13
2.86573146293 7.12834851843e-13
2.88577154309 6.99766769791e-13
2.90581162325 6.90366602277e-13
2.92585170341 6.81103280022e-13
2.94589178357 6.71892262076e-13
2.96593186373 6.60338076183e-13
2.98597194389 6.48947052367e-13
3.00601202405 6.37715699303e-13
3.02605210421 6.26468768617e-13
3.04609218437 6.15304596763e-13
3.06613226453 6.04293441695e-13
3.08617234469 5.9365889258e-13
3.10621242485 5.83548571992e-13
3.12625250501 5.73574081466e-13
3.14629258517 5.63770366099e-13
3.16633266533 5.54951022166e-13
3.18637274549 5.46247982729e-13
3.20641282565 5.37658921032e-13
3.22645290581 5.27518902537e-13
3.24649298597 5.16841409757e-13
3.26653306613 5.06300177657e-13
3.28657314629 4.95509719029e-13
3.30661322645 4.84240096807e-13
3.32665330661 4.73111227626e-13
3.34669338677 4.62252260491e-13
3.36673346693 4.53899167828e-13
3.38677354709 4.45648888888e-13
3.40681362725 4.37499504694e-13
3.42685370741 4.29035162611e-13
3.44689378758 4.20514819735e-13
3.46693386774 4.12096567992e-13
3.4869739479 4.03916408542e-13
3.50701402806 3.96045144643e-13
3.52705410822 3.88266519043e-13
3.54709418838 3.80520831776e-13
3.56713426854 3.72002058848e-13
3.5871743487 3.63581536152e-13
3.60721442886 3.55257547527e-13
3.62725450902 3.47417973507e-13
3.64729458918 3.39808530629e-13
3.66733466934 3.32284866336e-13
3.6873747495 3.25089406611e-13
3.70741482966 3.18333614601e-13
3.72745490982 3.11652749846e-13
3.74749498998 3.05065115038e-13
3.76753507014 2.98796731364e-13
3.7875751503 2.92596720599e-13
3.80761523046 2.8646395213e-13
3.82765531062 2.79587405354e-13
3.84769539078 2.72505986548e-13
3.86773547094 2.65499912468e-13
3.8877755511 2.58960598659e-13
3.90781563126 2.5304475055e-13
3.92785571142 2.47190930197e-13
3.94789579158 2.41438822671e-13
3.96793587174 2.36191373998e-13
3.9879759519 2.3099811832e-13
4.00801603206 2.25858207197e-13
4.02805611222 2.20288265444e-13
4.04809619238 2.14617761377e-13
4.06813627255 2.09004494903e-13
4.08817635271 2.03818701095e-13
4.10821643287 1.99187287012e-13
4.12825651303 1.94601989741e-13
4.14829659319 1.90045286425e-13
4.16833667335 1.85371492342e-13
4.18837675351 1.80743498848e-13
4.20841683367 1.76160626012e-13
4.22845691383 1.71938879319e-13
4.24849699399 1.6785537531e-13
4.26853707415 1.6381112779e-13
4.28857715431 1.59708737244e-13
4.30861723447 1.55519650601e-13
4.32865731463 1.51370212941e-13
4.34869739479 1.4730516056e-13
4.36873747495 1.43666636816e-13
4.38877755511 1.40062089511e-13
4.40881763527 1.36491037783e-13
4.42885771543 1.33199874758e-13
4.44889779559 1.30010725362e-13
4.46893787575 1.26850816514e-13
4.48897795591 1.23693440691e-13
4.50901803607 1.2053198084e-13
4.52905811623 1.17399090419e-13
4.54909819639 1.14309745265e-13
4.56913827655 1.11366544536e-13
4.58917835671 1.08449581455e-13
4.60921843687 1.05558501497e-13
4.62925851703 1.02724628629e-13
4.64929859719 9.99243374293e-14
4.66933867735 9.71485567515e-14
4.68937875752 9.45417151128e-14
4.70941883768 9.21304311212e-14
4.72945891784 8.97399930151e-14
4.749498998 8.73461919454e-14
4.76953907816 8.48055863839e-14
4.78957915832 8.22866344076e-14
4.80961923848 7.97890564519e-14
4.82965931864 7.75427840301e-14
4.8496993988 7.5374607173e-14
4.86973947896 7.32246076168e-14
4.88977955912 7.11391700006e-14
4.90981963928 6.91244984752e-14
4.92985971944 6.71265058104e-14
4.9498997996 6.51712657045e-14
4.96993987976 6.33997594671e-14
4.98997995992 6.16427453872e-14
5.01002004008 5.99321992436e-14
5.03006012024 5.8265249227e-14
5.0501002004 5.66117677706e-14
5.07014028056 5.50577352629e-14
5.09018036072 5.35179290386e-14
5.11022044088 5.1990414658e-14
5.13026052104 5.04750432442e-14
5.1503006012 4.89716683578e-14
5.17034068136 4.75860574038e-14
5.19038076152 4.621813855e-14
5.21042084168 4.48609237317e-14
5.23046092184 4.35142858496e-14
5.250501002 4.21780998455e-14
5.27054108216 4.09729824509e-14
5.29058116232 3.97906639067e-14
5.31062124248 3.86174202228e-14
5.33066132265 3.74531456596e-14
5.35070140281 3.62977361452e-14
5.37074148297 3.51841861762e-14
5.39078156313 3.40844802099e-14
5.41082164329 3.29930511961e-14
5.43086172345 3.19098046046e-14
5.45090180361 3.0834647367e-14
5.47094188377 2.98725681458e-14
5.49098196393 2.89408859329e-14
5.51102204409 2.80160882334e-14
5.53106212425 2.70980978026e-14
5.55110220441 2.61868385709e-14
5.57114228457 2.5320506872e-14
5.59118236473 2.44713780857e-14
5.61122244489 2.36284075867e-14
5.63126252505 2.27915275732e-14
5.65130260521 2.19606712558e-14
5.67134268537 2.12053927462e-14
5.69138276553 2.04802243354e-14
5.71142284569 1.97602224418e-14
5.73146292585 1.90453311543e-14
5.75150300601 1.83354953834e-14
5.77154308617 1.7655867111e-14
5.79158316633 1.69919327765e-14
5.81162324649 1.63326439958e-14
5.83166332665 1.56779514108e-14
5.85170340681 1.5027806375e-14
5.87174348697 1.44129644387e-14
5.89178356713 1.38184220104e-14
5.91182364729 1.32279671827e-14
5.93186372745 1.26415572827e-14
5.95190380762 1.20591502429e-14
5.97194388778 1.15375754762e-14
5.99198396794 1.10548474926e-14
6.0120240481 1.05753841956e-14
6.03206412826 1.00991520184e-14
6.05210420842 9.6261178638e-15
6.07214428858 9.17983513248e-15
6.09218436874 8.75385104862e-15
6.1122244489 8.33069972627e-15
6.13226452906 7.91035252194e-15
6.15230460922 7.49278118683e-15
6.17234468938 7.09164414686e-15
6.19238476954 6.70497820084e-15
6.2124248497 6.3208406861e-15
6.23246492986 5.93920646861e-15
6.25250501002 5.56005075485e-15
6.27254509018 5.21216833977e-15
6.29258517034 4.8958430354e-15
6.3126252505 4.58155401039e-15
6.33266533066 4.26928131368e-15
6.35270541082 3.95900526128e-15
6.37274549098 3.67057091342e-15
6.39278557114 3.40772998463e-15
6.4128256513 3.14655496037e-15
6.43286573146 2.88702975276e-15
6.45290581162 2.6291384867e-15
6.47294589178 2.40231956297e-15
6.49298597194 2.21845427012e-15
6.5130260521 2.03573868219e-15
6.53306613226 1.85416179819e-15
6.55310621242 1.67371276234e-15
6.57314629259 1.51489555102e-15
6.59318637275 1.39133375257e-15
6.61322645291 1.26853521708e-15
6.63326653307 1.1464926834e-15
6.65330661323 1.02519898673e-15
6.67334669339 9.08720535278e-16
6.69338677355 8.01075428231e-16
6.71342685371 6.94085221903e-16
6.73346693387 5.87743776545e-16
6.75350701403 4.82045032806e-16
6.77354709419 3.88002871873e-16
6.79358717435 3.21048556129e-16
6.81362725451 2.5449779619e-16
6.83366733467 1.88346801814e-16
6.85370741483 1.22591833368e-16
6.87374749499 7.07428327481e-17
6.89378757515 5.90885640809e-17
6.91382765531 4.75089575345e-17
6.93386773547 3.60031761421e-17
6.95390781563 2.45703977147e-17
6.97394789579 1.53135755317e-17
6.99398797595 1.39076034517e-17
7.01402805611 1.25155396077e-17
7.03406813627 1.11371052797e-17
7.05410821643 9.77202927299e-18
7.07414829659 8.55138056358e-18
7.09418837675 7.97449983079e-18
7.11422845691 7.40589474309e-18
7.13426853707 6.84535857965e-18
7.15430861723 6.29269067265e-18
7.17434869739 5.79539826003e-18
7.19438877756 5.61998453676e-18
7.21442885772 5.44985189394e-18
7.23446893788 5.28483895202e-18
7.25450901804 5.1247893209e-18
7.2745490982 4.96967667279e-18
7.29458917836 4.82047684463e-18
7.31462925852 4.6757920024e-18
7.33466933868 4.53548426235e-18
7.35470941884 4.39941999634e-18
7.374749499 4.26746969884e-18
7.39478957916 4.13950785819e-18
7.41482965932 4.01541283192e-18
7.43486973948 3.89506672603e-18
7.45490981964 3.77835527811e-18
7.4749498998 3.66516774408e-18
7.49498997996 3.55539678862e-18
7.51503006012 3.44893837896e-18
7.53507014028 3.34569168209e-18
7.55511022044 3.24555896518e-18
7.5751503006 3.14844549916e-18
7.59519038076 3.05425946533e-18
7.61523046092 2.96291186491e-18
7.63527054108 2.87431643144e-18
7.65531062124 2.78838954597e-18
7.6753507014 2.70505015482e-18
7.69539078156 2.6242196901e-18
7.71543086172 2.5458219925e-18
7.73547094188 2.46978323674e-18
7.75551102204 2.39603185917e-18
7.7755511022 2.32449848777e-18
7.79559118236 2.25511587426e-18
7.81563126253 2.18781882841e-18
7.83567134269 2.12254415435e-18
7.85571142285 2.05923058891e-18
7.87575150301 1.99781874186e-18
7.89579158317 1.93825103809e-18
7.91583166333 1.88047166148e-18
7.93587174349 1.82442650067e-18
7.95591182365 1.77006309635e-18
7.97595190381 1.71733059041e-18
7.99599198397 1.66617967647e-18
8.01603206413 1.61656255207e-18
8.03607214429 1.56843287238e-18
8.05611222445 1.52174570521e-18
8.07615230461 1.47645748758e-18
8.09619238477 1.43252598357e-18
8.11623246493 1.38991024345e-18
8.13627254509 1.34857056416e-18
8.15631262525 1.30846845097e-18
8.17635270541 1.26956658031e-18
8.19639278557 1.23182876385e-18
8.21643286573 1.19521991358e-18
8.23647294589 1.15970600805e-18
8.25651302605 1.12525405964e-18
8.27655310621 1.09183208282e-18
8.29659318637 1.05940906345e-18
8.31663326653 1.02795492898e-18
8.33667334669 9.97440519587e-19
8.35671342685 9.67837560225e-19
8.37675350701 9.39118633519e-19
8.39679358717 9.11257153511e-19
8.41683366733 8.8422734021e-19
8.43687374749 8.58004194936e-19
8.45691382766 8.3256347642e-19
8.47695390782 8.07881677653e-19
8.49699398798 7.83936003435e-19
8.51703406814 7.60704348631e-19
8.5370741483 7.38165277094e-19
8.55711422846 7.16298001233e-19
8.57715430862 6.95082362219e-19
8.59719438878 6.744988108e-19
8.61723446894 6.54528388701e-19
8.6372745491 6.35152710605e-19
8.65731462926 6.16353946687e-19
8.67735470942 5.98114805681e-19
8.69739478958 5.80418518474e-19
8.71743486974 5.63248822204e-19
8.7374749499 5.46589944843e-19
8.75751503006 5.30426590259e-19
8.77755511022 5.14743923733e-19
8.79759519038 4.99527557925e-19
8.81763527054 4.84763539268e-19
8.8376753507 4.7043833478e-19
8.85771543086 4.56538819282e-19
8.87775551102 4.4305226301e-19
8.89779559118 4.299663196e-19
8.91783567134 4.17269014449e-19
8.9378757515 4.04948733431e-19
8.95791583166 3.92994211952e-19
8.97795591182 3.81394524352e-19
8.99799599198 3.70139073623e-19
9.01803607214 3.59217581442e-19
9.0380761523 3.48620078512e-19
9.05811623246 3.38336895199e-19
9.07815631263 3.28358652451e-19
9.09819639279 3.18676252999e-19
9.11823647295 3.09280872825e-19
9.13827655311 3.00163952889e-19
9.15831663327 2.91317191114e-19
9.17835671343 2.82732534607e-19
9.19839679359 2.74402172128e-19
9.21843687375 2.66318526778e-19
9.23847695391 2.5847424892e-19
9.25851703407 2.50862209306e-19
9.27855711423 2.43475492425e-19
9.29859719439 2.36307390041e-19
9.31863727455 2.29351394938e-19
9.33867735471 2.22601194849e-19
9.35871743487 2.16050666577e-19
9.37875751503 2.09693870283e-19
9.39879759519 2.03525043964e-19
9.41883767535 1.9753859808e-19
9.43887775551 1.91729110365e-19
9.45891783567 1.86091320777e-19
9.47895791583 1.80620126613e-19
9.49899799599 1.7531057777e-19
9.51903807615 1.70157872146e-19
9.53907815631 1.65157351188e-19
9.55911823647 1.60304495564e-19
9.57915831663 1.55594920982e-19
9.59919839679 1.51024374117e-19
9.61923847695 1.46588728681e-19
9.63927855711 1.42283981595e-19
9.65931863727 1.38106249289e-19
9.67935871743 1.34051764108e-19
9.6993987976 1.3011687083e-19
9.71943887776 1.26298023284e-19
9.73947895792 1.22591781082e-19
9.75951903808 1.18994806433e-19
9.77955911824 1.15503861072e-19
9.7995991984 1.12115803265e-19
9.81963927856 1.08827584916e-19
9.83967935872 1.05636248759e-19
9.85971943888 1.02538925629e-19
9.87975951904 9.9532831825e-20
9.8997995992 0.0
9.91983967936 0.0
9.93987975952 0.0
9.95991983968 0.0
9.97995991984 0.0
10.0 0.0
