0.0 0.0
0.0200400801603 0.0
0.0400801603206 0.0
0.060120240481 0.0
0.0801603206413 0.0
0.100200400802 0.0
0.120240480962 0.0
0.140280561122 0.0
0.160320641283 0.0
0.180360721443 0.0
0.200400801603 0.0
0.220440881764 0.0
0.240480961924 0.0
0.260521042084 0.0
0.280561122244 0.0
0.300601202405 0.0
0.320641282565 0.0
0.340681362725 0.0
0.360721442886 0.0
0.380761523046 0.0
0.400801603206 3.79489887719e-11
0.420841683367 2.54335412374e-11
0.440881763527 2.13942973218e-11
0.460921843687 1.93445188805e-11
0.480961923848 1.80971337633e-11
0.501002004008 1.72373536454e-11
0.521042084168 1.66298953637e-11
0.541082164329 1.61768685524e-11
0.561122244489 1.5827269445e-11
0.581162324649 1.55553931952e-11
0.60120240481 1.53389174736e-11
0.62124248497 1.51548110039e-11
0.64128256513 1.49983331421e-11
0.661322645291 1.48701349317e-11
0.681362725451 1.4746029395e-11
0.701402805611 1.45827469374e-11
0.721442885772 1.44396632126e-11
0.741482965932 1.43106221656e-11
0.761523046092 1.41766704023e-11
0.781563126253 1.40547577836e-11
0.801603206413 1.39469734261e-11
0.821643286573 1.3796175973e-11
0.841683366733 1.36203610355e-11
0.861723446894 1.34567983879e-11
0.881763527054 1.32745077586e-11
0.901803607214 1.30245321319e-11
0.921843687375 1.27895770871e-11
0.941883767535 1.25672362788e-11
0.961923847695 1.23147543678e-11
0.981963927856 1.20725381438e-11
1.00200400802 1.18446834622e-11
1.02204408818 1.1648353583e-11
1.04208416834 1.14740838941e-11
1.0621242485 1.13070655134e-11
1.08216432866 1.11403639895e-11
1.10220440882 1.09690811407e-11
1.12224448898 1.08053374015e-11
1.14228456914 1.06524678392e-11
1.1623246493 1.04607947733e-11
1.18236472946 1.02739360924e-11
1.20240480962 1.0094386029e-11
1.22244488978 9.91835756512e-12
1.24248496994 9.7468353098e-12
1.2625250501 9.58144766625e-12
1.28256513026 9.42379212567e-12
1.30260521042 9.2773625837e-12
1.32264529058 9.13602604654e-12
1.34268537074 8.99943915076e-12
1.3627254509 8.88232637004e-12
1.38276553106 8.76987308792e-12
1.40280561122 8.66043492246e-12
1.42284569138 8.54309592985e-12
1.44288577154 8.42274217413e-12
1.4629258517 8.30593254083e-12
1.48296593186 8.19382607655e-12
1.50300601202 8.08870859869e-12
1.52304609218 7.98666061233e-12
1.54308617234 7.88942223628e-12
1.56312625251 7.77721184365e-12
1.58316633267 7.66737059522e-12
1.60320641283 7.56054352066e-12
1.62324649299 7.45693560143e-12
1.64328657315 7.3562729188e-12
1.66332665331 7.25802013686e-12
1.68336673347 7.16588566609e-12
1.70340681363 7.08551516468e-12
1.72344689379 7.00717070502e-12
1.74348697395 6.93063028615e-12
1.76352705411 6.81517552591e-12
1.78356713427 6.7012308568e-12
1.80360721443 6.58999945818e-12
1.82364729459 6.49443591711e-12
1.84368737475 6.40835354205e-12
1.86372745491 6.3242435383e-12
1.88376753507 6.25326377978e-12
1.90380761523 6.20860284089e-12
1.92384769539 6.16494299532e-12
1.94388777555 6.12225036586e-12
1.96392785571 6.03771969572e-12
1.98396793587 5.95412761186e-12
2.00400801603 5.86977827637e-12
2.02404809619 5.79420546097e-12
2.04408817635 5.71845691543e-12
2.06412825651 5.64427371296e-12
2.08416833667 5.57190378644e-12
2.10420841683 5.50162148748e-12
2.12424849699 5.43274644493e-12
2.14428857715 5.36523621475e-12
2.16432865731 5.29623912569e-12
2.18436873747 5.22855307288e-12
2.20440881764 5.16216666042e-12
2.2244488978 5.08872864906e-12
2.24448897796 5.01243456672e-12
2.26452905812 4.93755768041e-12
2.28456913828 4.86279223778e-12
2.30460921844 4.78684762909e-12
2.3246492986 4.712272745e-12
2.34468937876 4.63904002026e-12
2.36472945892 4.58148767723e-12
2.38476953908 4.52494889713e-12
2.40480961924 4.46939679964e-12
2.4248496994 4.41328561749e-12
2.44488977956 4.3573960506e-12
2.46492985972 4.30245531257e-12
2.48496993988 4.24142285518e-12
2.50501002004 4.16795168023e-12
2.5250501002 4.09568996087e-12
2.54509018036 4.0249175376e-12
2.56513026052 3.98292356234e-12
2.58517034068 3.94160888019e-12
2.60521042084 3.90095694574e-12
2.625250501 3.84620661996e-12
2.64529058116 3.78546584563e-12
2.66533066132 3.72566959017e-12
2.68537074148 3.66725721685e-12
2.70541082164 3.61058483344e-12
2.7254509018 3.55477316646e-12
2.74549098196 3.49997294261e-12
2.76553106212 3.45375082126e-12
2.78557114228 3.40821585038e-12
2.80561122244 3.36335265285e-12
2.82565130261 3.30177442093e-12
2.84569138277 3.23339145903e-12
2.86573146293 3.16599043327e-12
2.88577154309 3.10841588044e-12
2.90581162325 3.06720213945e-12
2.92585170341 3.02656985208e-12
2.94589178357 2.98614228669e-12
2.96593186373 2.93521248312e-12
2.98597194389 2.88498411049e-12
3.00601202405 2.83544263525e-12
3.02605210421 2.78580560758e-12
3.04609218437 2.73651357116e-12
3.06613226453 2.68788156636e-12
3.08617234469 2.64091022797e-12
3.10621242485 2.5962606343e-12
3.12625250501 2.55219706745e-12
3.14629258517 2.50887659399e-12
3.16633266533 2.46993832982e-12
3.18637274549 2.43150137117e-12
3.20641282565 2.39355600913e-12
3.22645290581 2.34865669e-12
3.24649298597 2.30133613436e-12
3.26653306613 2.254608089e-12
3.28657314629 2.20674896233e-12
3.30661322645 2.15673068977e-12
3.32665330661 2.10732655409e-12
3.34669338677 2.05911484185e-12
3.36673346693 2.02209853015e-12
3.38677354709 1.9855289487e-12
3.40681362725 1.94939799057e-12
3.42685370741 1.91184568147e-12
3.44689378758 1.87403085747e-12
3.46693386774 1.83666119897e-12
3.4869739479 1.80034561274e-12
3.50701402806 1.76540134264e-12
3.52705410822 1.73086122834e-12
3.54709418838 1.6964585101e-12
3.56713426854 1.65858686915e-12
3.5871743487 1.62114535527e-12
3.60721442886 1.58412662681e-12
3.62725450902 1.5492667567e-12
3.64729458918 1.51542824929e-12
3.66733466934 1.48196544636e-12
3.6873747495 1.44996355586e-12
3.70741482966 1.41992176706e-12
3.72745490982 1.39020806747e-12
3.74749498998 1.36090462414e-12
3.76753507014 1.33302328043e-12
3.7875751503 1.30544147081e-12
3.80761523046 1.27815435888e-12
3.82765531062 1.24753207911e-12
3.84769539078 1.21598678264e-12
3.86773547094 1.18477288638e-12
3.8877755511 1.15564264978e-12
3.90781563126 1.12929782858e-12
3.92785571142 1.10322553908e-12
3.94789579158 1.07760360497e-12
3.96793587174 1.05423601162e-12
3.9879759519 1.03110646207e-12
4.00801603206 1.00821131237e-12
4.02805611222 9.83386744338e-13
4.04809619238 9.58107774262e-13
4.06813627255 9.33080968429e-13
4.08817635271 9.09964012253e-13
4.10821643287 8.89325295157e-13
4.12825651303 8.68889478305e-13
4.14829659319 8.48578227107e-13
4.16833667335 8.27739378471e-13
4.18837675351 8.07102335414e-13
4.20841683367 7.86664162033e-13
4.22845691383 7.67839880951e-13
4.24849699399 7.49631678982e-13
4.26853707415 7.31596446849e-13
4.28857715431 7.13298150594e-13
4.30861723447 6.94609006982e-13
4.32865731463 6.76094831564e-13
4.34869739479 6.57956033463e-13
4.36873747495 6.41724806587e-13
4.38877755511 6.25643443991e-13
4.40881763527 6.09709866937e-13
4.42885771543 5.95027529896e-13
4.44889779559 5.80799986171e-13
4.46893787575 5.66701418235e-13
4.48897795591 5.52612285492e-13
4.50901803607 5.38503011806e-13
4.52905811623 5.24519887576e-13
4.54909819639 5.10730039768e-13
4.56913827655 4.97593020202e-13
4.58917835671 4.84571889692e-13
4.60921843687 4.71665112505e-13
4.62925851703 4.59013029167e-13
4.64929859719 4.46509881198e-13
4.66933867735 4.341150892e-13
4.68937875752 4.2247557014e-13
4.70941883768 4.11710610867e-13
4.72945891784 4.01037756383e-13
4.749498998 3.90348615956e-13
4.76953907816 3.79000746679e-13
4.78957915832 3.67748699025e-13
4.80961923848 3.56591257782e-13
4.82965931864 3.46558359755e-13
4.8496993988 3.3687422682e-13
4.86973947896 3.27270510647e-13
4.88977955912 3.17955013479e-13
4.90981963928 3.08955562501e-13
4.92985971944 3.0002991672e-13
4.9498997996 2.9129489977e-13
4.96993987976 2.83382063426e-13
4.98997995992 2.75533335564e-13
5.01002004008 2.67891978556e-13
5.03006012024 2.60445156297e-13
5.0501002004 2.53057935759e-13
5.07014028056 2.46115503211e-13
5.09018036072 2.39236118437e-13
5.11022044088 2.32411137099e-13
5.13026052104 2.25639912834e-13
5.1503006012 2.18921809542e-13
5.17034068136 2.12730669059e-13
5.19038076152 2.06618210778e-13
5.21042084168 2.00553147289e-13
5.23046092184 1.94534926488e-13
5.250501002 1.88563004865e-13
5.27054108216 1.83177765434e-13
5.29058116232 1.77894180665e-13
5.31062124248 1.72650782072e-13
5.33066132265 1.67447110419e-13
5.35070140281 1.62282713483e-13
5.37074148297 1.5730542679e-13
5.39078156313 1.52389750601e-13
5.41082164329 1.47510756287e-13
5.43086172345 1.4266803262e-13
5.45090180361 1.37861174535e-13
5.47094188377 1.33560580378e-13
5.49098196393 1.29395827942e-13
5.51102204409 1.25261584171e-13
5.53106212425 1.21157513265e-13
5.55110220441 1.17083284367e-13
5.57114228457 1.13210046122e-13
5.59118236473 1.09413590034e-13
5.61122244489 1.05644439885e-13
5.63126252505 1.01902300599e-13
5.65130260521 9.81868813654e-14
5.67134268537 9.48098380172e-14
5.69138276553 9.1567458085e-14
5.71142284569 8.83479863466e-14
5.73146292585 8.51511795999e-14
5.75150300601 8.19767980967e-14
5.77154308617 7.89375493334e-14
5.79158316633 7.59684094262e-14
5.81162324649 7.30198796415e-14
5.83166332665 7.00917450255e-14
5.85170340681 6.71837936231e-14
5.87174348697 6.44338442088e-14
5.89178356713 6.17746745772e-14
5.91182364729 5.91336464163e-14
5.93186372745 5.65105737713e-14
5.95190380762 5.39052732374e-14
5.97194388778 5.15724042992e-14
5.99198396794 4.94134575186e-14
6.0120240481 4.7268993691e-14
6.03206412826 4.51388667995e-14
6.05210420842 4.30229327978e-14
6.07214428858 4.10267421312e-14
6.09218436874 3.91213843961e-14
6.1122244489 3.7228596581e-14
6.13226452906 3.53482540529e-14
6.15230460922 3.34802338334e-14
6.17234468938 3.16857463724e-14
6.19238476954 2.99559982844e-14
6.2124248497 2.82374749218e-14
6.23246492986 2.65300668167e-14
6.25250501002 2.48336659307e-14
6.27254509018 2.32773151943e-14
6.29258517034 2.18622911207e-14
6.3126252505 2.04563034693e-14
6.33266533066 1.90592654902e-14
6.35270541082 1.76710915491e-14
6.37274549098 1.63807190593e-14
6.39278557114 1.52049648435e-14
6.4128256513 1.40366013964e-14
6.43286573146 1.2875558861e-14
6.45290581162 1.1721768265e-14
6.47294589178 1.07071616313e-14
6.49298597194 9.88498954466e-15
6.5130260521 9.06790796406e-15
6.53306613226 8.25586944903e-15
6.55310621242 7.4488271529e-15
6.57314629259 6.73867445482e-15
6.59318637275 6.18647052113e-15
6.61322645291 5.6376358503e-15
6.63326653307 5.09213945189e-15
6.65330661323 4.54995071942e-15
6.67334669339 4.02929567829e-15
6.69338677355 3.54818407477e-15
6.71342685371 3.06996378488e-15
6.73346693387 2.59460861102e-15
6.75350701403 2.12209267552e-15
6.77354709419 1.70177943563e-15
6.79358717435 1.40283099327e-15
6.81362725451 1.10565477698e-15
6.83366733467 8.10234903045e-16
6.85370741483 5.16555680619e-16
6.87374749499 2.85168324581e-16
6.89378757515 2.33898422755e-16
6.91382765531 1.82933487345e-16
6.93386773547 1.32270676254e-16
6.95390781563 8.19071854012e-17
6.97394789579 4.1269249254e-17
6.99398797595 3.57925957381e-17
7.01402805611 3.03531710455e-17
7.03406813627 2.49504964792e-17
7.05410821643 1.95841031463e-17
7.07414829659 1.48421716763e-17
7.09418837675 1.29634836223e-17
7.11422845691 1.11004209652e-17
7.13426853707 9.25271493796e-18
7.15430861723 7.42010352045e-18
7.17434869739 5.81613729639e-18
7.19438877756 5.63591846622e-18
7.21442885772 5.4610040874e-18
7.23446893788 5.29123269954e-18
7.25450901804 5.12644782867e-18
7.2745490982 4.96705913093e-18
7.29458917836 4.81795186107e-18
7.31462925852 4.67335624848e-18
7.33466933868 4.53313453137e-18
7.35470941884 4.39715319898e-18
7.374749499 4.26528285877e-18
7.39478957916 4.13739810785e-18
7.41482965932 4.01337740849e-18
7.43486973948 3.89310296751e-18
7.45490981964 3.77646061955e-18
7.4749498998 3.66333971402e-18
7.49498997996 3.55363300557e-18
7.51503006012 3.44723654807e-18
7.53507014028 3.34404959195e-18
7.55511022044 3.24397448473e-18
7.5751503006 3.14691657469e-18
7.59519038076 3.05278411763e-18
7.61523046092 2.96148818653e-18
7.63527054108 2.87294258403e-18
7.65531062124 2.7870637577e-18
7.6753507014 2.70377071798e-18
7.69539078156 2.62298495869e-18
7.71543086172 2.54463037999e-18
7.73547094188 2.46863321385e-18
7.75551102204 2.3949219518e-18
7.7755511022 2.32342727494e-18
7.79559118236 2.25408198619e-18
7.81563126253 2.18682094461e-18
7.83567134269 2.12158100184e-18
7.85571142285 2.05830094046e-18
7.87575150301 1.99692141434e-18
7.89579158317 1.93738489083e-18
7.91583166333 1.87963559475e-18
7.93587174349 1.82361945413e-18
7.95591182365 1.76928404768e-18
7.97595190381 1.71657855387e-18
7.99599198397 1.6654537016e-18
8.01603206413 1.6158617224e-18
8.03607214429 1.56775630416e-18
8.05611222445 1.52109254627e-18
8.07615230461 1.47582691616e-18
8.09619238477 1.43191720721e-18
8.11623246493 1.38932249794e-18
8.13627254509 1.3480031125e-18
8.15631262525 1.30792058239e-18
8.17635270541 1.26903760934e-18
8.19639278557 1.23131802937e-18
8.21643286573 1.19472677797e-18
8.23647294589 1.15922985632e-18
8.25651302605 1.12479429862e-18
8.27655310621 1.09138814038e-18
8.29659318637 1.05898038774e-18
8.31663326653 1.02754098769e-18
8.33667334669 9.97040799253e-19
8.35671342685 9.6745156554e-19
8.37675350701 9.3874588669e-19
8.39679358717 9.10897193626e-19
8.41683366733 8.83879722632e-19
8.43687374749 8.57668490719e-19
8.45691382766 8.32239271748e-19
8.47695390782 8.07568573294e-19
8.49699398798 7.83633614222e-19
8.51703406814 7.60412302959e-19
8.5370741483 7.3788321643e-19
8.55711422846 7.16025579655e-19
8.57715430862 6.94819245962e-19
8.59719438878 6.74244677822e-19
8.61723446894 6.54282928266e-19
8.6372745491 6.34915622879e-19
8.65731462926 6.1612494235e-19
8.67735470942 5.97893605553e-19
8.69739478958 5.80204853153e-19
8.71743486974 5.63042431719e-19
8.7374749499 5.46390578319e-19
8.75751503006 5.30234005593e-19
8.77755511022 5.14557887283e-19
8.79759519038 4.9934784421e-19
8.81763527054 4.8458993068e-19
8.8376753507 4.70270621301e-19
8.85771543086 4.56376798221e-19
8.87775551102 4.42895738738e-19
8.89779559118 4.29815103304e-19
8.91783567134 4.17122923889e-19
8.9378757515 4.04807592707e-19
8.95791583166 3.92857851285e-19
8.97795591182 3.81262779864e-19
8.99799599198 3.70011787127e-19
9.01803607214 3.59094600246e-19
9.0380761523 3.48501255223e-19
9.05811623246 3.38222087536e-19
9.07815631263 3.28247723067e-19
9.09819639279 3.18569069306e-19
9.11823647295 3.09177306827e-19
9.13827655311 3.00063881022e-19
9.15831663327 2.91220494087e-19
9.17835671343 2.82639097256e-19
9.19839679359 2.74311883269e-19
9.21843687375 2.66231279069e-19
9.23847695391 2.58389938724e-19
9.25851703407 2.50780736564e-19
9.27855711423 2.43396760529e-19
9.29859719439 2.36231305714e-19
9.31863727455 2.29277868117e-19
9.33867735471 2.22530138575e-19
9.35871743487 2.15981996883e-19
9.37875751503 2.09627506092e-19
9.39879759519 2.03460906987e-19
9.41883767535 1.97476612721e-19
9.43887775551 1.91669203625e-19
9.45891783567 1.86033422163e-19
9.47895791583 1.80564168053e-19
9.49899799599 1.75256493527e-19
9.51903807615 1.7010559874e-19
9.53907815631 1.65106827311e-19
9.55911823647 1.60255662012e-19
9.57915831663 1.55547720577e-19
9.59919839679 1.5097875164e-19
9.61923847695 1.465446308e-19
9.63927855711 1.42241356804e-19
9.65931863727 1.38065047842e-19
9.67935871743 1.3401193796e-19
9.6993987976 1.30078373574e-19
9.71943887776 1.262608101e-19
9.73947895792 1.22555808678e-19
9.75951903808 1.18960032995e-19
9.77955911824 1.1547024621e-19
9.7995991984 1.12083307966e-19
9.81963927856 1.08796171497e-19
9.83967935872 1.05605880818e-19
9.85971943888 1.02509568004e-19
9.87975951904 9.95044505501e-20
9.8997995992 0.0
9.91983967936 0.0
9.93987975952 0.0
9.95991983968 0.0
9.97995991984 0.0
10.0 0.0
