0.0 0.0
0.0200400801603 0.0
0.0400801603206 0.0
0.060120240481 0.0
0.0801603206413 0.0
0.100200400802 0.0
0.120240480962 0.0
0.140280561122 0.0
0.160320641283 0.0
0.180360721443 0.0
0.200400801603 0.0
0.220440881764 1.45817129953e-09
0.240480961924 9.89638540927e-10
0.260521042084 2.70762361971e-11
0.280561122244 2.74603385555e-11
0.300601202405 2.80187817961e-11
0.320641282565 2.91071904021e-11
0.340681362725 3.0747097118e-11
0.360721442886 3.16423557097e-11
0.380761523046 3.24082578657e-11
0.400801603206 3.31153674991e-11
0.420841683367 3.37921889966e-11
0.440881763527 3.44359264013e-11
0.460921843687 3.50330974944e-11
0.480961923848 3.55648955006e-11
0.501002004008 3.59898842675e-11
0.521042084168 3.63894185875e-11
0.541082164329 3.67606755504e-11
0.561122244489 3.70968781566e-11
0.581162324649 3.74133685357e-11
0.60120240481 3.77114014061e-11
0.62124248497 3.79684551307e-11
0.64128256513 3.81956906151e-11
0.661322645291 3.84129813838e-11
0.681362725451 3.8569182696e-11
0.701402805611 3.85632192627e-11
0.721442885772 3.85608112783e-11
0.741482965932 3.85588186648e-11
0.761523046092 3.85065565207e-11
0.781563126253 3.84548411478e-11
0.801603206413 3.84099086983e-11
0.821643286573 3.82174425124e-11
0.841683366733 3.79318954781e-11
0.861723446894 3.76613135738e-11
0.881763527054 3.73225359984e-11
0.901803607214 3.67738519918e-11
0.921843687375 3.62513633262e-11
0.941883767535 3.57522432877e-11
0.961923847695 3.51532634703e-11
0.981963927856 3.45713999433e-11
1.00200400802 3.40162958391e-11
1.02204408818 3.35405167599e-11
1.04208416834 3.31204501351e-11
1.0621242485 3.27163087002e-11
1.08216432866 3.23120706756e-11
1.10220440882 3.18879331564e-11
1.12224448898 3.14798794069e-11
1.14228456914 3.10906735001e-11
1.1623246493 3.05821584051e-11
1.18236472946 3.00831518399e-11
1.20240480962 2.96015251632e-11
1.22244488978 2.91264457293e-11
1.24248496994 2.86610862205e-11
1.2625250501 2.82109499297e-11
1.28256513026 2.77816041506e-11
1.30260521042 2.7382763041e-11
1.32264529058 2.69964859815e-11
1.34268537074 2.6622111268e-11
1.3627254509 2.63035575172e-11
1.38276553106 2.59969391555e-11
1.40280561122 2.56987869974e-11
1.42284569138 2.53760593042e-11
1.44288577154 2.50426346232e-11
1.4629258517 2.47184990096e-11
1.48296593186 2.4407607931e-11
1.50300601202 2.41162451069e-11
1.52304609218 2.38327793914e-11
1.54308617234 2.35587238878e-11
1.56312625251 2.32385612588e-11
1.58316633267 2.29244806084e-11
1.60320641283 2.26184632833e-11
1.62324649299 2.23212042463e-11
1.64328657315 2.20319568248e-11
1.66332665331 2.17496231025e-11
1.68336673347 2.14859625696e-11
1.70340681363 2.1257023539e-11
1.72344689379 2.10335317823e-11
1.74348697395 2.08151518394e-11
1.76352705411 2.04787571151e-11
1.78356713427 2.01462556307e-11
1.80360721443 1.98212906444e-11
1.82364729459 1.95430475659e-11
1.84368737475 1.92929271839e-11
1.86372745491 1.90482828206e-11
1.88376753507 1.88428877996e-11
1.90380761523 1.87167028289e-11
1.92384769539 1.85932026801e-11
1.94388777555 1.84723021038e-11
1.96392785571 1.8224392777e-11
1.98396793587 1.79789514646e-11
2.00400801603 1.77360072987e-11
2.02404809619 1.75083660141e-11
2.04408817635 1.72854036665e-11
2.06412825651 1.70668510586e-11
2.08416833667 1.68534779191e-11
2.10420841683 1.66461339602e-11
2.12424849699 1.64427715189e-11
2.14428857715 1.62432765057e-11
2.16432865731 1.60390049627e-11
2.18436873747 1.58384609069e-11
2.20440881764 1.56416223595e-11
2.2244488978 1.54231301647e-11
2.24448897796 1.51957290502e-11
2.26452905812 1.49724102704e-11
2.28456913828 1.47492157556e-11
2.30460921844 1.45222300036e-11
2.3246492986 1.42992098653e-11
2.34468937876 1.40800812466e-11
2.36472945892 1.39084697552e-11
2.38476953908 1.37397826718e-11
2.40480961924 1.35739455858e-11
2.4248496994 1.3406261049e-11
2.44488977956 1.32391099703e-11
2.46492985972 1.30747116701e-11
2.48496993988 1.28916350608e-11
2.50501002004 1.26705485316e-11
2.5250501002 1.24530088964e-11
2.54509018036 1.22398749119e-11
2.56513026052 1.21142896581e-11
2.58517034068 1.19906762266e-11
2.60521042084 1.18689883678e-11
2.625250501 1.17042429431e-11
2.64529058116 1.1521140745e-11
2.66533066132 1.13408191696e-11
2.68537074148 1.11646220545e-11
2.70541082164 1.09936398132e-11
2.7254509018 1.08251959314e-11
2.74549098196 1.06597538012e-11
2.76553106212 1.05203961377e-11
2.78557114228 1.03830630479e-11
2.80561122244 1.02477105839e-11
2.82565130261 1.00612940973e-11
2.84569138277 9.85404033748e-12
2.86573146293 9.64970757834e-12
2.88577154309 9.47529158828e-12
2.90581162325 9.35074672721e-12
2.92585170341 9.22792286818e-12
2.94589178357 9.10567211166e-12
2.96593186373 8.95130825971e-12
2.98597194389 8.79903208398e-12
3.00601202405 8.64880139228e-12
3.02605210421 8.49822889893e-12
3.04609218437 8.34866145775e-12
3.06613226453 8.20106297527e-12
3.08617234469 8.05849168371e-12
3.10621242485 7.92296942851e-12
3.12625250501 7.78919664438e-12
3.14629258517 7.65765477647e-12
3.16633266533 7.53946406871e-12
3.18637274549 7.42277023274e-12
3.20641282565 7.30754493089e-12
3.22645290581 7.17103640863e-12
3.24649298597 7.02709401137e-12
3.26653306613 6.88492827076e-12
3.28657314629 6.73927233677e-12
3.30661322645 6.58698403463e-12
3.32665330661 6.43654067694e-12
3.34669338677 6.28971136299e-12
3.36673346693 6.17707905977e-12
3.38677354709 6.06578736594e-12
3.40681362725 5.95581242702e-12
3.42685370741 5.84146780567e-12
3.44689378758 5.72629706972e-12
3.46693386774 5.61246487426e-12
3.4869739479 5.50183423679e-12
3.50701402806 5.39537650957e-12
3.52705410822 5.29013479306e-12
3.54709418838 5.18529387647e-12
3.56713426854 5.06982316329e-12
3.5871743487 4.95564880641e-12
3.60721442886 4.84274904759e-12
3.62725450902 4.73643569547e-12
3.64729458918 4.63323005339e-12
3.66733466934 4.53115756136e-12
3.6873747495 4.43353919944e-12
3.70741482966 4.34190339106e-12
3.72745490982 4.25125740985e-12
3.74749498998 4.16185318548e-12
3.76753507014 4.07678767701e-12
3.7875751503 3.99262632981e-12
3.80761523046 3.90935477276e-12
3.82765531062 3.81586394569e-12
3.84769539078 3.71953581715e-12
3.86773547094 3.62420990396e-12
3.8877755511 3.53525015833e-12
3.90781563126 3.4548056805e-12
3.92785571142 3.37518536222e-12
3.94789579158 3.29693390872e-12
3.96793587174 3.22557436878e-12
3.9879759519 3.15493485622e-12
4.00801603206 3.08500450533e-12
4.02805611222 3.00915867704e-12
4.04809619238 2.93191316315e-12
4.06813627255 2.85543145411e-12
4.08817635271 2.78478962554e-12
4.10821643287 2.72172888009e-12
4.12825651303 2.65928262693e-12
4.14829659319 2.59721120643e-12
4.16833667335 2.53351765357e-12
4.18837675351 2.47043573933e-12
4.20841683367 2.40795667872e-12
4.22845691383 2.35041436468e-12
4.24849699399 2.29475334197e-12
4.26853707415 2.23961674458e-12
4.28857715431 2.18366921805e-12
4.30861723447 2.12651942088e-12
4.32865731463 2.06990050121e-12
4.34869739479 2.01442650055e-12
4.36873747495 1.96479107153e-12
4.38877755511 1.91561039431e-12
4.40881763527 1.86687823622e-12
4.42885771543 1.82197511276e-12
4.44889779559 1.77846146384e-12
4.46893787575 1.73533930236e-12
4.48897795591 1.69224250618e-12
4.50901803607 1.64908054419e-12
4.52905811623 1.60630169924e-12
4.54909819639 1.56411174517e-12
4.56913827655 1.52391884979e-12
4.58917835671 1.4840780182e-12
4.60921843687 1.44458463653e-12
4.62925851703 1.40586882183e-12
4.64929859719 1.36760661931e-12
4.66933867735 1.32967377206e-12
4.68937875752 1.29405275578e-12
4.70941883768 1.26110932078e-12
4.72945891784 1.2284458536e-12
4.749498998 1.1957302519e-12
4.76953907816 1.16099371474e-12
4.78957915832 1.12654863005e-12
4.80961923848 1.09239133896e-12
4.82965931864 1.06167846215e-12
4.8496993988 1.03203258774e-12
4.86973947896 1.00263135101e-12
4.88977955912 9.7411171548e-13
4.90981963928 9.46559060096e-13
4.92985971944 9.19230983578e-13
4.9498997996 8.92485615375e-13
4.96993987976 8.68258855823e-13
4.98997995992 8.44227184778e-13
5.01002004008 8.20829786803e-13
5.03006012024 7.98027377026e-13
5.0501002004 7.7540638853e-13
5.07014028056 7.54147633803e-13
5.09018036072 7.33080975794e-13
5.11022044088 7.12179949327e-13
5.13026052104 6.91442605382e-13
5.1503006012 6.70867025459e-13
5.17034068136 6.51905904492e-13
5.19038076152 6.33185018273e-13
5.21042084168 6.14608477555e-13
5.23046092184 5.96174616508e-13
5.250501002 5.77881794887e-13
5.27054108216 5.61386825221e-13
5.29058116232 5.45202713664e-13
5.31062124248 5.29141026146e-13
5.33066132265 5.13200376456e-13
5.35070140281 4.97379399272e-13
5.37074148297 4.82131404256e-13
5.39078156313 4.67071621521e-13
5.41082164329 4.52123635798e-13
5.43086172345 4.37286204773e-13
5.45090180361 4.22558104505e-13
5.47094188377 4.09381772736e-13
5.49098196393 3.9662141351e-13
5.51102204409 3.83954055344e-13
5.53106212425 3.71378683523e-13
5.55110220441 3.58894298069e-13
5.57114228457 3.47025753866e-13
5.59118236473 3.35392184667e-13
5.61122244489 3.23841882686e-13
5.63126252505 3.12373955691e-13
5.65130260521 3.00987524179e-13
5.67134268537 2.90638375496e-13
5.69138276553 2.80701809551e-13
5.71142284569 2.70835113935e-13
5.73146292585 2.61037553071e-13
5.75150300601 2.5130840169e-13
5.77154308617 2.41993337041e-13
5.79158316633 2.32892953495e-13
5.81162324649 2.23855451907e-13
5.83166332665 2.14880181729e-13
5.85170340681 2.05966501375e-13
5.87174348697 1.97537124732e-13
5.89178356713 1.89385893178e-13
5.91182364729 1.81290026757e-13
5.93186372745 1.73248962415e-13
5.95190380762 1.65262144719e-13
5.97194388778 1.5811069057e-13
5.99198396794 1.51492472164e-13
6.0120240481 1.44918456982e-13
6.03206412826 1.38388202915e-13
6.05210420842 1.31901273747e-13
6.07214428858 1.25781442999e-13
6.09218436874 1.19940044052e-13
6.1122244489 1.14137018279e-13
6.13226452906 1.08371988178e-13
6.15230460922 1.02644581192e-13
6.17234468938 9.71425692055e-14
6.19238476954 9.18389872766e-14
6.2124248497 8.65696811854e-14
6.23246492986 8.13343191927e-14
6.25250501002 7.61325738368e-14
6.27254509018 7.13603149828e-14
6.29258517034 6.7021472796e-14
6.3126252505 6.27102263905e-14
6.33266533066 5.84263128861e-14
6.35270541082 5.41694727397e-14
6.37274549098 5.02125547378e-14
6.39278557114 4.66071604618e-14
6.4128256513 4.30243386053e-14
6.43286573146 3.9463877478e-14
6.45290581162 3.59255680358e-14
6.47294589178 3.28141755928e-14
6.49298597194 3.02930844733e-14
6.5130260521 2.77875363458e-14
6.53306613226 2.52973876151e-14
6.55310621242 2.28224964556e-14
6.57314629259 2.06448013992e-14
6.59318637275 1.8951646804e-14
6.61322645291 1.72687747836e-14
6.63326653307 1.55960917109e-14
6.65330661323 1.39335050967e-14
6.67334669339 1.23369373978e-14
6.69338677355 1.0861649068e-14
6.71342685371 9.39518616143e-15
6.73346693387 7.93746951503e-15
6.75350701403 6.48842091392e-15
6.77354709419 5.19950383606e-15
6.79358717435 4.2829347116e-15
6.81362725451 3.37177011914e-15
6.83366733467 2.46596222957e-15
6.85370741483 1.56546378013e-15
6.87374749499 8.56071784662e-16
6.89378757515 6.99330788926e-16
6.91382765531 5.4350605347e-16
6.93386773547 3.88589437947e-16
6.95390781563 2.3457290106e-16
6.97394789579 1.10381516625e-16
6.99398797595 9.4066737497e-17
7.01402805611 7.78510978778e-17
7.03406813627 6.17335903955e-17
7.05410821643 4.5713223477e-17
7.07414829659 3.15953271956e-17
7.09418837675 2.62503427023e-17
7.11422845691 2.09405004894e-17
7.13426853707 1.56653676346e-17
7.15430861723 1.04245197922e-17
7.17434869739 5.87364790136e-18
7.19438877756 5.68055325424e-18
7.21442885772 5.49282801871e-18
7.23446893788 5.31031041524e-18
7.25450901804 5.13284364675e-18
7.2745490982 4.96199825355e-18
7.29458917836 4.8130698779e-18
7.31462925852 4.66864672869e-18
7.33466933868 4.52859127956e-18
7.35470941884 4.39277024643e-18
7.374749499 4.26105445496e-18
7.39478957916 4.13331871234e-18
7.41482965932 4.00944168307e-18
7.43486973948 3.88930576869e-18
7.45490981964 3.77279699131e-18
7.4749498998 3.65980488083e-18
7.49498997996 3.55022236571e-18
7.51503006012 3.44394566717e-18
7.53507014028 3.34087419678e-18
7.55511022044 3.24091045724e-18
7.5751503006 3.14395994626e-18
7.59519038076 3.04993106355e-18
7.61523046092 2.95873502066e-18
7.63527054108 2.87028575371e-18
7.65531062124 2.78449983883e-18
7.6753507014 2.70129641025e-18
7.69539078156 2.62059708103e-18
7.71543086172 2.5423258662e-18
7.73547094188 2.46640910836e-18
7.75551102204 2.3927754056e-18
7.7755511022 2.32135554167e-18
7.79559118236 2.25208241838e-18
7.81563126253 2.18489099005e-18
7.83567134269 2.11971820008e-18
7.85571142285 2.05650291948e-18
7.87575150301 1.99518588728e-18
7.89579158317 1.93570965289e-18
7.91583166333 1.87801852019e-18
7.93587174349 1.8220584934e-18
7.95591182365 1.76777722462e-18
7.97595190381 1.71512396306e-18
7.99599198397 1.66404950574e-18
8.01603206413 1.61450614988e-18
8.03607214429 1.56644764665e-18
8.05611222445 1.5198291564e-18
8.07615230461 1.47460720535e-18
8.09619238477 1.43073964349e-18
8.11623246493 1.38818560393e-18
8.13627254509 1.34690546342e-18
8.15631262525 1.30686080415e-18
8.17635270541 1.26801437672e-18
8.19639278557 1.23033006425e-18
8.21643286573 1.1937728476e-18
8.23647294589 1.15830877172e-18
8.25651302605 1.12390491298e-18
8.27655310621 1.09052934755e-18
8.29659318637 1.05815112075e-18
8.31663326653 1.02674021734e-18
8.33667334669 9.96267532767e-19
8.35671342685 9.66704845255e-19
8.37675350701 9.38024788784e-19
8.39679358717 9.10200826906e-19
8.41683366733 8.83207227364e-19
8.43687374749 8.57019037499e-19
8.45691382766 8.31612060416e-19
8.47695390782 8.06962831883e-19
8.49699398798 7.83048597953e-19
8.51703406814 7.59847293264e-19
8.5370741483 7.37337520019e-19
8.55711422846 7.15498527609e-19
8.57715430862 6.94310192865e-19
8.59719438878 6.73753000922e-19
8.61723446894 6.53808026666e-19
8.6372745491 6.34456916759e-19
8.65731462926 6.15681872215e-19
8.67735470942 5.9746563151e-19
8.69739478958 5.79791454215e-19
8.71743486974 5.62643105131e-19
8.7374749499 5.4600483891e-19
8.75751503006 5.29861385153e-19
8.77755511022 5.14197933962e-19
8.79759519038 4.99000121934e-19
8.81763527054 4.84254018595e-19
8.8376753507 4.69946113235e-19
8.85771543086 4.56063302159e-19
8.87775551102 4.42592876325e-19
8.89779559118 4.29522509363e-19
8.91783567134 4.16840245952e-19
8.9378757515 4.04534490569e-19
8.95791583166 3.92593996569e-19
8.97795591182 3.81007855604e-19
8.99799599198 3.69765487368e-19
9.01803607214 3.58856629652e-19
9.0380761523 3.48271328707e-19
9.05811623246 3.37999929898e-19
9.07815631263 3.28033068644e-19
9.09819639279 3.1836166164e-19
9.11823647295 3.0897689834e-19
9.13827655311 2.99870232703e-19
9.15831663327 2.91033375193e-19
9.17835671343 2.82458285023e-19
9.19839679359 2.74137162629e-19
9.21843687375 2.66062442382e-19
9.23847695391 2.5822678552e-19
9.25851703407 2.50623073289e-19
9.27855711423 2.43244400304e-19
9.29859719439 2.36084068101e-19
9.31863727455 2.29135578897e-19
9.33867735471 2.22392629527e-19
9.35871743487 2.15849105575e-19
9.37875751503 2.09499075683e-19
9.39879759519 2.03336786027e-19
9.41883767535 1.97356654966e-19
9.43887775551 1.91553267854e-19
9.45891783567 1.85921372007e-19
9.47895791583 1.80455871822e-19
9.49899799599 1.75151824048e-19
9.51903807615 1.70004433199e-19
9.53907815631 1.65009047107e-19
9.55911823647 1.60161152605e-19
9.57915831663 1.55456371348e-19
9.59919839679 1.50890455757e-19
9.61923847695 1.46459285086e-19
9.63927855711 1.4215886161e-19
9.65931863727 1.37985306923e-19
9.67935871743 1.33934858361e-19
9.6993987976 1.30003865513e-19
9.71943887776 1.26188786861e-19
9.73947895792 1.22486186501e-19
9.75951903808 1.18892730979e-19
9.77955911824 1.15405186209e-19
9.7995991984 1.12020414498e-19
9.81963927856 1.08735371649e-19
9.83967935872 1.05547104161e-19
9.85971943888 1.02452746505e-19
9.87975951904 9.94495184899e-20
9.8997995992 0.0
9.91983967936 0.0
9.93987975952 0.0
9.95991983968 0.0
9.97995991984 0.0
10.0 0.0
