0.0 0.0
0.0200400801603 0.0
0.0400801603206 1.17510705137e-10
0.060120240481 5.23985423345e-11
0.0801603206413 4.56699487366e-11
0.100200400802 4.45880713489e-11
0.120240480962 4.47161648522e-11
0.140280561122 3.89936973824e-11
0.160320641283 3.14221164124e-11
0.180360721443 2.74482023463e-11
0.200400801603 2.47485719566e-11
0.220440881764 1.21069079907e-10
0.240480961924 1.19751229224e-10
0.260521042084 2.06508005828e-11
0.280561122244 1.97187507413e-11
0.300601202405 1.88701263785e-11
0.320641282565 1.81489584449e-11
0.340681362725 1.75520114586e-11
0.360721442886 1.69342990501e-11
0.380761523046 1.63663864646e-11
0.400801603206 1.58239907049e-11
0.420841683367 1.53378953282e-11
0.440881763527 1.49005422954e-11
0.460921843687 1.44829830404e-11
0.480961923848 1.40946055656e-11
0.501002004008 1.3725352071e-11
0.521042084168 1.33919747561e-11
0.541082164329 1.30833033676e-11
0.561122244489 1.27943421094e-11
0.581162324649 1.25273830302e-11
0.60120240481 1.22851482833e-11
0.62124248497 1.20533236709e-11
0.64128256513 1.18330599989e-11
0.661322645291 1.16367340577e-11
0.681362725451 1.14453946937e-11
0.701402805611 1.12356796108e-11
0.721442885772 1.10375648981e-11
0.741482965932 1.08481203435e-11
0.761523046092 1.06585322513e-11
0.781563126253 1.04803754858e-11
0.801603206413 1.0319926865e-11
0.821643286573 1.01393968374e-11
0.841683366733 9.94750768275e-12
0.861723446894 9.77141969728e-12
0.881763527054 9.58700637435e-12
0.901803607214 9.36714778637e-12
0.921843687375 9.15862695935e-12
0.941883767535 8.95980608181e-12
0.961923847695 8.74558982526e-12
0.981963927856 8.53976538349e-12
1.00200400802 8.34717681131e-12
1.02204408818 8.17388305968e-12
1.04208416834 8.01429566277e-12
1.0621242485 7.8661751831e-12
1.08216432866 7.71860634038e-12
1.10220440882 7.56951048114e-12
1.12224448898 7.42308144614e-12
1.14228456914 7.28444804414e-12
1.1623246493 7.12479743467e-12
1.18236472946 6.97169316355e-12
1.20240480962 6.83153252245e-12
1.22244488978 6.6940097628e-12
1.24248496994 6.55969581313e-12
1.2625250501 6.42980895897e-12
1.28256513026 6.30497239728e-12
1.30260521042 6.18725422679e-12
1.32264529058 6.07426610449e-12
1.34268537074 5.96539751819e-12
1.3627254509 5.86840714787e-12
1.38276553106 5.77547551452e-12
1.40280561122 5.68658198592e-12
1.42284569138 5.59339986257e-12
1.44288577154 5.49892539126e-12
1.4629258517 5.40870860587e-12
1.48296593186 5.321718581e-12
1.50300601202 5.23920141261e-12
1.52304609218 5.15975455097e-12
1.54308617234 5.08453847821e-12
1.56312625251 5.00084961411e-12
1.58316633267 4.91948741776e-12
1.60320641283 4.84169907774e-12
1.62324649299 4.76603756449e-12
1.64328657315 4.69236351146e-12
1.66332665331 4.62126575513e-12
1.68336673347 4.55387909135e-12
1.70340681363 4.49364582462e-12
1.72344689379 4.43564184258e-12
1.74348697395 4.37932109179e-12
1.76352705411 4.30012130769e-12
1.78356713427 4.22206464042e-12
1.80360721443 4.14596238004e-12
1.82364729459 4.07928721393e-12
1.84368737475 4.01843133619e-12
1.86372745491 3.9603094697e-12
1.88376753507 3.91019281359e-12
1.90380761523 3.8758280005e-12
1.92384769539 3.84259485411e-12
1.94388777555 3.81026970183e-12
1.96392785571 3.75314994233e-12
1.98396793587 3.69682780358e-12
2.00400801603 3.63947220093e-12
2.02404809619 3.58948226325e-12
2.04408817635 3.53844787252e-12
2.06412825651 3.48915526049e-12
2.08416833667 3.44105579529e-12
2.10420841683 3.39426227778e-12
2.12424849699 3.3488534383e-12
2.14428857715 3.3045111631e-12
2.16432865731 3.25932710417e-12
2.18436873747 3.21494898152e-12
2.20440881764 3.17144441238e-12
2.2244488978 3.12376840745e-12
2.24448897796 3.07450137046e-12
2.26452905812 3.02696333845e-12
2.28456913828 2.97953800145e-12
2.30460921844 2.93108490174e-12
2.3246492986 2.88381464398e-12
2.34468937876 2.8374816205e-12
2.36472945892 2.80066446457e-12
2.38476953908 2.76457744721e-12
2.40480961924 2.72919769602e-12
2.4248496994 2.69359257485e-12
2.44488977956 2.65822338888e-12
2.46492985972 2.62352014614e-12
2.48496993988 2.58525607259e-12
2.50501002004 2.53961730113e-12
2.5250501002 2.49478103288e-12
2.54509018036 2.45091095585e-12
2.56513026052 2.42437798289e-12
2.58517034068 2.39832344799e-12
2.60521042084 2.37273354302e-12
2.625250501 2.33874258165e-12
2.64529058116 2.30121118789e-12
2.66533066132 2.26429911836e-12
2.68537074148 2.22826743241e-12
2.70541082164 2.19332750407e-12
2.7254509018 2.15894872059e-12
2.74549098196 2.1252192506e-12
2.76553106212 2.09668456572e-12
2.78557114228 2.06860123111e-12
2.80561122244 2.04095790323e-12
2.82565130261 2.00329843797e-12
2.84569138277 1.96157633996e-12
2.86573146293 1.92047129727e-12
2.88577154309 1.88530188256e-12
2.90581162325 1.85999965219e-12
2.92585170341 1.83507294718e-12
2.94589178357 1.81029366388e-12
2.96593186373 1.77921696107e-12
2.98597194389 1.74858239996e-12
3.00601202405 1.71838012027e-12
3.02605210421 1.68813803591e-12
3.04609218437 1.65812024276e-12
3.06613226453 1.62851544438e-12
3.08617234469 1.59992534208e-12
3.10621242485 1.57274743565e-12
3.12625250501 1.54593579655e-12
3.14629258517 1.51958428702e-12
3.16633266533 1.49588455462e-12
3.18637274549 1.4724983744e-12
3.20641282565 1.4494192441e-12
3.22645290581 1.42215984415e-12
3.24649298597 1.39345006102e-12
3.26653306613 1.36510532026e-12
3.28657314629 1.33608624132e-12
3.30661322645 1.30577239261e-12
3.32665330661 1.27583485964e-12
3.34669338677 1.24662192686e-12
3.36673346693 1.22416471628e-12
3.38677354709 1.20198288959e-12
3.40681362725 1.18007120267e-12
3.42685370741 1.15730757239e-12
3.44689378758 1.1343903781e-12
3.46693386774 1.11174610021e-12
3.4869739479 1.08974177986e-12
3.50701402806 1.06856862638e-12
3.52705410822 1.04764301395e-12
3.54709418838 1.02680376011e-12
3.56713426854 1.00387457097e-12
3.5871743487 9.81207614471e-13
3.60721442886 9.58798281292e-13
3.62725450902 9.37694150367e-13
3.64729458918 9.17208723133e-13
3.66733466934 8.96952203849e-13
3.6873747495 8.77579507931e-13
3.70741482966 8.59391959014e-13
3.72745490982 8.41404352778e-13
3.74749498998 8.23666168212e-13
3.76753507014 8.06788212935e-13
3.7875751503 7.90092678687e-13
3.80761523046 7.73576535976e-13
3.82765531062 7.55047722385e-13
3.84769539078 7.35962489896e-13
3.86773547094 7.17078221314e-13
3.8877755511 6.99453144458e-13
3.90781563126 6.83511210187e-13
3.92785571142 6.67734733667e-13
3.94789579158 6.52231061478e-13
3.96793587174 6.38089903716e-13
3.9879759519 6.24093302504e-13
4.00801603206 6.10238995649e-13
4.02805611222 5.95219613823e-13
4.04809619238 5.79926124831e-13
4.06813627255 5.64785350295e-13
4.08817635271 5.50798907643e-13
4.10821643287 5.38310355901e-13
4.12825651303 5.25944837226e-13
4.14829659319 5.13654971778e-13
4.16833667335 5.01046578719e-13
4.18837675351 4.88560405412e-13
4.20841683367 4.76194646397e-13
4.22845691383 4.64804552928e-13
4.24849699399 4.53787069382e-13
4.26853707415 4.42874350505e-13
4.28857715431 4.31802788068e-13
4.30861723447 4.2049508026e-13
4.32865731463 4.09293227987e-13
4.34869739479 3.98318372718e-13
4.36873747495 3.88496857797e-13
4.38877755511 3.78766051029e-13
4.40881763527 3.69124677554e-13
4.42885771543 3.60239928109e-13
4.44889779559 3.51630265597e-13
4.46893787575 3.43098673882e-13
4.48897795591 3.34572849896e-13
4.50901803607 3.26034886867e-13
4.52905811623 3.17573233121e-13
4.54909819639 3.09228473685e-13
4.56913827655 3.01278535686e-13
4.58917835671 2.93398691942e-13
4.60921843687 2.85588003807e-13
4.62925851703 2.7793134717e-13
4.64929859719 2.70364751632e-13
4.66933867735 2.62863665655e-13
4.68937875752 2.55819404419e-13
4.70941883768 2.4930415465e-13
4.72945891784 2.42844612939e-13
4.749498998 2.36375200809e-13
4.76953907816 2.29507246325e-13
4.78957915832 2.22697200998e-13
4.80961923848 2.15944325178e-13
4.82965931864 2.09871748941e-13
4.8496993988 2.04010143347e-13
4.86973947896 1.98197151685e-13
4.88977955912 1.92558504627e-13
4.90981963928 1.87111045977e-13
4.92985971944 1.81708203159e-13
4.9498997996 1.76420664506e-13
4.96993987976 1.71630603112e-13
4.98997995992 1.66879305962e-13
5.01002004008 1.62253466358e-13
5.03006012024 1.57745319487e-13
5.0501002004 1.53273208391e-13
5.07014028056 1.49070245875e-13
5.09018036072 1.44905410405e-13
5.11022044088 1.40773468019e-13
5.13026052104 1.36674025255e-13
5.1503006012 1.32606695071e-13
5.17034068136 1.28858277715e-13
5.19038076152 1.25157453657e-13
5.21042084168 1.21485284127e-13
5.23046092184 1.17841433272e-13
5.250501002 1.14225570599e-13
5.27054108216 1.10964806764e-13
5.29058116232 1.07765551183e-13
5.31062124248 1.04590594208e-13
5.33066132265 1.01439656512e-13
5.35070140281 9.83124631438e-14
5.37074148297 9.52985117829e-14
5.39078156313 9.23218284374e-14
5.41082164329 8.93673208089e-14
5.43086172345 8.6434739102e-14
5.45090180361 8.352383735e-14
5.47094188377 8.09194180961e-14
5.49098196393 7.83972197952e-14
5.51102204409 7.5893468804e-14
5.53106212425 7.34079610897e-14
5.55110220441 7.09404956914e-14
5.57114228457 6.85947034321e-14
5.59118236473 6.62953790421e-14
5.61122244489 6.40125644014e-14
5.63126252505 6.17460803689e-14
5.65130260521 5.94957504461e-14
5.67134268537 5.74502994348e-14
5.69138276553 5.5486374949e-14
5.71142284569 5.3536303576e-14
5.73146292585 5.15999376409e-14
5.75150300601 4.96771316099e-14
5.77154308617 4.78361413893e-14
5.79158316633 4.60375905297e-14
5.81162324649 4.42515025401e-14
5.83166332665 4.24777469953e-14
5.85170340681 4.07161953242e-14
5.87174348697 3.9050317423e-14
5.89178356713 3.74394030733e-14
5.91182364729 3.58394592765e-14
5.93186372745 3.42503732451e-14
5.95190380762 3.26720337656e-14
5.97194388778 3.12586866249e-14
5.99198396794 2.99506707685e-14
6.0120240481 2.86514158677e-14
6.03206412826 2.73608332847e-14
6.05210420842 2.60788356006e-14
6.07214428858 2.48693584065e-14
6.09218436874 2.37148918331e-14
6.1122244489 2.2568029604e-14
6.13226452906 2.1428696076e-14
6.15230460922 2.02968166285e-14
6.17234468938 1.920947097e-14
6.19238476954 1.81613335419e-14
6.2124248497 1.71199867648e-14
6.23246492986 1.60853642304e-14
6.25250501002 1.5057400412e-14
6.27254509018 1.41142712086e-14
6.29258517034 1.32567527517e-14
6.3126252505 1.24047026705e-14
6.33266533066 1.15580683002e-14
6.35270541082 1.07167976657e-14
6.37274549098 9.93477337591e-15
6.39278557114 9.22218581026e-15
6.4128256513 8.51407186886e-15
6.43286573146 7.81038911891e-15
6.45290581162 7.11109567518e-15
6.47294589178 6.49612693065e-15
6.49298597194 5.99774947423e-15
6.5130260521 5.50245567885e-15
6.53306613226 5.0102166485e-15
6.55310621242 4.52100385753e-15
6.57314629259 4.09049689552e-15
6.59318637275 3.7556945471e-15
6.61322645291 3.42293534301e-15
6.63326653307 3.09220033274e-15
6.65330661323 2.76347080807e-15
6.67334669339 2.4477906364e-15
6.69338677355 2.15607308308e-15
6.71342685371 1.86610894717e-15
6.73346693387 1.57788221158e-15
6.75350701403 1.29137706094e-15
6.77354709419 1.03650652378e-15
6.79358717435 8.55182438203e-16
6.81362725451 6.74934916887e-16
6.83366733467 4.95754186059e-16
6.85370741483 3.17630595863e-16
6.87374749499 1.77258430129e-16
6.89378757515 1.46042278563e-16
6.91382765531 1.15015469548e-16
6.93386773547 8.41761079728e-17
6.95390781563 5.35223285598e-17
6.97394789579 2.87665874315e-17
6.99398797595 2.5323925601e-17
7.01402805611 2.19080152939e-17
7.03406813627 1.85184150738e-17
7.05410821643 1.51546951759e-17
7.07414829659 1.21731881994e-17
7.09418837675 1.09306154966e-17
7.11422845691 9.70103422377e-18
7.13426853707 8.48415591587e-18
7.15430861723 7.27970089476e-18
7.17434869739 6.21698260829e-18
7.19438877756 6.02023155283e-18
7.21442885772 5.82964954947e-18
7.23446893788 5.64503456228e-18
7.25450901804 5.46619143218e-18
7.2745490982 5.29327184136e-18
7.29458917836 5.12914376564e-18
7.31462925852 4.97022049022e-18
7.33466933868 4.81633217634e-18
7.35470941884 4.66731472591e-18
7.374749499 4.52300957925e-18
7.39478957916 4.38326352029e-18
7.41482965932 4.24792848897e-18
7.43486973948 4.11686140051e-18
7.45490981964 3.98992397131e-18
7.4749498998 3.86698255124e-18
7.49498997996 3.74790796206e-18
7.51503006012 3.63257534171e-18
7.53507014028 3.52086399431e-18
7.55511022044 3.41265724558e-18
7.5751503006 3.30784230349e-18
7.59519038076 3.20631012403e-18
7.61523046092 3.10795528175e-18
7.63527054108 3.01267584502e-18
7.65531062124 2.92037325575e-18
7.6753507014 2.83095221347e-18
7.69539078156 2.74432056354e-18
7.71543086172 2.6603891894e-18
7.73547094188 2.57907190862e-18
7.75551102204 2.50028537271e-18
7.7755511022 2.42394897046e-18
7.79559118236 2.34998473477e-18
7.81563126253 2.27831725275e-18
7.83567134269 2.20887357898e-18
7.85571142285 2.14158315193e-18
7.87575150301 2.07637771323e-18
7.89579158317 2.01319122986e-18
7.91583166333 1.95195981903e-18
7.93587174349 1.89262167574e-18
7.95591182365 1.83511700288e-18
7.97595190381 1.77938794373e-18
7.99599198397 1.72537851685e-18
8.01603206413 1.67303455329e-18
8.03607214429 1.6223036359e-18
8.05611222445 1.57313504083e-18
8.07615230461 1.52547968101e-18
8.09619238477 1.47929005159e-18
8.11623246493 1.43452017734e-18
8.13627254509 1.39112556178e-18
8.15631262525 1.3490631381e-18
8.17635270541 1.3082912218e-18
8.19639278557 1.26876946491e-18
8.21643286573 1.23045881181e-18
8.23647294589 1.19332145659e-18
8.25651302605 1.15732080179e-18
8.27655310621 1.12242141866e-18
8.29659318637 1.08858900868e-18
8.31663326653 1.05579036644e-18
8.33667334669 1.02399334381e-18
8.35671342685 9.93166815222e-19
8.37675350701 9.63280644284e-19
8.39679358717 9.34305651387e-19
8.41683366733 9.06213582486e-19
8.43687374749 8.78977078909e-19
8.45691382766 8.52569648197e-19
8.47695390782 8.26965635912e-19
8.49699398798 8.02140198409e-19
8.51703406814 7.78069276508e-19
8.5370741483 7.54729570064e-19
8.55711422846 7.32098513377e-19
8.57715430862 7.10154251433e-19
8.59719438878 6.88875616934e-19
8.61723446894 6.68242108096e-19
8.6372745491 6.48233867187e-19
8.65731462926 6.28831659783e-19
8.67735470942 6.10016854703e-19
8.69739478958 5.91771404625e-19
8.71743486974 5.74077827328e-19
8.7374749499 5.56919187573e-19
8.75751503006 5.40279079563e-19
8.77755511022 5.24141610004e-19
8.79759519038 5.08491381702e-19
8.81763527054 4.93313477723e-19
8.8376753507 4.78593446055e-19
8.85771543086 4.64317284784e-19
8.87775551102 4.50471427759e-19
8.89779559118 4.37042730713e-19
8.91783567134 4.24018457858e-19
8.9378757515 4.11386268902e-19
8.95791583166 3.99134206498e-19
8.97795591182 3.87250684099e-19
8.99799599198 3.75724474213e-19
9.01803607214 3.64544697037e-19
9.0380761523 3.53700809462e-19
9.05811623246 3.4318259443e-19
9.07815631263 3.32980150648e-19
9.09819639279 3.23083882621e-19
9.11823647295 3.13484491019e-19
9.13827655311 3.0417296335e-19
9.15831663327 2.95140564934e-19
9.17835671343 2.86378830171e-19
9.19839679359 2.77879554089e-19
9.21843687375 2.69634784163e-19
9.23847695391 2.61636812399e-19
9.25851703407 2.53878167671e-19
9.27855711423 2.46351608305e-19
9.29859719439 2.390501149e-19
9.31863727455 2.31966883382e-19
9.33867735471 2.25095318272e-19
9.35871743487 2.18429026179e-19
9.37875751503 2.11961809496e-19
9.39879759519 2.05687660298e-19
9.41883767535 1.99600754432e-19
9.43887775551 1.936954458e-19
9.45891783567 1.87966260821e-19
9.47895791583 1.82407893068e-19
9.49899799599 1.77015198081e-19
9.51903807615 1.71783188334e-19
9.53907815631 1.66707028373e-19
9.55911823647 1.617820301e-19
9.57915831663 1.57003648213e-19
9.59919839679 1.52367475781e-19
9.61923847695 1.47869239968e-19
9.63927855711 1.4350479789e-19
9.65931863727 1.39270132593e-19
9.67935871743 1.35161349175e-19
9.6993987976 1.31174671014e-19
9.71943887776 1.27306436123e-19
9.73947895792 1.23553093622e-19
9.75951903808 1.19911200309e-19
9.77955911824 1.16377417352e-19
9.7995991984 1.12948507079e-19
9.81963927856 1.09621329864e-19
9.83967935872 1.06392841122e-19
9.85971943888 1.03260088384e-19
9.87975951904 1.00220208477e-19
9.8997995992 0.0
9.91983967936 0.0
9.93987975952 0.0
9.95991983968 0.0
9.97995991984 0.0
10.0 0.0
