0.0 0.0
0.0200400801603 0.0
0.0400801603206 5.91090520694e-10
0.060120240481 5.44653107885e-11
0.0801603206413 4.65080886117e-11
0.100200400802 4.51660523303e-11
0.120240480962 4.52509567583e-11
0.140280561122 3.9346784174e-11
0.160320641283 3.16063225942e-11
0.180360721443 2.75746073934e-11
0.200400801603 2.48494035228e-11
0.220440881764 1.23568352405e-10
0.240480961924 1.22220495051e-10
0.260521042084 2.07476719356e-11
0.280561122244 1.9820809104e-11
0.300601202405 1.89769180832e-11
0.320641282565 1.82618362922e-11
0.340681362725 1.76728305131e-11
0.360721442886 1.70602216345e-11
0.380761523046 1.64967792199e-11
0.400801603206 1.59584977558e-11
0.420841683367 1.54763036761e-11
0.440881763527 1.5042632748e-11
0.460921843687 1.46284824181e-11
0.480961923848 1.42431767346e-11
0.501002004008 1.38764874434e-11
0.521042084168 1.3545510113e-11
0.541082164329 1.3239086221e-11
0.561122244489 1.29521759294e-11
0.581162324649 1.26871391643e-11
0.60120240481 1.24467151415e-11
0.62124248497 1.22164921354e-11
0.64128256513 1.19976668568e-11
0.661322645291 1.18027035631e-11
0.681362725451 1.16124249764e-11
0.701402805611 1.14030386446e-11
0.721442885772 1.12052412609e-11
0.741482965932 1.10161025808e-11
0.761523046092 1.0826578997e-11
0.781563126253 1.06484685196e-11
0.801603206413 1.0488069181e-11
0.821643286573 1.03069171751e-11
0.841683366733 1.01139794927e-11
0.861723446894 9.93689593889e-12
0.881763527054 9.75117828352e-12
0.901803607214 9.52907371462e-12
0.921843687375 9.31840773848e-12
0.941883767535 9.11753575813e-12
0.961923847695 8.90081390201e-12
0.981963927856 8.69254759448e-12
1.00200400802 8.49761735971e-12
1.02204408818 8.32231930517e-12
1.04208416834 8.16096660211e-12
1.0621242485 8.01114925459e-12
1.08216432866 7.86188832522e-12
1.10220440882 7.71100481941e-12
1.12224448898 7.56285295106e-12
1.14228456914 7.42255837239e-12
1.1623246493 7.26070899372e-12
1.18236472946 7.10544335702e-12
1.20240480962 6.9631947256e-12
1.22244488978 6.82360887468e-12
1.24248496994 6.68727108466e-12
1.2625250501 6.55542534172e-12
1.28256513026 6.42872115214e-12
1.30260521042 6.30926830441e-12
1.32264529058 6.19459865506e-12
1.34268537074 6.08409925873e-12
1.3627254509 5.98572507128e-12
1.38276553106 5.89146067688e-12
1.40280561122 5.80127288426e-12
1.42284569138 5.70668597136e-12
1.44288577154 5.61075669714e-12
1.4629258517 5.51912534412e-12
1.48296593186 5.43077956825e-12
1.50300601202 5.34699228778e-12
1.52304609218 5.2663090169e-12
1.54308617234 5.18988895151e-12
1.56312625251 5.10478786543e-12
1.58316633267 5.02203942083e-12
1.60320641283 4.94289974146e-12
1.62324649299 4.86592497055e-12
1.64328657315 4.79097250115e-12
1.66332665331 4.71862732424e-12
1.68336673347 4.65007819202e-12
1.70340681363 4.58883729093e-12
1.72344689379 4.52984925725e-12
1.74348697395 4.472567205e-12
1.76352705411 4.39187552595e-12
1.78356713427 4.31234353572e-12
1.80360721443 4.23479887468e-12
1.82364729459 4.16689027122e-12
1.84368737475 4.10492653192e-12
1.86372745491 4.04572075779e-12
1.88376753507 3.99469587338e-12
1.90380761523 3.95977812567e-12
1.92384769539 3.92600363085e-12
1.94388777555 3.89314835123e-12
1.96392785571 3.83492722916e-12
1.98396793587 3.77751429184e-12
2.00400801603 3.71908973578e-12
2.02404809619 3.66807548847e-12
2.04408817635 3.61604930707e-12
2.06412825651 3.56578423559e-12
2.08416833667 3.51673511539e-12
2.10420841683 3.46901859239e-12
2.12424849699 3.42270422155e-12
2.14428857715 3.37747339207e-12
2.16432865731 3.33137889486e-12
2.18436873747 3.28610671206e-12
2.20440881764 3.2417243818e-12
2.2244488978 3.19307285137e-12
2.24448897796 3.14278985788e-12
2.26452905812 3.09425390561e-12
2.28456913828 3.04583087892e-12
2.30460921844 2.99636270884e-12
2.3246492986 2.94809492445e-12
2.34468937876 2.90078159555e-12
2.36472945892 2.86319770168e-12
2.38476953908 2.8263568619e-12
2.40480961924 2.79023587982e-12
2.4248496994 2.75388098611e-12
2.44488977956 2.71776421007e-12
2.46492985972 2.68232555817e-12
2.48496993988 2.64324178879e-12
2.50501002004 2.59661200125e-12
2.5250501002 2.55080047508e-12
2.54509018036 2.50597477408e-12
2.56513026052 2.47888017227e-12
2.58517034068 2.4522727328e-12
2.60521042084 2.42613844564e-12
2.625250501 2.39140906979e-12
2.64529058116 2.35305644483e-12
2.66533066132 2.31533551293e-12
2.68537074148 2.27851339202e-12
2.70541082164 2.24280637388e-12
2.7254509018 2.2076717983e-12
2.74549098196 2.17319992664e-12
2.76553106212 2.14404020432e-12
2.78557114228 2.11534083896e-12
2.80561122244 2.08709029359e-12
2.82565130261 2.04859348424e-12
2.84569138277 2.00594006107e-12
2.86573146293 1.96391673507e-12
2.88577154309 1.92796369946e-12
2.90581162325 1.90210242246e-12
2.92585170341 1.87662433907e-12
2.94589178357 1.85129617724e-12
2.96593186373 1.81952583124e-12
2.98597194389 1.78820694861e-12
3.00601202405 1.7573294823e-12
3.02605210421 1.72641059272e-12
3.04609218437 1.69572044691e-12
3.06613226453 1.6654520945e-12
3.08617234469 1.63622102059e-12
3.10621242485 1.60843383969e-12
3.12625250501 1.58102074565e-12
3.14629258517 1.55407777281e-12
3.16633266533 1.52984668546e-12
3.18637274549 1.50593584094e-12
3.20641282565 1.48233861134e-12
3.22645290581 1.45446514005e-12
3.24649298597 1.42510772753e-12
3.26653306613 1.39612331121e-12
3.28657314629 1.36644877413e-12
3.30661322645 1.33544952284e-12
3.32665330661 1.30483485245e-12
3.34669338677 1.27496102333e-12
3.36673346693 1.25199701176e-12
3.38677354709 1.22931438698e-12
3.40681362725 1.20690779883e-12
3.42685370741 1.18362953275e-12
3.44689378758 1.16019394179e-12
3.46693386774 1.13703726518e-12
3.4869739479 1.11453494375e-12
3.50701402806 1.09288256735e-12
3.52705410822 1.07148318205e-12
3.54709418838 1.05017193143e-12
3.56713426854 1.02672279411e-12
3.5871743487 1.00354170326e-12
3.60721442886 9.80623952567e-13
3.62725450902 9.5904106992e-13
3.64729458918 9.38090875131e-13
3.66733466934 9.17374671365e-13
3.6873747495 8.97562347975e-13
3.70741482966 8.78962121262e-13
3.72745490982 8.60566277723e-13
3.74749498998 8.42425433019e-13
3.76753507014 8.25164359318e-13
3.7875751503 8.08089763546e-13
3.80761523046 7.91198552091e-13
3.82765531062 7.72248572105e-13
3.84769539078 7.52729360292e-13
3.86773547094 7.33415612413e-13
3.8877755511 7.15389744038e-13
3.90781563126 6.99085398331e-13
3.92785571142 6.82950210728e-13
3.94789579158 6.67093984617e-13
3.96793587174 6.52631336328e-13
3.9879759519 6.38316477589e-13
4.00801603206 6.24147097666e-13
4.02805611222 6.08785953568e-13
4.04809619238 5.93144376971e-13
4.06813627255 5.77658946202e-13
4.08817635271 5.63354170629e-13
4.10821643287 5.50581462745e-13
4.12825651303 5.37934548255e-13
4.14829659319 5.25364966852e-13
4.16833667335 5.12469531968e-13
4.18837675351 4.99699065114e-13
4.20841683367 4.87051721535e-13
4.22845691383 4.7540229862e-13
4.24849699399 4.64133961387e-13
4.26853707415 4.52972745467e-13
4.28857715431 4.41649020308e-13
4.30861723447 4.30083719194e-13
4.32865731463 4.18626659918e-13
4.34869739479 4.07401753671e-13
4.36873747495 3.97356513733e-13
4.38877755511 3.87404026085e-13
4.40881763527 3.77542987974e-13
4.42885771543 3.68455837738e-13
4.44889779559 3.5965003543e-13
4.46893787575 3.50924063842e-13
4.48897795591 3.42203968697e-13
4.50901803607 3.33471435022e-13
4.52905811623 3.24816933271e-13
4.54909819639 3.16281976796e-13
4.56913827655 3.0815084461e-13
4.58917835671 3.00091389854e-13
4.60921843687 2.92102653218e-13
4.62925851703 2.8427145087e-13
4.64929859719 2.76532351315e-13
4.66933867735 2.68860242663e-13
4.68937875752 2.61655382785e-13
4.70941883768 2.54991608552e-13
4.72945891784 2.48384801576e-13
4.749498998 2.41767885414e-13
4.76953907816 2.34743307102e-13
4.78957915832 2.27777949126e-13
4.80961923848 2.20871055438e-13
4.82965931864 2.14659995753e-13
4.8496993988 2.08664716904e-13
4.86973947896 2.02719152601e-13
4.88977955912 1.96951907003e-13
4.90981963928 1.91380209202e-13
4.92985971944 1.85854137687e-13
4.9498997996 1.80445996448e-13
4.96993987976 1.755466919e-13
4.98997995992 1.70687029374e-13
5.01002004008 1.65955683505e-13
5.03006012024 1.61344712354e-13
5.0501002004 1.56770593334e-13
5.07014028056 1.52471766329e-13
5.09018036072 1.48211931062e-13
5.11022044088 1.43985734235e-13
5.13026052104 1.39792773647e-13
5.1503006012 1.35632653651e-13
5.17034068136 1.31798728282e-13
5.19038076152 1.28013478406e-13
5.21042084168 1.24257532704e-13
5.23046092184 1.20530547851e-13
5.250501002 1.16832186001e-13
5.27054108216 1.13497032625e-13
5.29058116232 1.10224788623e-13
5.31062124248 1.06977394258e-13
5.33066132265 1.03754563988e-13
5.35070140281 1.00556016736e-13
5.37074148297 9.74732953885e-14
5.39078156313 9.44286900615e-14
5.41082164329 9.14067637317e-14
5.43086172345 8.84072610297e-14
5.45090180361 8.54299304969e-14
5.47094188377 8.27660826136e-14
5.49098196393 8.01863315048e-14
5.51102204409 7.76254463952e-14
5.53106212425 7.5083218699e-14
5.55110220441 7.25594429683e-14
5.57114228457 7.01601181084e-14
5.59118236473 6.78083204887e-14
5.61122244489 6.54734075334e-14
5.63126252505 6.3155196097e-14
5.65130260521 6.08535057335e-14
5.67134268537 5.87613737035e-14
5.69138276553 5.67526290804e-14
5.71142284569 5.47580521833e-14
5.73146292585 5.27774920358e-14
5.75150300601 5.08107998487e-14
5.77154308617 4.89277912426e-14
5.79158316633 4.70881900782e-14
5.81162324649 4.52613349637e-14
5.83166332665 4.34470925532e-14
5.85170340681 4.16453313953e-14
5.87174348697 3.99414287211e-14
5.89178356713 3.8293744137e-14
5.91182364729 3.66572794583e-14
5.93186372745 3.50319193694e-14
5.95190380762 3.34175501628e-14
5.97194388778 3.19719421617e-14
5.99198396794 3.06340711037e-14
6.0120240481 2.93051600845e-14
6.03206412826 2.79851184813e-14
6.05210420842 2.66738569166e-14
6.07214428858 2.5436771932e-14
6.09218436874 2.42559535953e-14
6.1122244489 2.3082912442e-14
6.13226452906 2.19175711337e-14
6.15230460922 2.07598533767e-14
6.17234468938 1.96476861705e-14
6.19238476954 1.85756222973e-14
6.2124248497 1.75105034741e-14
6.23246492986 1.64522618028e-14
6.25250501002 1.54008302858e-14
6.27254509018 1.44361711379e-14
6.29258517034 1.35590782463e-14
6.3126252505 1.26875780396e-14
6.33266533066 1.18216166726e-14
6.35270541082 1.09611410043e-14
6.37274549098 1.01612648592e-14
6.39278557114 9.43241148049e-15
6.4128256513 8.70813340878e-15
6.43286573146 7.98838726063e-15
6.45290581162 7.27313021201e-15
6.47294589178 6.64412415759e-15
6.49298597194 6.13437297558e-15
6.5130260521 5.62777546101e-15
6.53306613226 5.12430207345e-15
6.55310621242 4.62392365072e-15
6.57314629259 4.1835920449e-15
6.59318637275 3.84115145422e-15
6.61322645291 3.50080030938e-15
6.63326653307 3.1625192401e-15
6.65330661323 2.82628912345e-15
6.67334669339 2.50340618477e-15
6.69338677355 2.20503306225e-15
6.71342685371 1.90845309946e-15
6.73346693387 1.61364992435e-15
6.75350701403 1.32060737082e-15
6.77354709419 1.05992197059e-15
6.79358717435 8.7446322809e-16
6.81362725451 6.90105375847e-16
6.83366733467 5.06838426015e-16
6.85370741483 3.24652517173e-16
6.87374749499 1.81080380034e-16
6.89378757515 1.49158154889e-16
6.91382765531 1.17429366225e-16
6.93386773547 8.58920834232e-17
6.95390781563 5.45444061076e-17
6.97394789579 2.92293229441e-17
6.99398797595 2.57141036225e-17
7.01402805611 2.22260505266e-17
7.03406813627 1.87647186741e-17
7.05410821643 1.53296747945e-17
7.07414829659 1.22853994956e-17
7.09418837675 1.10196199832e-17
7.11422845691 9.7669626786e-18
7.13426853707 8.52713801402e-18
7.15430861723 7.29986522088e-18
7.17434869739 6.21741756769e-18
7.19438877756 6.02057853552e-18
7.21442885772 5.82990905525e-18
7.23446893788 5.64520708642e-18
7.25450901804 5.46627746545e-18
7.2745490982 5.2932796436e-18
7.29458917836 5.12915128448e-18
7.31462925852 4.97022773622e-18
7.33466933868 4.81633915967e-18
7.35470941884 4.66732145635e-18
7.374749499 4.52301606619e-18
7.39478957916 4.38326977278e-18
7.41482965932 4.2479345157e-18
7.43486973948 4.11686720985e-18
7.45490981964 3.98992957129e-18
7.4749498998 3.86698794961e-18
7.49498997996 3.74791316625e-18
7.51503006012 3.63258035889e-18
7.53507014028 3.52086883137e-18
7.55511022044 3.41266190913e-18
7.5751503006 3.30784679993e-18
7.59519038076 3.20631445948e-18
7.61523046092 3.10795946212e-18
7.63527054108 3.01267987599e-18
7.65531062124 2.92037714279e-18
7.6753507014 2.83095596184e-18
7.69539078156 2.7443241783e-18
7.71543086172 2.66039267543e-18
7.73547094188 2.57907527061e-18
7.75551102204 2.50028861517e-18
7.7755511022 2.42395209774e-18
7.79559118236 2.34998775106e-18
7.81563126253 2.27832016207e-18
7.83567134269 2.20887638522e-18
7.85571142285 2.14158585882e-18
7.87575150301 2.07638032436e-18
7.89579158317 2.01319374869e-18
7.91583166333 1.9519622489e-18
7.93587174349 1.89262401986e-18
7.95591182365 1.83511926435e-18
7.97595190381 1.77939012551e-18
7.99599198397 1.72538062181e-18
8.01603206413 1.6730365842e-18
8.03607214429 1.62230559542e-18
8.05611222445 1.57313693152e-18
8.07615230461 1.52548150533e-18
8.09619238477 1.47929181193e-18
8.11623246493 1.43452187599e-18
8.13627254509 1.39112720094e-18
8.15631262525 1.3490647199e-18
8.17635270541 1.30829274828e-18
8.19639278557 1.26877093804e-18
8.21643286573 1.2304602335e-18
8.23647294589 1.19332282867e-18
8.25651302605 1.15732212603e-18
8.27655310621 1.12242269675e-18
8.29659318637 1.08859024226e-18
8.31663326653 1.0557915571e-18
8.33667334669 1.02399449306e-18
8.35671342685 9.93167924538e-19
8.37675350701 9.63281715078e-19
8.39679358717 9.3430668502e-19
8.41683366733 9.06214580271e-19
8.43687374749 8.78978042114e-19
8.45691382766 8.52570578041e-19
8.47695390782 8.26966533572e-19
8.49699398798 8.02141065018e-19
8.51703406814 7.78070113161e-19
8.5370741483 7.54730377814e-19
8.55711422846 7.32099293241e-19
8.57715430862 7.1015500439e-19
8.59719438878 6.88876343929e-19
8.61723446894 6.68242810039e-19
8.6372745491 6.48234544957e-19
8.65731462926 6.28832314226e-19
8.67735470942 6.10017486636e-19
8.69739478958 5.91772014834e-19
8.71743486974 5.74078416575e-19
8.7374749499 5.56919756588e-19
8.75751503006 5.40279629053e-19
8.77755511022 5.2414214065e-19
8.79759519038 5.08491894161e-19
8.81763527054 4.93313972628e-19
8.8376753507 4.78593924017e-19
8.85771543086 4.64317746394e-19
8.87775551102 4.50471873583e-19
8.89779559118 4.37043161301e-19
8.91783567134 4.24018873739e-19
8.9378757515 4.11386670586e-19
8.95791583166 3.99134594477e-19
8.97795591182 3.87251058847e-19
8.99799599198 3.7572483619e-19
9.01803607214 3.64545046684e-19
9.0380761523 3.53701147205e-19
9.05811623246 3.43182920682e-19
9.07815631263 3.32980465804e-19
9.09819639279 3.23084187065e-19
9.11823647295 3.1348478512e-19
9.13827655311 3.04173247465e-19
9.15831663327 2.95140839407e-19
9.17835671343 2.86379095335e-19
9.19839679359 2.77879810263e-19
9.21843687375 2.69635031657e-19
9.23847695391 2.6163705151e-19
9.25851703407 2.53878398688e-19
9.27855711423 2.46351831506e-19
9.29859719439 2.39050330554e-19
9.31863727455 2.31967091746e-19
9.33867735471 2.25095519597e-19
9.35871743487 2.18429220706e-19
9.37875751503 2.11961997458e-19
9.39879759519 2.05687841919e-19
9.41883767535 1.99600929929e-19
9.43887775551 1.93695615382e-19
9.45891783567 1.8796642469e-19
9.47895791583 1.82408051421e-19
9.49899799599 1.77015351104e-19
9.51903807615 1.7178333621e-19
9.53907815631 1.66707171276e-19
9.55911823647 1.61782168201e-19
9.57915831663 1.57003781675e-19
9.59919839679 1.52367604761e-19
9.61923847695 1.4786936462e-19
9.63927855711 1.4350491836e-19
9.65931863727 1.39270249023e-19
9.67935871743 1.35161461703e-19
9.6993987976 1.31174779772e-19
9.71943887776 1.2730654124e-19
9.73947895792 1.2355319522e-19
9.75951903808 1.19911298507e-19
9.77955911824 1.16377512266e-19
9.7995991984 1.1294859882e-19
9.81963927856 1.0962141854e-19
9.83967935872 1.06392926836e-19
9.85971943888 1.03260171237e-19
9.87975951904 1.00220288564e-19
9.8997995992 0.0
9.91983967936 0.0
9.93987975952 0.0
9.95991983968 0.0
9.97995991984 0.0
10.0 0.0
