0.0 0.0
0.0200400801603 0.0
0.0400801603206 0.0
0.060120240481 0.0
0.0801603206413 0.0
0.100200400802 0.0
0.120240480962 0.0
0.140280561122 5.89679584283e-11
0.160320641283 1.92327385423e-11
0.180360721443 1.15280746672e-11
0.200400801603 9.25433526061e-12
0.220440881764 3.54988847523e-10
0.240480961924 3.429400775e-10
0.260521042084 1.11391240418e-11
0.280561122244 1.22480278568e-11
0.300601202405 1.3169842801e-11
0.320641282565 1.41894511058e-11
0.340681362725 1.53908385856e-11
0.360721442886 1.61673353243e-11
0.380761523046 1.68286300864e-11
0.400801603206 1.74201491354e-11
0.420841683367 1.79651642687e-11
0.440881763527 1.84689478074e-11
0.460921843687 1.8928676933e-11
0.480961923848 1.93373331829e-11
0.501002004008 1.96747776469e-11
0.521042084168 1.99867830212e-11
0.541082164329 2.02715817717e-11
0.561122244489 2.05287334875e-11
0.581162324649 2.07679499388e-11
0.60120240481 2.09902334699e-11
0.62124248497 2.1184094307e-11
0.64128256513 2.13567525295e-11
0.661322645291 2.15200682754e-11
0.681362725451 2.16464778031e-11
0.701402805611 2.16788075443e-11
0.721442885772 2.17098941521e-11
0.741482965932 2.17373061857e-11
0.761523046092 2.17338987939e-11
0.781563126253 2.17285334096e-11
0.801603206413 2.17258044914e-11
0.821643286573 2.16385595384e-11
0.841683366733 2.14968994922e-11
0.861723446894 2.13616913962e-11
0.881763527054 2.11856638481e-11
0.901803607214 2.08893375884e-11
0.921843687375 2.0606366003e-11
0.941883767535 2.03349163793e-11
0.961923847695 2.00056027284e-11
0.981963927856 1.96848693974e-11
1.00200400802 1.93790388465e-11
1.02204408818 1.91178134327e-11
1.04208416834 1.88874283789e-11
1.0621242485 1.866490851e-11
1.08216432866 1.84404999687e-11
1.10220440882 1.82041955912e-11
1.12224448898 1.7976525893e-11
1.14228456914 1.7760660714e-11
1.1623246493 1.74763720298e-11
1.18236472946 1.71970030251e-11
1.20240480962 1.69270657907e-11
1.22244488978 1.66604288591e-11
1.24248496994 1.63989489591e-11
1.2625250501 1.61457241786e-11
1.28256513026 1.59038573751e-11
1.30260521042 1.56791219349e-11
1.32264529058 1.54612980447e-11
1.34268537074 1.52500002262e-11
1.3627254509 1.5070386631e-11
1.38276553106 1.48973984126e-11
1.40280561122 1.4728807469e-11
1.42284569138 1.45458411709e-11
1.44288577154 1.43565998907e-11
1.4629258517 1.41724691788e-11
1.48296593186 1.3995649413e-11
1.50300601202 1.38298878949e-11
1.52304609218 1.36685378304e-11
1.54308617234 1.35132471814e-11
1.56312625251 1.33314599043e-11
1.58316633267 1.31530401677e-11
1.60320641283 1.29791358991e-11
1.62324649299 1.28101504742e-11
1.64328657315 1.26456603612e-11
1.66332665331 1.2484950073e-11
1.68336673347 1.23346558731e-11
1.70340681363 1.22041943215e-11
1.72344689379 1.20767933242e-11
1.74348697395 1.19522047587e-11
1.76352705411 1.17598928805e-11
1.78356713427 1.15697497596e-11
1.80360721443 1.13838741428e-11
1.82364729459 1.12247431764e-11
1.84368737475 1.10816943682e-11
1.86372745491 1.09417429227e-11
1.88376753507 1.08242674597e-11
1.90380761523 1.07522025581e-11
1.92384769539 1.06816511338e-11
1.94388777555 1.06125659032e-11
1.96392785571 1.04705697454e-11
1.98396793587 1.03299568396e-11
2.00400801603 1.01896950739e-11
2.02404809619 1.00604219201e-11
2.04408817635 9.93267942954e-12
2.06412825651 9.80744945134e-12
2.08416833667 9.68517508571e-12
2.10420841683 9.56634539267e-12
2.12424849699 9.44978591369e-12
2.14428857715 9.33543211178e-12
2.16432865731 9.21832131953e-12
2.18436873747 9.10333709958e-12
2.20440881764 8.99046765928e-12
2.2244488978 8.86514969564e-12
2.24448897796 8.73470166577e-12
2.26452905812 8.60658506965e-12
2.28456913828 8.47852720188e-12
2.30460921844 8.34827936706e-12
2.3246492986 8.2202975724e-12
2.34468937876 8.09453994396e-12
2.36472945892 7.99606968354e-12
2.38476953908 7.8992712514e-12
2.40480961924 7.80410234937e-12
2.4248496994 7.70786444444e-12
2.44488977956 7.61192566822e-12
2.46492985972 7.51756149778e-12
2.48496993988 7.41245754986e-12
2.50501002004 7.28550417213e-12
2.5250501002 7.16058043648e-12
2.54509018036 7.03818031352e-12
2.56513026052 6.96608644142e-12
2.58517034068 6.89512137333e-12
2.60521042084 6.82525874382e-12
2.625250501 6.73064466934e-12
2.64529058116 6.62547429051e-12
2.66533066132 6.52189628206e-12
2.68537074148 6.4206833756e-12
2.70541082164 6.32246270318e-12
2.7254509018 6.22569610306e-12
2.74549098196 6.13065019991e-12
2.76553106212 6.05059459522e-12
2.78557114228 5.97169909876e-12
2.80561122244 5.8939386199e-12
2.82565130261 5.7868178048e-12
2.84569138277 5.66771252166e-12
2.86573146293 5.55028139996e-12
2.88577154309 5.45004569983e-12
2.90581162325 5.37847954434e-12
2.92585170341 5.30790012995e-12
2.94589178357 5.23764755941e-12
2.96593186373 5.14892762341e-12
2.98597194389 5.06140480487e-12
3.00601202405 4.97505498916e-12
3.02605210421 4.88850556562e-12
3.04609218437 4.80253108137e-12
3.06613226453 4.71768592709e-12
3.08617234469 4.63572888977e-12
3.10621242485 4.55782288542e-12
3.12625250501 4.4809205186e-12
3.14629258517 4.40529876556e-12
3.16633266533 4.337352972e-12
3.18637274549 4.2702660738e-12
3.20641282565 4.20402185306e-12
3.22645290581 4.12553525182e-12
3.24649298597 4.04277097575e-12
3.26653306613 3.96102625566e-12
3.28657314629 3.87727193983e-12
3.30661322645 3.78970072488e-12
3.32665330661 3.70318838451e-12
3.34669338677 3.61875255877e-12
3.36673346693 3.55398428617e-12
3.38677354709 3.48998561027e-12
3.40681362725 3.42674286818e-12
3.42685370741 3.36098522128e-12
3.44689378758 3.29475091706e-12
3.46693386774 3.22928512635e-12
3.4869739479 3.16565957159e-12
3.50701402806 3.10443310627e-12
3.52705410822 3.04390489599e-12
3.54709418838 2.98360603441e-12
3.56713426854 2.91719108831e-12
3.5871743487 2.85152058319e-12
3.60721442886 2.78658205063e-12
3.62725450902 2.72543131376e-12
3.64729458918 2.66606727347e-12
3.66733466934 2.60735405747e-12
3.6873747495 2.55120225936e-12
3.70741482966 2.49849128611e-12
3.72745490982 2.44634889135e-12
3.74749498998 2.39492004507e-12
3.76753507014 2.34598653112e-12
3.7875751503 2.29757244038e-12
3.80761523046 2.24966953075e-12
3.82765531062 2.19588635107e-12
3.84769539078 2.14046992031e-12
3.86773547094 2.08562927102e-12
3.8877755511 2.03445060933e-12
3.90781563126 1.9881705536e-12
3.92785571142 1.94236404775e-12
3.94789579158 1.89734452028e-12
3.96793587174 1.85628982594e-12
3.9879759519 1.81564889254e-12
4.00801603206 1.77541548505e-12
4.02805611222 1.73177787085e-12
4.04809619238 1.68733433464e-12
4.06813627255 1.64332973457e-12
4.08817635271 1.60268487994e-12
4.10821643287 1.56640175776e-12
4.12825651303 1.53047181199e-12
4.14829659319 1.4947571511e-12
4.16833667335 1.45810868904e-12
4.18837675351 1.42181177757e-12
4.20841683367 1.38586137383e-12
4.22845691383 1.35275135594e-12
4.24849699399 1.32072356499e-12
4.26853707415 1.28899723026e-12
4.28857715431 1.25680393788e-12
4.30861723447 1.22391848458e-12
4.32865731463 1.19133820493e-12
4.34869739479 1.15941646263e-12
4.36873747495 1.13085428437e-12
4.38877755511 1.10255354323e-12
4.40881763527 1.07451065977e-12
4.42885771543 1.04867102989e-12
4.44889779559 1.0236307913e-12
4.46893787575 9.98815640467e-13
4.48897795591 9.74014886484e-13
4.50901803607 9.49176431856e-13
4.52905811623 9.24558258935e-13
4.54909819639 9.0027879414e-13
4.56913827655 8.77148437699e-13
4.58917835671 8.54220519295e-13
4.60921843687 8.31492388247e-13
4.62925851703 8.0921158314e-13
4.64929859719 7.87191674086e-13
4.66933867735 7.6536115527e-13
4.68937875752 7.44860971533e-13
4.70941883768 7.25901639649e-13
4.72945891784 7.07103311835e-13
4.749498998 6.88274858965e-13
4.76953907816 6.68283187665e-13
4.78957915832 6.48459124416e-13
4.80961923848 6.28800566733e-13
4.82965931864 6.11124257207e-13
4.8496993988 5.9406193921e-13
4.86973947896 5.77140319371e-13
4.88977955912 5.60725998704e-13
4.90981963928 5.44868123861e-13
4.92985971944 5.29139416491e-13
4.9498997996 5.13745999585e-13
4.96993987976 4.99802087653e-13
4.98997995992 4.85970389143e-13
5.01002004008 4.72503680971e-13
5.03006012024 4.59379357124e-13
5.0501002004 4.46359388998e-13
5.07014028056 4.3412341029e-13
5.09018036072 4.21997939941e-13
5.11022044088 4.0996774677e-13
5.13026052104 3.98031710117e-13
5.1503006012 3.8618872687e-13
5.17034068136 3.75274932598e-13
5.19038076152 3.6449936628e-13
5.21042084168 3.5380683758e-13
5.23046092184 3.43196388552e-13
5.250501002 3.32667075964e-13
5.27054108216 3.23172537873e-13
5.29058116232 3.13856890338e-13
5.31062124248 3.0461167446e-13
5.33066132265 2.95436092964e-13
5.35070140281 2.86329360594e-13
5.37074148297 2.77552401013e-13
5.39078156313 2.68883744891e-13
5.41082164329 2.60279408621e-13
5.43086172345 2.51738677668e-13
5.45090180361 2.43260848063e-13
5.47094188377 2.35676195031e-13
5.49098196393 2.2833095496e-13
5.51102204409 2.21039224729e-13
5.53106212425 2.13800420606e-13
5.55110220441 2.06613967341e-13
5.57114228457 1.99781979263e-13
5.59118236473 1.93085226768e-13
5.61122244489 1.86436385234e-13
5.63126252505 1.79834941361e-13
5.65130260521 1.73280389177e-13
5.67134268537 1.67322902072e-13
5.69138276553 1.61602892391e-13
5.71142284569 1.55923087765e-13
5.73146292585 1.50283064955e-13
5.75150300601 1.44682406657e-13
5.77154308617 1.39320095622e-13
5.79158316633 1.34081349288e-13
5.81162324649 1.28878787734e-13
5.83166332665 1.23712036631e-13
5.85170340681 1.18580726811e-13
5.87174348697 1.13728188956e-13
5.89178356713 1.09035751914e-13
5.91182364729 1.04375175335e-13
5.93186372745 9.97461352119e-14
5.95190380762 9.51483119274e-14
5.97194388778 9.10313525736e-14
5.99198396794 8.72213414656e-14
6.0120240481 8.34367696266e-14
6.03206412826 7.96773825917e-14
6.05210420842 7.59429292896e-14
6.07214428858 7.24197910261e-14
6.09218436874 6.90569278248e-14
6.1122244489 6.5716149507e-14
6.13226452906 6.23972387744e-14
6.15230460922 5.90999811797e-14
6.17234468938 5.59324694815e-14
6.19238476954 5.28791817654e-14
6.2124248497 4.98456212538e-14
6.23246492986 4.68315969852e-14
6.25250501002 4.38369204636e-14
6.27254509018 4.10894806097e-14
6.29258517034 3.85915413752e-14
6.3126252505 3.61094858659e-14
6.33266533066 3.3643162727e-14
6.35270541082 3.11924225276e-14
6.37274549098 2.89143367297e-14
6.39278557114 2.68386119436e-14
6.4128256513 2.47758803733e-14
6.43286573146 2.27260201145e-14
6.45290581162 2.06889107891e-14
6.47294589178 1.88975668637e-14
6.49298597194 1.74460466213e-14
6.5130260521 1.60034748899e-14
6.53306613226 1.45697689308e-14
6.55310621242 1.31448470276e-14
6.57314629259 1.18910164863e-14
6.59318637275 1.09161294151e-14
6.61322645291 9.94716377113e-15
6.63326653307 8.98406556228e-15
6.65330661323 8.02678145519e-15
6.67334669339 7.10750529721e-15
6.69338677355 6.25805006023e-15
6.71342685371 5.41367729724e-15
6.73346693387 4.57434135255e-15
6.75350701403 3.73999711965e-15
6.77354709419 2.99784111306e-15
6.79358717435 2.47004560337e-15
6.81362725451 1.94536379657e-15
6.83366733467 1.42376806905e-15
6.85370741483 9.05231126396e-16
6.87374749499 4.96715975286e-16
6.89378757515 4.06364102562e-16
6.91382765531 3.16542982107e-16
6.93386773547 2.27247824507e-16
6.95390781563 1.38473900641e-16
6.97394789579 6.6873372944e-17
6.99398797595 5.73807709092e-17
7.01402805611 4.79482590459e-17
7.03406813627 3.85751646212e-17
7.05410821643 2.92608268824e-17
7.07414829659 2.10445010813e-17
7.09418837675 1.78814789931e-17
7.11422845691 1.47412851979e-17
7.13426853707 1.16235908507e-17
7.15430861723 8.52807451157e-18
7.17434869739 5.83215049915e-18
7.19438877756 5.64734783153e-18
7.21442885772 5.46786683156e-18
7.23446893788 5.29354617139e-18
7.25450901804 5.12422949871e-18
7.2745490982 4.96075695812e-18
7.29458917836 4.81187244783e-18
7.31462925852 4.66749158763e-18
7.33466933868 4.5274769089e-18
7.35470941884 4.39169518306e-18
7.374749499 4.26001728926e-18
7.39478957916 4.13231808615e-18
7.41482965932 4.00847628779e-18
7.43486973948 3.88837434343e-18
7.45490981964 3.77189832113e-18
7.4749498998 3.65893779502e-18
7.49498997996 3.54938573615e-18
7.51503006012 3.44313840674e-18
7.53507014028 3.34009525787e-18
7.55511022044 3.24015883025e-18
7.5751503006 3.14323465822e-18
7.59519038076 3.04923117676e-18
7.61523046092 2.95805963139e-18
7.63527054108 2.86963399093e-18
7.65531062124 2.78387086301e-18
7.6753507014 2.70068941222e-18
7.69539078156 2.62001128084e-18
7.71543086172 2.54176051204e-18
7.73547094188 2.46586347556e-18
7.75551102204 2.39224879559e-18
7.7755511022 2.32084728105e-18
7.79559118236 2.25159185799e-18
7.81563126253 2.18441750408e-18
7.83567134269 2.11926118521e-18
7.85571142285 2.05606179406e-18
7.87575150301 1.99476009054e-18
7.89579158317 1.93529864418e-18
7.91583166333 1.87762177824e-18
7.93587174349 1.82167551561e-18
7.95591182365 1.7674075264e-18
7.97595190381 1.71476707714e-18
7.99599198397 1.66370498156e-18
8.01603206413 1.61417355298e-18
8.03607214429 1.56612655808e-18
8.05611222445 1.51951917217e-18
8.07615230461 1.47430793587e-18
8.09619238477 1.43045071305e-18
8.11623246493 1.38790665021e-18
8.13627254509 1.346636137e-18
8.15631262525 1.30660076802e-18
8.17635270541 1.26776330587e-18
8.19639278557 1.23008764521e-18
8.21643286573 1.19353877802e-18
8.23647294589 1.15808275999e-18
8.25651302605 1.12368667784e-18
8.27655310621 1.09031861768e-18
8.29659318637 1.05794763446e-18
8.31663326653 1.0265437222e-18
8.33667334669 9.96077785267e-19
8.35671342685 9.66521610504e-19
8.37675350701 9.37847840186e-19
8.39679358717 9.10029945868e-19
8.41683366733 8.83042203005e-19
8.43687374749 8.56859666378e-19
8.45691382766 8.3145814626e-19
8.47695390782 8.06814185337e-19
8.49699398798 7.82905036325e-19
8.51703406814 7.59708640293e-19
8.5370741483 7.3720360564e-19
8.55711422846 7.15369187737e-19
8.57715430862 6.94185269177e-19
8.59719438878 6.73632340652e-19
8.61723446894 6.5369148241e-19
8.6372745491 6.34344346282e-19
8.65731462926 6.15573138265e-19
8.67735470942 5.97360601644e-19
8.69739478958 5.79690000626e-19
8.71743486974 5.62545104483e-19
8.7374749499 5.45910172181e-19
8.75751503006 5.2976993748e-19
8.77755511022 5.14109594495e-19
8.79759519038 4.98914783693e-19
8.81763527054 4.84171578332e-19
8.8376753507 4.69866471302e-19
8.85771543086 4.55986362383e-19
8.87775551102 4.42518545882e-19
8.89779559118 4.29450698661e-19
8.91783567134 4.16770868517e-19
8.9378757515 4.04467462935e-19
8.95791583166 3.9252923817e-19
8.97795591182 3.80945288675e-19
8.99799599198 3.69705036842e-19
9.01803607214 3.58798223071e-19
9.0380761523 3.48214896124e-19
9.05811623246 3.3794540379e-19
9.07815631263 3.27980383832e-19
9.09819639279 3.18310755198e-19
9.11823647295 3.08927709523e-19
9.13827655311 2.99822702868e-19
9.15831663327 2.90987447725e-19
9.17835671343 2.82413905263e-19
9.19839679359 2.74094277807e-19
9.21843687375 2.6602100155e-19
9.23847695391 2.58186739488e-19
9.25851703407 2.50584374565e-19
9.27855711423 2.43207003033e-19
9.29859719439 2.36047928009e-19
9.31863727455 2.29100653234e-19
9.33867735471 2.22358877014e-19
9.35871743487 2.15816486356e-19
9.37875751503 2.09467551272e-19
9.39879759519 2.03306319261e-19
9.41883767535 1.97327209959e-19
9.43887775551 1.91524809952e-19
9.45891783567 1.85893867747e-19
9.47895791583 1.80429288887e-19
9.49899799599 1.75126131232e-19
9.51903807615 1.69979600366e-19
9.53907815631 1.64985045151e-19
9.55911823647 1.60137953419e-19
9.57915831663 1.55433947786e-19
9.59919839679 1.50868781603e-19
9.61923847695 1.4643833502e-19
9.63927855711 1.42138611177e-19
9.65931863727 1.37965732506e-19
9.67935871743 1.33915937147e-19
9.6993987976 1.2998557547e-19
9.71943887776 1.26171106707e-19
9.73947895792 1.22469095682e-19
9.75951903808 1.18876209639e-19
9.77955911824 1.15389215171e-19
9.7995991984 1.12004975238e-19
9.81963927856 1.08720446273e-19
9.83967935872 1.05532675385e-19
9.85971943888 1.02438797631e-19
9.87975951904 9.94360333893e-20
9.8997995992 0.0
9.91983967936 0.0
9.93987975952 0.0
9.95991983968 0.0
9.97995991984 0.0
10.0 0.0
