0.0 0.0
0.0200400801603 0.0
0.0400801603206 0.0
0.060120240481 0.0
0.0801603206413 0.0
0.100200400802 0.0
0.120240480962 0.0
0.140280561122 0.0
0.160320641283 0.0
0.180360721443 0.0
0.200400801603 0.0
0.220440881764 0.0
0.240480961924 0.0
0.260521042084 0.0
0.280561122244 0.0
0.300601202405 0.0
0.320641282565 1.04567695373e-10
0.340681362725 6.59748935274e-11
0.360721442886 5.60293058105e-11
0.380761523046 5.15000552538e-11
0.400801603206 4.90317158529e-11
0.420841683367 4.75889084694e-11
0.440881763527 4.67145541956e-11
0.460921843687 4.61663959086e-11
0.480961923848 4.57966913114e-11
0.501002004008 4.54799766268e-11
0.521042084168 4.52732420827e-11
0.541082164329 4.51397529936e-11
0.561122244489 4.50474130909e-11
0.581162324649 4.49980858778e-11
0.60120240481 4.49807441247e-11
0.62124248497 4.49590635866e-11
0.64128256513 4.49392298747e-11
0.661322645291 4.49388634628e-11
0.681362725451 4.48935092864e-11
0.701402805611 4.46831726997e-11
0.721442885772 4.44981555957e-11
0.741482965932 4.43320727916e-11
0.761523046092 4.41241437443e-11
0.781563126253 4.39309219534e-11
0.801603206413 4.37575747129e-11
0.821643286573 4.34272126624e-11
0.841683366733 4.30016486193e-11
0.861723446894 4.26027205937e-11
0.881763527054 4.21354386978e-11
0.901803607214 4.14394253533e-11
0.921843687375 4.07807746461e-11
0.941883767535 4.01554536685e-11
0.961923847695 3.94243254991e-11
0.981963927856 3.87183002299e-11
1.00200400802 3.80473785298e-11
1.02204408818 3.74697659359e-11
1.04208416834 3.69584790725e-11
1.0621242485 3.64686889356e-11
1.08216432866 3.59823336152e-11
1.10220440882 3.54768423226e-11
1.12224448898 3.49920364979e-11
1.14228456914 3.45303913437e-11
1.1623246493 3.39386174618e-11
1.18236472946 3.33597384886e-11
1.20240480962 3.28022828502e-11
1.22244488978 3.22540506058e-11
1.24248496994 3.17183934935e-11
1.2625250501 3.12012658378e-11
1.28256513026 3.07086987386e-11
1.30260521042 3.02512420404e-11
1.32264529058 2.98089330153e-11
1.34268537074 2.93809417785e-11
1.3627254509 2.90156247137e-11
1.38276553106 2.86644277387e-11
1.40280561122 2.83235030944e-11
1.42284569138 2.79563504831e-11
1.44288577154 2.75782060481e-11
1.4629258517 2.72110533695e-11
1.48296593186 2.68592056004e-11
1.50300601202 2.65294912803e-11
1.52304609218 2.62090580261e-11
1.54308617234 2.58993664675e-11
1.56312625251 2.55395102427e-11
1.58316633267 2.51868607014e-11
1.60320641283 2.48435589578e-11
1.62324649299 2.45103348789e-11
1.64328657315 2.41863370537e-11
1.66332665331 2.38703501788e-11
1.68336673347 2.35752756844e-11
1.70340681363 2.3318643925e-11
1.72344689379 2.30682996067e-11
1.74348697395 2.28238677015e-11
1.76352705411 2.24503154041e-11
1.78356713427 2.20813472168e-11
1.80360721443 2.17209370787e-11
1.82364729459 2.14120055847e-11
1.84368737475 2.11341344551e-11
1.86372745491 2.08624882513e-11
1.88376753507 2.06340423183e-11
1.90380761523 2.04925234129e-11
1.92384769539 2.03540970404e-11
1.94388777555 2.02186617321e-11
1.96392785571 1.99443517406e-11
1.98396793587 1.96729157335e-11
2.00400801603 1.94045937786e-11
2.02404809619 1.91527094668e-11
2.04408817635 1.89063219899e-11
2.06412825651 1.86648945256e-11
2.08416833667 1.84292613377e-11
2.10420841683 1.82003441326e-11
2.12424849699 1.79758967109e-11
2.14428857715 1.77557881275e-11
2.16432865731 1.75305637896e-11
2.18436873747 1.73095159817e-11
2.20440881764 1.70926153617e-11
2.2244488978 1.68521455711e-11
2.24448897796 1.66020356226e-11
2.26452905812 1.6356478192e-11
2.28456913828 1.61111445667e-11
2.30460921844 1.58617543682e-11
2.3246492986 1.56167778367e-11
2.34468937876 1.53761298568e-11
2.36472945892 1.51874474531e-11
2.38476953908 1.50020218261e-11
2.40480961924 1.48197686732e-11
2.4248496994 1.46355565393e-11
2.44488977956 1.44519830641e-11
2.46492985972 1.42714687749e-11
2.48496993988 1.40706185035e-11
2.50501002004 1.38283353955e-11
2.5250501002 1.35899803303e-11
2.54509018036 1.33564877205e-11
2.56513026052 1.32185825262e-11
2.58517034068 1.30828667429e-11
2.60521042084 1.29492882534e-11
2.625250501 1.27687681697e-11
2.64529058116 1.25682612578e-11
2.66533066132 1.23708282684e-11
2.68537074148 1.21779332483e-11
2.70541082164 1.19907635615e-11
2.7254509018 1.18063978085e-11
2.74549098196 1.16253398165e-11
2.76553106212 1.14727615699e-11
2.78557114228 1.13224197232e-11
2.80561122244 1.11742651392e-11
2.82565130261 1.09704560105e-11
2.84569138277 1.07439577566e-11
2.86573146293 1.05206765529e-11
2.88577154309 1.0330043338e-11
2.90581162325 1.01938071175e-11
2.92585170341 1.00594684583e-11
2.94589178357 9.92577514969e-12
2.96593186373 9.75709643518e-12
2.98597194389 9.59071565364e-12
3.00601202405 9.426585891e-12
3.02605210421 9.26210428657e-12
3.04609218437 9.09873821364e-12
3.06613226453 8.93753748294e-12
3.08617234469 8.78183417214e-12
3.10621242485 8.63383047402e-12
3.12625250501 8.48774999488e-12
3.14629258517 8.34411669002e-12
3.16633266533 8.21504697677e-12
3.18637274549 8.08762240537e-12
3.20641282565 7.96181155324e-12
3.22645290581 7.81282508433e-12
3.24649298597 7.65575376007e-12
3.26653306613 7.5006325163e-12
3.28657314629 7.34172292623e-12
3.30661322645 7.17560190275e-12
3.32665330661 7.01150460784e-12
3.34669338677 6.85135763214e-12
3.36673346693 6.72847425684e-12
3.38677354709 6.60706154603e-12
3.40681362725 6.48709312883e-12
3.42685370741 6.36237492969e-12
3.44689378758 6.23676666405e-12
3.46693386774 6.1126257891e-12
3.4869739479 5.99198099981e-12
3.50701402806 5.87588968835e-12
3.52705410822 5.76113104206e-12
3.54709418838 5.64681696362e-12
3.56713426854 5.5209348048e-12
3.5871743487 5.39647258796e-12
3.60721442886 5.27340631991e-12
3.62725450902 5.15751990806e-12
3.64729458918 5.04502469886e-12
3.66733466934 4.93377022957e-12
3.6873747495 4.82737233089e-12
3.70741482966 4.7274947284e-12
3.72745490982 4.6287007218e-12
3.74749498998 4.53126440477e-12
3.76753507014 4.43855742274e-12
3.7875751503 4.3468400132e-12
3.80761523046 4.25609635258e-12
3.82765531062 4.15423184375e-12
3.84769539078 4.04928361504e-12
3.86773547094 3.94543164474e-12
3.8877755511 3.84851514882e-12
3.90781563126 3.76087317327e-12
3.92785571142 3.67413259268e-12
3.94789579158 3.58888621889e-12
3.96793587174 3.51114603795e-12
3.9879759519 3.43419323528e-12
4.00801603206 3.35801586478e-12
4.02805611222 3.27540288525e-12
4.04809619238 3.1912699088e-12
4.06813627255 3.10797181836e-12
4.08817635271 3.0310335388e-12
4.10821643287 2.96234986945e-12
4.12825651303 2.89433782838e-12
4.14829659319 2.82673648113e-12
4.16833667335 2.7573722972e-12
4.18837675351 2.68867645418e-12
4.20841683367 2.62063930633e-12
4.22845691383 2.5579774794e-12
4.24849699399 2.49736539195e-12
4.26853707415 2.43732623329e-12
4.28857715431 2.37640669001e-12
4.30861723447 2.31418087094e-12
4.32865731463 2.2525348925e-12
4.34869739479 2.1921369132e-12
4.36873747495 2.138094592e-12
4.38877755511 2.08454890987e-12
4.40881763527 2.03149303031e-12
4.42885771543 1.98260551921e-12
4.44889779559 1.93523153288e-12
4.46893787575 1.88828501996e-12
4.48897795591 1.84136754336e-12
4.50901803607 1.79438056494e-12
4.52905811623 1.74781184404e-12
4.54909819639 1.70188524276e-12
4.56913827655 1.65813292744e-12
4.58917835671 1.61476491562e-12
4.60921843687 1.57177615093e-12
4.62925851703 1.52963458871e-12
4.64929859719 1.48798770283e-12
4.66933867735 1.44670026099e-12
4.68937875752 1.40792920116e-12
4.70941883768 1.37207236256e-12
4.72945891784 1.33652104312e-12
4.749498998 1.3009138946e-12
4.76953907816 1.2631089001e-12
4.78957915832 1.22562190062e-12
4.80961923848 1.18844888963e-12
4.82965931864 1.15502405795e-12
4.8496993988 1.12276082324e-12
4.86973947896 1.09076447158e-12
4.88977955912 1.05972794096e-12
4.90981963928 1.02974407551e-12
4.92985971944 1.00000518365e-12
4.9498997996 9.70900848808e-13
4.96993987976 9.44537049621e-13
4.98997995992 9.18386038021e-13
5.01002004008 8.9292556581e-13
5.03006012024 8.68112869955e-13
5.0501002004 8.43498033704e-13
5.07014028056 8.20365557572e-13
5.09018036072 7.97442505477e-13
5.11022044088 7.74700075546e-13
5.13026052104 7.52136135684e-13
5.1503006012 7.29748587317e-13
5.17034068136 7.09117628361e-13
5.19038076152 6.88748371504e-13
5.21042084168 6.68536499742e-13
5.23046092184 6.4848019129e-13
5.250501002 6.28577652456e-13
5.27054108216 6.10631048268e-13
5.29058116232 5.93022884926e-13
5.31062124248 5.75548186449e-13
5.33066132265 5.58205437244e-13
5.35070140281 5.40993144647e-13
5.37074148297 5.24404364427e-13
5.39078156313 5.08020569118e-13
5.41082164329 4.91758634726e-13
5.43086172345 4.75617203352e-13
5.45090180361 4.59594937253e-13
5.47094188377 4.45260710045e-13
5.49098196393 4.31379134013e-13
5.51102204409 4.17598918718e-13
5.53106212425 4.03918955294e-13
5.55110220441 3.90338151033e-13
5.57114228457 3.77427345327e-13
5.59118236473 3.64772286117e-13
5.61122244489 3.52207966952e-13
5.63126252505 3.39733413044e-13
5.65130260521 3.27347663554e-13
5.67134268537 3.16090218719e-13
5.69138276553 3.05281642481e-13
5.71142284569 2.94549198571e-13
5.73146292585 2.83892083519e-13
5.75150300601 2.73309505152e-13
5.77154308617 2.63177404143e-13
5.79158316633 2.53278906914e-13
5.81162324649 2.43448919172e-13
5.83166332665 2.33686730478e-13
5.85170340681 2.23991640205e-13
5.87174348697 2.14823358551e-13
5.89178356713 2.05957673341e-13
5.91182364729 1.97152301425e-13
5.93186372745 1.8840662803e-13
5.95190380762 1.79720046735e-13
5.97194388778 1.71942018947e-13
5.99198396794 1.64743967359e-13
6.0120240481 1.57594065036e-13
6.03206412826 1.50491829353e-13
6.05210420842 1.43436784134e-13
6.07214428858 1.36781022117e-13
6.09218436874 1.30428114468e-13
6.1122244489 1.2411700144e-13
6.13226452906 1.17847271007e-13
6.15230460922 1.11618516559e-13
6.17234468938 1.0563492836e-13
6.19238476954 9.98671793811e-14
6.2124248497 9.4136758711e-14
6.23246492986 8.84433043376e-14
6.25250501002 8.27864589279e-14
6.27254509018 7.7596698411e-14
6.29258517034 7.28782896082e-14
6.3126252505 6.8189931478e-14
6.33266533066 6.35313372004e-14
6.35270541082 5.89022236048e-14
6.37274549098 5.45992847944e-14
6.39278557114 5.06786272925e-14
6.4128256513 4.678254807e-14
6.43286573146 4.29108161969e-14
6.45290581162 3.90632036369e-14
6.47294589178 3.56798412744e-14
6.49298597194 3.29383823796e-14
6.5130260521 3.02138462147e-14
6.53306613226 2.75060761638e-14
6.55310621242 2.4814917545e-14
6.57314629259 2.24469366994e-14
6.59318637275 2.06058383722e-14
6.61322645291 1.87759343826e-14
6.63326653307 1.69571226352e-14
6.65330661323 1.51493022782e-14
6.67334669339 1.34132793542e-14
6.69338677355 1.18091392026e-14
6.71342685371 1.02146062668e-14
6.73346693387 8.62959423639e-15
6.75350701403 7.05401783658e-15
6.77354709419 5.65256508313e-15
6.79358717435 4.65597893962e-15
6.81362725451 3.66527543075e-15
6.83366733467 2.68040242368e-15
6.85370741483 1.70130840374e-15
6.87374749499 9.30009313671e-16
6.89378757515 7.59607063097e-16
6.91382765531 5.90201484256e-16
6.93386773547 4.2178372372e-16
6.95390781563 2.54345035584e-16
6.97394789579 1.19334970868e-16
6.99398797595 1.01616463228e-16
7.01402805611 8.40052404315e-17
7.03406813627 6.65002238064e-17
7.05410821643 4.91003513158e-17
7.07414829659 3.37685005012e-17
7.09418837675 2.797459662e-17
7.11422845691 2.22184045877e-17
7.13426853707 1.64994692345e-17
7.15430861723 1.08173442281e-17
7.17434869739 5.88493943973e-18
7.19438877756 5.69004173651e-18
7.21442885772 5.50052690919e-18
7.23446893788 5.31623295326e-18
7.25450901804 5.13700285294e-18
7.2745490982 4.9645571856e-18
7.29458917836 4.81553836591e-18
7.31462925852 4.67102802347e-18
7.33466933868 4.53088851294e-18
7.35470941884 4.39498643566e-18
7.374749499 4.263192507e-18
7.39478957916 4.13538142798e-18
7.41482965932 4.01143176088e-18
7.43486973948 3.89122580882e-18
7.45490981964 3.77464949917e-18
7.4749498998 3.66159227057e-18
7.49498997996 3.55194696365e-18
7.51503006012 3.44560971504e-18
7.53507014028 3.34247985485e-18
7.55511022044 3.24245980735e-18
7.5751503006 3.14545499471e-18
7.59519038076 3.05137374392e-18
7.61523046092 2.96012719646e-18
7.63527054108 2.871629221e-18
7.65531062124 2.78579632866e-18
7.6753507014 2.70254759113e-18
7.69539078156 2.62180456116e-18
7.71543086172 2.54349119574e-18
7.73547094188 2.46753378154e-18
7.75551102204 2.39386086279e-18
7.7755511022 2.32240317134e-18
7.79559118236 2.25309355901e-18
7.81563126253 2.18586693197e-18
7.83567134269 2.12066018725e-18
7.85571142285 2.05741215113e-18
7.87575150301 1.99606351961e-18
7.89579158317 1.93655680061e-18
7.91583166333 1.87883625804e-18
7.93587174349 1.82284785761e-18
7.95591182365 1.76853921432e-18
7.97595190381 1.71585954162e-18
7.99599198397 1.66475960209e-18
8.01603206413 1.61519165974e-18
8.03607214429 1.56710943375e-18
8.05611222445 1.52046805366e-18
8.07615230461 1.47522401597e-18
8.09619238477 1.43133514203e-18
8.11623246493 1.38876053737e-18
8.13627254509 1.34746055215e-18
8.15631262525 1.30739674292e-18
8.17635270541 1.26853183559e-18
8.19639278557 1.23082968946e-18
8.21643286573 1.19425526244e-18
8.23647294589 1.15877457738e-18
8.25651302605 1.12435468931e-18
8.27655310621 1.09096365385e-18
8.29659318637 1.05857049651e-18
8.31663326653 1.02714518295e-18
8.33667334669 9.96658590209e-19
8.35671342685 9.67082478756e-19
8.37675350701 9.38389465462e-19
8.39679358717 9.10552997382e-19
8.41683366733 8.83547326354e-19
8.43687374749 8.57347484385e-19
8.45691382766 8.31929259793e-19
8.47695390782 8.07269174094e-19
8.49699398798 7.83344459594e-19
8.51703406814 7.60133037678e-19
8.5370741483 7.3761349777e-19
8.55711422846 7.15765076937e-19
8.57715430862 6.9456764013e-19
8.59719438878 6.74001661021e-19
8.61723446894 6.54048203449e-19
8.6372745491 6.34688903418e-19
8.65731462926 6.15905951666e-19
8.67735470942 5.97682076757e-19
8.69739478958 5.80000528703e-19
8.71743486974 5.62845063088e-19
8.7374749499 5.46199925671e-19
8.75751503006 5.30049837479e-19
8.77755511022 5.14379980342e-19
8.79759519038 4.9917598288e-19
8.81763527054 4.84423906921e-19
8.8376753507 4.70110234335e-19
8.85771543086 4.56221854266e-19
8.87775551102 4.42746050767e-19
8.89779559118 4.29670490802e-19
8.91783567134 4.16983212627e-19
8.9378757515 4.04672614517e-19
8.95791583166 3.92727443846e-19
8.97795591182 3.81136786496e-19
8.99799599198 3.69890056594e-19
9.01803607214 3.58976986562e-19
9.0380761523 3.48387617467e-19
9.05811623246 3.38112289675e-19
9.07815631263 3.28141633784e-19
9.09819639279 3.18466561833e-19
9.11823647295 3.09078258786e-19
9.13827655311 2.9996817427e-19
9.15831663327 2.9112801457e-19
9.17835671343 2.82549734862e-19
9.19839679359 2.74225531691e-19
9.21843687375 2.66147835672e-19
9.23847695391 2.58309304417e-19
9.25851703407 2.50702815676e-19
9.27855711423 2.43321460688e-19
9.29859719439 2.36158537732e-19
9.31863727455 2.2920754588e-19
9.33867735471 2.22462178934e-19
9.35871743487 2.1591631955e-19
9.37875751503 2.09564033545e-19
9.39879759519 2.03399564366e-19
9.41883767535 1.97417327741e-19
9.43887775551 1.91611906484e-19
9.45891783567 1.85978045457e-19
9.47895791583 1.80510646691e-19
9.49899799599 1.75204764651e-19
9.51903807615 1.70055601646e-19
9.53907815631 1.65058503379e-19
9.55911823647 1.60208954628e-19
9.57915831663 1.55502575065e-19
9.59919839679 1.50935115197e-19
9.61923847695 1.4650245243e-19
9.63927855711 1.42200587253e-19
9.65931863727 1.3802563954e-19
9.67935871743 1.33973844962e-19
9.6993987976 1.30041551505e-19
9.71943887776 1.26225216101e-19
9.73947895792 1.22521401349e-19
9.75951903808 1.1892677235e-19
9.77955911824 1.15438093625e-19
9.7995991984 1.12052226133e-19
9.81963927856 1.0876612438e-19
9.83967935872 1.05576833606e-19
9.85971943888 1.02481487073e-19
9.87975951904 9.94773034171e-20
9.8997995992 0.0
9.91983967936 0.0
9.93987975952 0.0
9.95991983968 0.0
9.97995991984 0.0
10.0 0.0
