0.0 0.0
0.0200400801603 0.0
0.0400801603206 0.0
0.060120240481 0.0
0.0801603206413 0.0
0.100200400802 9.85781533667e-11
0.120240480962 7.62487303737e-11
0.140280561122 5.69180729518e-11
0.160320641283 4.01839392567e-11
0.180360721443 3.31863753974e-11
0.200400801603 2.91668434863e-11
0.220440881764 2.24366069125e-10
0.240480961924 2.20405249791e-10
0.260521042084 2.46202598823e-11
0.280561122244 2.38496652907e-11
0.300601202405 2.3153125452e-11
0.320641282565 2.26437209427e-11
0.340681362725 2.23356086972e-11
0.360721442886 2.18978772892e-11
0.380761523046 2.14877007262e-11
0.400801603206 2.10911984946e-11
0.420841683367 2.07444106241e-11
0.440881763527 2.04392350668e-11
0.460921843687 2.01443785219e-11
0.480961923848 1.98665993008e-11
0.501002004008 1.95891111732e-11
0.521042084168 1.93418885567e-11
0.541082164329 1.91141088393e-11
0.561122244489 1.8898992029e-11
0.581162324649 1.87013900268e-11
0.60120240481 1.85246281398e-11
0.62124248497 1.83505762355e-11
0.64128256513 1.81821208337e-11
0.661322645291 1.80349817131e-11
0.681362725451 1.78814611815e-11
0.701402805611 1.76816150051e-11
0.721442885772 1.74931613386e-11
0.741482965932 1.73131425331e-11
0.761523046092 1.71238794585e-11
0.781563126253 1.69455176651e-11
0.801603206413 1.67851340965e-11
0.821643286573 1.65790054471e-11
0.841683366733 1.63452617084e-11
0.861723446894 1.61294846231e-11
0.881763527054 1.58936378819e-11
0.901803607214 1.55862922212e-11
0.921843687375 1.52942687668e-11
0.941883767535 1.50156569852e-11
0.961923847695 1.4704294808e-11
0.981963927856 1.44038590428e-11
1.00200400802 1.41205853651e-11
1.02204408818 1.38696234863e-11
1.04208416834 1.36416004962e-11
1.0621242485 1.34277268696e-11
1.08216432866 1.32146391757e-11
1.10220440882 1.29964068234e-11
1.12224448898 1.27833709663e-11
1.14228456914 1.25805361613e-11
1.1623246493 1.2336109057e-11
1.18236472946 1.2099700779e-11
1.20240480962 1.18790851622e-11
1.22244488978 1.16620941284e-11
1.24248496994 1.14498463298e-11
1.2625250501 1.1244542819e-11
1.28256513026 1.10478127615e-11
1.30260521042 1.0863319678e-11
1.32264529058 1.06856149095e-11
1.34268537074 1.05139929705e-11
1.3627254509 1.03637316077e-11
1.38276553106 1.02195015411e-11
1.40280561122 1.00807997432e-11
1.42284569138 9.93358901403e-12
1.44288577154 9.78318357748e-12
1.4629258517 9.63859029601e-12
1.48296593186 9.4994889482e-12
1.50300601202 9.36815211398e-12
1.52304609218 9.241186984e-12
1.54308617234 9.11970414934e-12
1.56312625251 8.98178232133e-12
1.58316633267 8.84719114468e-12
1.60320641283 8.71751948315e-12
1.62324649299 8.59144113256e-12
1.64328657315 8.46869208756e-12
1.66332665331 8.34971346849e-12
1.68336673347 8.23770572009e-12
1.70340681363 8.13878653238e-12
1.72344689379 8.04300525849e-12
1.74348697395 7.94978359961e-12
1.76352705411 7.81337163364e-12
1.78356713427 7.6787429868e-12
1.80360721443 7.54733466135e-12
1.82364729459 7.43335908234e-12
1.84368737475 7.33001511068e-12
1.86372745491 7.23032639841e-12
1.88376753507 7.14537259097e-12
1.90380761523 7.08977609295e-12
1.92384769539 7.03575761319e-12
1.94388777555 6.98307934993e-12
1.96392785571 6.88374106812e-12
1.98396793587 6.78560796934e-12
2.00400801603 6.68728056683e-12
2.02404809619 6.59803086213e-12
2.04408817635 6.50898407898e-12
2.06412825651 6.4224216113e-12
2.08416833667 6.33792761228e-12
2.10420841683 6.25576192591e-12
2.12424849699 6.17565195995e-12
2.14428857715 6.09726045088e-12
2.16432865731 6.01719148647e-12
2.18436873747 5.93855724789e-12
2.20440881764 5.86142223081e-12
2.2244488978 5.77637561297e-12
2.24448897796 5.68819225699e-12
2.26452905812 5.60242997464e-12
2.28456913828 5.51679085683e-12
2.30460921844 5.42946033901e-12
2.3246492986 5.34398565599e-12
2.34468937876 5.26010877236e-12
2.36472945892 5.19392276275e-12
2.38476953908 5.12896238092e-12
2.40480961924 5.06519229938e-12
2.4248496994 5.00087104718e-12
2.44488977956 4.93687031511e-12
2.46492985972 4.87400271265e-12
2.48496993988 4.80434963913e-12
2.50501002004 4.72076656029e-12
2.5250501002 4.63859010843e-12
2.54509018036 4.55813224211e-12
2.56513026052 4.51009002078e-12
2.58517034068 4.4628608171e-12
2.60521042084 4.41642306577e-12
2.625250501 4.35415978458e-12
2.64529058116 4.28518764962e-12
2.66533066132 4.21730892486e-12
2.68537074148 4.15101647602e-12
2.70541082164 4.08670982626e-12
2.7254509018 4.02339731103e-12
2.74549098196 3.96124715061e-12
2.76553106212 3.90878342034e-12
2.78557114228 3.85711622844e-12
2.80561122244 3.80622680745e-12
2.82565130261 3.73651594609e-12
2.84569138277 3.65914687021e-12
2.86573146293 3.58289450226e-12
2.88577154309 3.51773112532e-12
2.90581162325 3.47102860054e-12
2.92585170341 3.42499542649e-12
2.94589178357 3.37920572128e-12
2.96593186373 3.32157975977e-12
2.98597194389 3.26475304321e-12
3.00601202405 3.20870854809e-12
3.02605210421 3.15256270969e-12
3.04609218437 3.09681191333e-12
3.06613226453 3.04181114208e-12
3.08617234469 2.98868948439e-12
3.10621242485 2.93819316939e-12
3.12625250501 2.88836263424e-12
3.14629258517 2.83937483691e-12
3.16633266533 2.79533897164e-12
3.18637274549 2.75187292407e-12
3.20641282565 2.70896537449e-12
3.22645290581 2.65820578222e-12
3.24649298597 2.60471210791e-12
3.26653306613 2.5518880736e-12
3.28657314629 2.49778611159e-12
3.30661322645 2.44124394414e-12
3.32665330661 2.38539458833e-12
3.34669338677 2.33089148201e-12
3.36673346693 2.28904009458e-12
3.38677354709 2.24769396316e-12
3.40681362725 2.20684377807e-12
3.42685370741 2.16438678979e-12
3.44689378758 2.1216325329e-12
3.46693386774 2.07938085508e-12
3.4869739479 2.03832015967e-12
3.50701402806 1.99880924402e-12
3.52705410822 1.95975454486e-12
3.54709418838 1.92085431075e-12
3.56713426854 1.878029709e-12
3.5871743487 1.83568992965e-12
3.60721442886 1.79382664646e-12
3.62725450902 1.75440369319e-12
3.64729458918 1.71613459864e-12
3.66733466934 1.67828901539e-12
3.6873747495 1.64209473582e-12
3.70741482966 1.60811677755e-12
3.72745490982 1.57450876044e-12
3.74749498998 1.54136364683e-12
3.76753507014 1.50982649864e-12
3.7875751503 1.47862708009e-12
3.80761523046 1.44775990521e-12
3.82765531062 1.41311655239e-12
3.84769539078 1.37742668519e-12
3.86773547094 1.3421100422e-12
3.8877755511 1.30915021467e-12
3.90781563126 1.27934194808e-12
3.92785571142 1.24984078652e-12
3.94789579158 1.22084806485e-12
3.96793587174 1.19440633614e-12
3.9879759519 1.16823291888e-12
4.00801603206 1.1423236917e-12
4.02805611222 1.11422840326e-12
4.04809619238 1.08561708726e-12
4.06813627255 1.05728982691e-12
4.08817635271 1.03112401147e-12
4.10821643287 1.00776364137e-12
4.12825651303 9.84631959446e-13
4.14829659319 9.61640249047e-13
4.16833667335 9.38049799487e-13
4.18837675351 9.14686760276e-13
4.20841683367 8.9154782117e-13
4.22845691383 8.70235996175e-13
4.24849699399 8.49621076824e-13
4.26853707415 8.29201120868e-13
4.28857715431 8.08482127557e-13
4.30861723447 7.87319276625e-13
4.32865731463 7.66353612411e-13
4.34869739479 7.45812233634e-13
4.36873747495 7.27431357754e-13
4.38877755511 7.09219424514e-13
4.40881763527 6.91174090894e-13
4.42885771543 6.74545855381e-13
4.44889779559 6.58432255368e-13
4.46893787575 6.42464081568e-13
4.48897795591 6.26505862209e-13
4.50901803607 6.10524073925e-13
4.52905811623 5.94684522031e-13
4.54909819639 5.79063304304e-13
4.56913827655 5.64181340757e-13
4.58917835671 5.49430060122e-13
4.60921843687 5.34807732572e-13
4.62925851703 5.20473459077e-13
4.64929859719 5.06307373785e-13
4.66933867735 4.92263488209e-13
4.68937875752 4.79075220185e-13
4.70941883768 4.66877880868e-13
4.72945891784 4.54784438001e-13
4.749498998 4.42672007955e-13
4.76953907816 4.29812175768e-13
4.78957915832 4.17060429211e-13
4.80961923848 4.04415400785e-13
4.82965931864 3.93044953951e-13
4.8496993988 3.82069505298e-13
4.86973947896 3.71184788477e-13
4.88977955912 3.60626457877e-13
4.90981963928 3.50426095651e-13
4.92985971944 3.40309016374e-13
4.9498997996 3.30407714262e-13
4.96993987976 3.21438450321e-13
4.98997995992 3.12541540287e-13
5.01002004008 3.03879471904e-13
5.03006012024 2.95437703972e-13
5.0501002004 2.87063210747e-13
5.07014028056 2.79192888177e-13
5.09018036072 2.71393779704e-13
5.11022044088 2.63656085976e-13
5.13026052104 2.55979078992e-13
5.1503006012 2.48362042381e-13
5.17034068136 2.41342485106e-13
5.19038076152 2.34411926914e-13
5.21042084168 2.27534882033e-13
5.23046092184 2.20710728628e-13
5.250501002 2.13938854598e-13
5.27054108216 2.07832311394e-13
5.29058116232 2.01840880734e-13
5.31062124248 1.95894833661e-13
5.33066132265 1.89993652849e-13
5.35070140281 1.8413682892e-13
5.37074148297 1.78492096185e-13
5.39078156313 1.72917076029e-13
5.41082164329 1.67383488991e-13
5.43086172345 1.61890871922e-13
5.45090180361 1.56438768645e-13
5.47094188377 1.51560933418e-13
5.49098196393 1.46837080216e-13
5.51102204409 1.42147694741e-13
5.53106212425 1.37492398689e-13
5.55110220441 1.32870819351e-13
5.57114228457 1.28477174717e-13
5.59118236473 1.24170526074e-13
5.61122244489 1.19894732413e-13
5.63126252505 1.15649461328e-13
5.65130260521 1.11434385231e-13
5.67134268537 1.07603194554e-13
5.69138276553 1.03924718116e-13
5.71142284569 1.00272132556e-13
5.73146292585 9.66451638392e-14
5.75150300601 9.30435418352e-14
5.77154308617 8.95951863707e-14
5.79158316633 8.62263048657e-14
5.81162324649 8.28807211314e-14
5.83166332665 7.95581929659e-14
5.85170340681 7.62584815542e-14
5.87174348697 7.31380180674e-14
5.89178356713 7.01205100974e-14
5.91182364729 6.71235131717e-14
5.93186372745 6.41468177448e-14
5.95190380762 6.11902171496e-14
5.97194388778 5.85427808699e-14
5.99198396794 5.60927009345e-14
6.0120240481 5.36589990026e-14
6.03206412826 5.12415104708e-14
6.05210420842 4.88400729613e-14
6.07214428858 4.65745074597e-14
6.09218436874 4.4412000453e-14
6.1122244489 4.22637106407e-14
6.13226452906 4.01294975081e-14
6.15230460922 3.80092224084e-14
6.17234468938 3.59723761659e-14
6.19238476954 3.40089793546e-14
6.2124248497 3.2058280457e-14
6.23246492986 3.01201560478e-14
6.25250501002 2.81944843148e-14
6.27254509018 2.6427772306e-14
6.29258517034 2.48214752264e-14
6.3126252505 2.32254025093e-14
6.33266533066 2.16394563124e-14
6.35270541082 2.00635400531e-14
6.37274549098 1.85986333552e-14
6.39278557114 1.72638341287e-14
6.4128256513 1.5937398799e-14
6.43286573146 1.46192485555e-14
6.45290581162 1.33093055873e-14
6.47294589178 1.21573733109e-14
6.49298597194 1.12239212584e-14
6.5130260521 1.02962312152e-14
6.53306613226 9.37424962488e-15
6.55310621242 8.45792360294e-15
6.57314629259 7.65159968449e-15
6.59318637275 7.02461557084e-15
6.61322645291 6.40144601928e-15
6.63326653307 5.78205601581e-15
6.65330661323 5.16641098237e-15
6.67334669339 4.57520802816e-15
6.69338677355 4.02889945725e-15
6.71342685371 3.48586476277e-15
6.73346693387 2.94607434527e-15
6.75350701403 2.40949896832e-15
6.77354709419 1.93219710307e-15
6.79358717435 1.59271330434e-15
6.81362725451 1.25523672477e-15
6.83366733467 9.19749398982e-16
6.85370741483 5.86233581421e-16
6.87374749499 3.23455859857e-16
6.89378757515 2.65230901892e-16
6.91382765531 2.07351909517e-16
6.93386773547 1.49815628947e-16
6.95390781563 9.26188519078e-17
6.97394789579 4.64671607453e-17
6.99398797595 4.02490252616e-17
7.01402805611 3.40735066811e-17
7.03406813627 2.79400278799e-17
7.05410821643 2.18480249496e-17
7.07414829659 1.64655072251e-17
7.09418837675 1.43352279109e-17
7.11422845691 1.22229432202e-17
7.13426853707 1.0128322488e-17
7.15430861723 8.05104431011e-18
7.17434869739 6.23364066787e-18
7.19438877756 6.03352360493e-18
7.21442885772 5.83959474255e-18
7.23446893788 5.65165186978e-18
7.25450901804 5.46949965504e-18
7.2745490982 5.29358695937e-18
7.29458917836 5.12944743719e-18
7.31462925852 4.97051314232e-18
7.33466933868 4.81661421959e-18
7.35470941884 4.66758655513e-18
7.374749499 4.52327157412e-18
7.39478957916 4.38351604594e-18
7.41482965932 4.24817189657e-18
7.43486973948 4.11709602781e-18
7.45490981964 3.99015014318e-18
7.4749498998 3.86720058018e-18
7.49498997996 3.74811814867e-18
7.51503006012 3.63277797518e-18
7.53507014028 3.52105935285e-18
7.55511022044 3.41284559685e-18
7.5751503006 3.30802390503e-18
7.59519038076 3.20648522365e-18
7.61523046092 3.10812411789e-18
7.63527054108 3.01283864714e-18
7.65531062124 2.92053024467e-18
7.6753507014 2.8311036017e-18
7.69539078156 2.74446655562e-18
7.71543086172 2.66052998218e-18
7.73547094188 2.57920769158e-18
7.75551102204 2.50041632824e-18
7.7755511022 2.42407527413e-18
7.79559118236 2.35010655561e-18
7.81563126253 2.27843475346e-18
7.83567134269 2.20898691622e-18
7.85571142285 2.14169247653e-18
7.87575150301 2.0764831704e-18
7.89579158317 2.01329295943e-18
7.91583166333 1.95205795564e-18
7.93587174349 1.89271634907e-18
7.95591182365 1.83520833778e-18
7.97595190381 1.77947606043e-18
7.99599198397 1.72546353118e-18
8.01603206413 1.67311657678e-18
8.03607214429 1.62238277599e-18
8.05611222445 1.57321140099e-18
8.07615230461 1.52555336091e-18
8.09619238477 1.47936114726e-18
8.11623246493 1.43458878126e-18
8.13627254509 1.39119176306e-18
8.15631262525 1.34912702259e-18
8.17635270541 1.30835287219e-18
8.19639278557 1.26882896089e-18
8.21643286573 1.23051623016e-18
8.23647294589 1.19337687128e-18
8.25651302605 1.15737428412e-18
8.27655310621 1.12247303731e-18
8.29659318637 1.08863882984e-18
8.31663326653 1.05583845391e-18
8.33667334669 1.02403975905e-18
8.35671342685 9.932116175e-19
8.37675350701 9.63323890698e-19
8.39679358717 9.34347396975e-19
8.41683366733 9.06253880296e-19
8.43687374749 8.79015980078e-19
8.45691382766 8.52607202013e-19
8.47695390782 8.2700188989e-19
8.49699398798 8.0217519835e-19
8.51703406814 7.7810306657e-19
8.5370741483 7.54762192814e-19
8.55711422846 7.32130009856e-19
8.57715430862 7.10184661209e-19
8.59719438878 6.88904978156e-19
8.61723446894 6.68270457547e-19
8.6372745491 6.48261240335e-19
8.65731462926 6.28858090826e-19
8.67735470942 6.10042376619e-19
8.69739478958 5.91796049214e-19
8.71743486974 5.74101625257e-19
8.7374749499 5.56942168415e-19
8.75751503006 5.4030127184e-19
8.77755511022 5.24163041221e-19
8.79759519038 5.08512078389e-19
8.81763527054 4.93333465465e-19
8.8376753507 4.78612749531e-19
8.85771543086 4.64335927798e-19
8.87775551102 4.50489433269e-19
8.89779559118 4.37060120868e-19
8.91783567134 4.24035254021e-19
8.9378757515 4.11402491682e-19
8.95791583166 3.99149875774e-19
8.97795591182 3.87265819051e-19
8.99799599198 3.75739093343e-19
9.01803607214 3.64558818197e-19
9.0380761523 3.53714449871e-19
9.05811623246 3.43195770706e-19
9.07815631263 3.32992878822e-19
9.09819639279 3.23096178161e-19
9.11823647295 3.1349636885e-19
9.13827655311 3.04184437873e-19
9.15831663327 2.95151650046e-19
9.17835671343 2.86389539282e-19
9.19839679359 2.77889900138e-19
9.21843687375 2.69644779638e-19
9.23847695391 2.6164646935e-19
9.25851703407 2.53887497728e-19
9.27855711423 2.46360622691e-19
9.29859719439 2.39058824449e-19
9.31863727455 2.31975298546e-19
9.33867735471 2.25103449141e-19
9.35871743487 2.18436882493e-19
9.37875751503 2.11969400654e-19
9.39879759519 2.05694995372e-19
9.41883767535 1.9960784218e-19
9.43887775551 1.93702294676e-19
9.45891783567 1.87972878984e-19
9.47895791583 1.82414288396e-19
9.49899799599 1.77021378177e-19
9.51903807615 1.71789160538e-19
9.53907815631 1.66712799772e-19
9.55911823647 1.61787607535e-19
9.57915831663 1.57009038288e-19
9.59919839679 1.52372684872e-19
9.61923847695 1.47874274232e-19
9.63927855711 1.43509663269e-19
9.65931863727 1.39274834827e-19
9.67935871743 1.35165893804e-19
9.6993987976 1.31179063388e-19
9.71943887776 1.27310681409e-19
9.73947895792 1.23557196806e-19
9.75951903808 1.19915166207e-19
9.77955911824 1.16381250616e-19
9.7995991984 1.12952212199e-19
9.81963927856 1.09624911178e-19
9.83967935872 1.06396302816e-19
9.85971943888 1.03263434504e-19
9.87975951904 1.00223442928e-19
9.8997995992 0.0
9.91983967936 0.0
9.93987975952 0.0
9.95991983968 0.0
9.97995991984 0.0
10.0 0.0
