0.0 0.0
0.0200400801603 0.0
0.0400801603206 0.0
0.060120240481 0.0
0.0801603206413 0.0
0.100200400802 0.0
0.120240480962 0.0
0.140280561122 0.0
0.160320641283 0.0
0.180360721443 0.0
0.200400801603 3.62295104325e-11
0.220440881764 9.28479767404e-10
0.240480961924 7.66476248921e-10
0.260521042084 2.24098700325e-11
0.280561122244 2.34489068848e-11
0.300601202405 2.43736419881e-11
0.320641282565 2.56308069631e-11
0.340681362725 2.73069313312e-11
0.360721442886 2.82806496433e-11
0.380761523046 2.91061289893e-11
0.400801603206 2.98548771827e-11
0.420841683367 3.0558579595e-11
0.440881763527 3.12189856849e-11
0.460921843687 3.18267334206e-11
0.480961923848 3.23667173152e-11
0.501002004008 3.28026193167e-11
0.521042084168 3.32095316535e-11
0.541082164329 3.35854781086e-11
0.561122244489 3.39253647876e-11
0.581162324649 3.42438281187e-11
0.60120240481 3.4542389018e-11
0.62124248497 3.4800857369e-11
0.64128256513 3.50298333123e-11
0.661322645291 3.52478470922e-11
0.681362725451 3.54083025653e-11
0.701402805611 3.54183905983e-11
0.721442885772 3.54303033499e-11
0.741482965932 3.54411424012e-11
0.761523046092 3.54046612675e-11
0.781563126253 3.53676751631e-11
0.801603206413 3.53361818689e-11
0.821643286573 3.51682771489e-11
0.841683366733 3.49139378577e-11
0.861723446894 3.46725751891e-11
0.881763527054 3.43676493848e-11
0.901803607214 3.38688459236e-11
0.921843687375 3.33935296359e-11
0.941883767535 3.29390974855e-11
0.961923847695 3.23921699868e-11
0.981963927856 3.186052521e-11
1.00200400802 3.13532292285e-11
1.02204408818 3.09187193899e-11
1.04208416834 3.05352068415e-11
1.0621242485 3.01659827234e-11
1.08216432866 2.97961801974e-11
1.10220440882 2.94077825886e-11
1.12224448898 2.90339826953e-11
1.14228456914 2.86776284209e-11
1.1623246493 2.82110569016e-11
1.18236472946 2.77530485621e-11
1.20240480962 2.73108772621e-11
1.22244488978 2.68745691619e-11
1.24248496994 2.6447066908e-11
1.2625250501 2.60334470593e-11
1.28256513026 2.56388396335e-11
1.30260521042 2.52722550303e-11
1.32264529058 2.49171516901e-11
1.34268537074 2.4572922912e-11
1.3627254509 2.4280112719e-11
1.38276553106 2.39982333635e-11
1.40280561122 2.37240431885e-11
1.42284569138 2.34270714838e-11
1.44288577154 2.31201579752e-11
1.4629258517 2.2821743634e-11
1.48296593186 2.25354712402e-11
1.50300601202 2.22671713038e-11
1.52304609218 2.20061114277e-11
1.54308617234 2.17538304418e-11
1.56312625251 2.14589381747e-11
1.58316633267 2.1169613534e-11
1.60320641283 2.0887689962e-11
1.62324649299 2.06138117968e-11
1.64328657315 2.03472920003e-11
1.66332665331 2.00871028423e-11
1.68336673347 1.98440860722e-11
1.70340681363 1.96331019973e-11
1.72344689379 1.94271209098e-11
1.74348697395 1.92258240508e-11
1.76352705411 1.89155148861e-11
1.78356713427 1.86087733144e-11
1.80360721443 1.83089666768e-11
1.82364729459 1.80522870281e-11
1.84368737475 1.78215595009e-11
1.86372745491 1.75958699499e-11
1.88376753507 1.74064137158e-11
1.90380761523 1.72901034408e-11
1.92384769539 1.71762601494e-11
1.94388777555 1.70648058128e-11
1.96392785571 1.68360219549e-11
1.98396793587 1.66095027791e-11
2.00400801603 1.63850884042e-11
2.02404809619 1.61751953287e-11
2.04408817635 1.59694105248e-11
2.06412825651 1.57676886155e-11
2.08416833667 1.5570741278e-11
2.10420841683 1.53793540862e-11
2.12424849699 1.51916359941e-11
2.14428857715 1.5007482106e-11
2.16432865731 1.48189072894e-11
2.18436873747 1.46337681136e-11
2.20440881764 1.4452044704e-11
2.2244488978 1.42503088851e-11
2.24448897796 1.40403348473e-11
2.26452905812 1.38341251027e-11
2.28456913828 1.36280231763e-11
2.30460921844 1.34184117465e-11
2.3246492986 1.32124576695e-11
2.34468937876 1.3010092834e-11
2.36472945892 1.28516250253e-11
2.38476953908 1.26958543168e-11
2.40480961924 1.25427122005e-11
2.4248496994 1.23878586231e-11
2.44488977956 1.22334935888e-11
2.46492985972 1.20816678693e-11
2.48496993988 1.19125795434e-11
2.50501002004 1.17083659352e-11
2.5250501002 1.15074250644e-11
2.54509018036 1.13105506626e-11
2.56513026052 1.11945688647e-11
2.58517034068 1.10804062389e-11
2.60521042084 1.09680201768e-11
2.625250501 1.08158445431e-11
2.64529058116 1.06467032765e-11
2.66533066132 1.04801282104e-11
2.68537074148 1.03173612824e-11
2.70541082164 1.01594102761e-11
2.7254509018 1.00038020819e-11
2.74549098196 9.85096503782e-12
2.76553106212 9.72222963117e-12
2.78557114228 9.59536288919e-12
2.80561122244 9.47032429643e-12
2.82565130261 9.29809539253e-12
2.84569138277 9.10660812787e-12
2.86573146293 8.91781751854e-12
2.88577154309 8.75667088516e-12
2.90581162325 8.64160896608e-12
2.92585170341 8.52813580904e-12
2.94589178357 8.41519067488e-12
2.96593186373 8.27256717976e-12
2.98597194389 8.13187118774e-12
3.00601202405 7.99306378322e-12
3.02605210421 7.85393883488e-12
3.04609218437 7.71574107978e-12
3.06613226453 7.57936137315e-12
3.08617234469 7.44762607617e-12
3.10621242485 7.32240380537e-12
3.12625250501 7.19879699242e-12
3.14629258517 7.0772506297e-12
3.16633266533 6.96804183308e-12
3.18637274549 6.86021529455e-12
3.20641282565 6.75374486872e-12
3.22645290581 6.62760373325e-12
3.24649298597 6.49459111616e-12
3.26653306613 6.36321928228e-12
3.28657314629 6.22862067269e-12
3.30661322645 6.08789128226e-12
3.32665330661 5.94886583503e-12
3.34669338677 5.81317939001e-12
3.36673346693 5.70909708401e-12
3.38677354709 5.60625295172e-12
3.40681362725 5.50462497785e-12
3.42685370741 5.39895768018e-12
3.44689378758 5.29252608055e-12
3.46693386774 5.18733081731e-12
3.4869739479 5.08509377124e-12
3.50701402806 4.98671273898e-12
3.52705410822 4.88945490664e-12
3.54709418838 4.79256685206e-12
3.56713426854 4.68585369332e-12
3.5871743487 4.58033799955e-12
3.60721442886 4.47599968569e-12
3.62725450902 4.37774819319e-12
3.64729458918 4.28236840484e-12
3.66733466934 4.18803536727e-12
3.6873747495 4.097818527e-12
3.70741482966 4.0131305808e-12
3.72745490982 3.92935701428e-12
3.74749498998 3.84673069253e-12
3.76753507014 3.76811403607e-12
3.7875751503 3.69033264548e-12
3.80761523046 3.61337325232e-12
3.82765531062 3.52696811199e-12
3.84769539078 3.43794010717e-12
3.86773547094 3.34983799076e-12
3.8877755511 3.26761954488e-12
3.90781563126 3.1932711802e-12
3.92785571142 3.11968422465e-12
3.94789579158 3.04736215039e-12
3.96793587174 2.9814098312e-12
3.9879759519 2.9161227318e-12
4.00801603206 2.85149081864e-12
4.02805611222 2.7813910235e-12
4.04809619238 2.70999722189e-12
4.06813627255 2.63930910881e-12
4.08817635271 2.57401847881e-12
4.10821643287 2.51573475312e-12
4.12825651303 2.4580187747e-12
4.14829659319 2.40064903357e-12
4.16833667335 2.34177973975e-12
4.18837675351 2.28347556843e-12
4.20841683367 2.22572840643e-12
4.22845691383 2.17254410063e-12
4.24849699399 2.12109849941e-12
4.26853707415 2.07013745201e-12
4.28857715431 2.01842668246e-12
4.30861723447 1.96560446868e-12
4.32865731463 1.91327277945e-12
4.34869739479 1.86199918741e-12
4.36873747495 1.81612211744e-12
4.38877755511 1.77066523988e-12
4.40881763527 1.72562279799e-12
4.42885771543 1.6841194738e-12
4.44889779559 1.64390034772e-12
4.46893787575 1.60404296525e-12
4.48897795591 1.56420891433e-12
4.50901803607 1.52431451668e-12
4.52905811623 1.48477413355e-12
4.54909819639 1.44577797062e-12
4.56913827655 1.4086276422e-12
4.58917835671 1.37180263873e-12
4.60921843687 1.33529869826e-12
4.62925851703 1.29951339477e-12
4.64929859719 1.26414729007e-12
4.66933867735 1.22908553212e-12
4.68937875752 1.19616059744e-12
4.70941883768 1.16571057194e-12
4.72945891784 1.13551925944e-12
4.749498998 1.10527968659e-12
4.76953907816 1.07317201142e-12
4.78957915832 1.04133366512e-12
4.80961923848 1.00976126763e-12
4.82965931864 9.81372623962e-13
4.8496993988 9.53970197291e-13
4.86973947896 9.26793842253e-13
4.88977955912 9.00432335722e-13
4.90981963928 8.74964601014e-13
4.92985971944 8.49704403882e-13
4.9498997996 8.24982782641e-13
4.96993987976 8.0258919097e-13
4.98997995992 7.80375886506e-13
5.01002004008 7.58748831866e-13
5.03006012024 7.37671716259e-13
5.0501002004 7.16762259327e-13
5.07014028056 6.97111952725e-13
5.09018036072 6.77639176808e-13
5.11022044088 6.58319469246e-13
5.13026052104 6.39151029307e-13
5.1503006012 6.20132084452e-13
5.17034068136 6.02605448638e-13
5.19038076152 5.85300847284e-13
5.21042084168 5.68129644995e-13
5.23046092184 5.51090302634e-13
5.250501002 5.34181304702e-13
5.27054108216 5.1893415003e-13
5.29058116232 5.03974318214e-13
5.31062124248 4.89127628253e-13
5.33066132265 4.7439279932e-13
5.35070140281 4.59768569888e-13
5.37074148297 4.4567396547e-13
5.39078156313 4.31753318308e-13
5.41082164329 4.17935993092e-13
5.43086172345 4.0422084193e-13
5.45090180361 3.90606733902e-13
5.47094188377 3.78427018268e-13
5.49098196393 3.66631799975e-13
5.51102204409 3.54922533876e-13
5.53106212425 3.43298282346e-13
5.55110220441 3.3175812138e-13
5.57114228457 3.20787214225e-13
5.59118236473 3.10033498663e-13
5.61122244489 2.99356740161e-13
5.63126252505 2.88756114254e-13
5.65130260521 2.78230808239e-13
5.67134268537 2.68664331839e-13
5.69138276553 2.5947922734e-13
5.71142284569 2.50358699152e-13
5.73146292585 2.41302067546e-13
5.75150300601 2.32308662322e-13
5.77154308617 2.23698021463e-13
5.79158316633 2.15285818758e-13
5.81162324649 2.06931734121e-13
5.83166332665 1.98635166387e-13
5.85170340681 1.90395522673e-13
5.87174348697 1.82603553466e-13
5.89178356713 1.75068689661e-13
5.91182364729 1.6758499714e-13
5.93186372745 1.60151955576e-13
5.95190380762 1.52769051689e-13
5.97194388778 1.46158340465e-13
5.99198396794 1.40040539963e-13
6.0120240481 1.33963594933e-13
6.03206412826 1.27927096805e-13
6.05210420842 1.21930642452e-13
6.07214428858 1.16273525109e-13
6.09218436874 1.10873782776e-13
6.1122244489 1.05509507782e-13
6.13226452906 1.00180351255e-13
6.15230460922 9.48859688913e-14
6.17234468938 8.97999357835e-14
6.19238476954 8.48973260825e-14
6.2124248497 8.00263969397e-14
6.23246492986 7.51868417703e-14
6.25250501002 7.03783579424e-14
6.27254509018 6.59668858135e-14
6.29258517034 6.19560590487e-14
6.3126252505 5.79707389299e-14
6.33266533066 5.40106825021e-14
6.35270541082 5.00756498941e-14
6.37274549098 4.64178619595e-14
6.39278557114 4.30850195284e-14
6.4128256513 3.97730409401e-14
6.43286573146 3.64817305436e-14
6.45290581162 3.32108951334e-14
6.47294589178 3.03346997922e-14
6.49298597194 2.80041776182e-14
6.5130260521 2.56880222875e-14
6.53306613226 2.33861010754e-14
6.55310621242 2.10982828926e-14
6.57314629259 1.90851923272e-14
6.59318637275 1.75200113419e-14
6.61322645291 1.59643351454e-14
6.63326653307 1.44180771893e-14
6.65330661323 1.28811519778e-14
6.67334669339 1.14052544633e-14
6.69338677355 1.00414677284e-14
6.71342685371 8.68583892389e-15
6.73346693387 7.33829487045e-15
6.75350701403 5.99876326573e-15
6.77354709419 4.80725787085e-15
6.79358717435 3.95995309846e-15
6.81362725451 3.11764434842e-15
6.83366733467 2.28028739966e-15
6.85370741483 1.44783855499e-15
6.87374749499 7.92050043769e-16
6.89378757515 6.47136843776e-16
6.91382765531 5.03071161423e-16
6.93386773547 3.59845454683e-16
6.95390781563 2.17452273648e-16
6.97394789579 1.02630221985e-16
6.99398797595 8.75308636947e-17
7.01402805611 7.25236818422e-17
7.03406813627 5.76077288085e-17
7.05410821643 4.27820720896e-17
7.07414829659 2.9715564056e-17
7.09418837675 2.47593082266e-17
7.11422845691 1.98359989171e-17
7.13426853707 1.49452217908e-17
7.15430861723 1.00865708781e-17
7.17434869739 5.86616217572e-18
7.19438877756 5.67454805381e-18
7.21442885772 5.48829471229e-18
7.23446893788 5.30724045664e-18
7.25450901804 5.13122857332e-18
7.2745490982 4.9616994883e-18
7.29458917836 4.81278167098e-18
7.31462925852 4.66836870065e-18
7.33466933868 4.52832306487e-18
7.35470941884 4.39251149289e-18
7.374749499 4.26080482327e-18
7.39478957916 4.13307787557e-18
7.41482965932 4.00920932624e-18
7.43486973948 3.88908158828e-18
7.45490981964 3.77258069489e-18
7.4749498998 3.6595961866e-18
7.49498997996 3.55002100212e-18
7.51503006012 3.44375137255e-18
7.53507014028 3.34068671896e-18
7.55511022044 3.2407295532e-18
7.5751503006 3.14378538181e-18
7.59519038076 3.04976261298e-18
7.61523046092 2.95857246644e-18
7.63527054108 2.87012888618e-18
7.65531062124 2.78434845592e-18
7.6753507014 2.70115031718e-18
7.69539078156 2.62045609007e-18
7.71543086172 2.5421897964e-18
7.73547094188 2.46627778528e-18
7.75551102204 2.39264866109e-18
7.7755511022 2.32123321365e-18
7.79559118236 2.2519643506e-18
7.81563126253 2.18477703187e-18
7.83567134269 2.1196082063e-18
7.85571142285 2.05639675008e-18
7.87575150301 1.99508340729e-18
7.89579158317 1.93561073218e-18
7.91583166333 1.87792303329e-18
7.93587174349 1.82196631934e-18
7.95591182365 1.76768824676e-18
7.97595190381 1.71503806892e-18
7.99599198397 1.66396658689e-18
8.01603206413 1.61442610174e-18
8.03607214429 1.56637036837e-18
8.05611222445 1.51975455076e-18
8.07615230461 1.47453517857e-18
8.09619238477 1.43067010514e-18
8.11623246493 1.38811846681e-18
8.13627254509 1.34684064342e-18
8.15631262525 1.30679822016e-18
8.17635270541 1.26795395051e-18
8.19639278557 1.23027172036e-18
8.21643286573 1.19371651327e-18
8.23647294589 1.15825437676e-18
8.25651302605 1.12385238969e-18
8.27655310621 1.09047863063e-18
8.29659318637 1.05810214721e-18
8.31663326653 1.02669292643e-18
8.33667334669 9.96221865877e-19
8.35671342685 9.66660745846e-19
8.37675350701 9.37982202318e-19
8.39679358717 9.1015970077e-19
8.41683366733 8.83167510802e-19
8.43687374749 8.56980681546e-19
8.45691382766 8.31575017831e-19
8.47695390782 8.06927057092e-19
8.49699398798 7.83014046984e-19
8.51703406814 7.59813923694e-19
8.5370741483 7.37305290916e-19
8.55711422846 7.1546739948e-19
8.57715430862 6.94280127605e-19
8.59719438878 6.73723961762e-19
8.61723446894 6.53779978129e-19
8.6372745491 6.34429824611e-19
8.65731462926 6.15655703422e-19
8.67735470942 5.97440354196e-19
8.69739478958 5.79767037618e-19
8.71743486974 5.62619519566e-19
8.7374749499 5.45982055732e-19
8.75751503006 5.29839376716e-19
8.77755511022 5.14176673586e-19
8.79759519038 4.98979583873e-19
8.81763527054 4.84234177998e-19
8.8376753507 4.69926946118e-19
8.85771543086 4.56044785376e-19
8.87775551102 4.42574987536e-19
8.89779559118 4.29505227003e-19
8.91783567134 4.1682354921e-19
8.9378757515 4.04518359357e-19
8.95791583166 3.92578411495e-19
8.97795591182 3.80992797953e-19
8.99799599198 3.69750939072e-19
9.01803607214 3.58842573273e-19
9.0380761523 3.4825774741e-19
9.05811623246 3.37986807432e-19
9.07815631263 3.28020389322e-19
9.09819639279 3.18349410317e-19
9.11823647295 3.08965060396e-19
9.13827655311 2.99858794024e-19
9.15831663327 2.91022322154e-19
9.17835671343 2.82447604468e-19
9.19839679359 2.74126841857e-19
9.21843687375 2.66052469133e-19
9.23847695391 2.58217147954e-19
9.25851703407 2.50613759976e-19
9.27855711423 2.43235400208e-19
9.29859719439 2.36075370567e-19
9.31863727455 2.29127173636e-19
9.33867735471 2.22384506603e-19
9.35871743487 2.15841255397e-19
9.37875751503 2.09491488989e-19
9.39879759519 2.03329453872e-19
9.41883767535 1.97349568713e-19
9.43887775551 1.91546419164e-19
9.45891783567 1.85914752825e-19
9.47895791583 1.80449474371e-19
9.49899799599 1.75145640817e-19
9.51903807615 1.69998456936e-19
9.53907815631 1.65003270807e-19
9.55911823647 1.60155569503e-19
9.57915831663 1.55450974911e-19
9.59919839679 1.50885239676e-19
9.61923847695 1.46454243266e-19
9.63927855711 1.42153988166e-19
9.65931863727 1.37980596172e-19
9.67935871743 1.33930304811e-19
9.6993987976 1.29999463863e-19
9.71943887776 1.26184531989e-19
9.73947895792 1.2248207346e-19
9.75951903808 1.1888875499e-19
9.77955911824 1.15401342657e-19
9.7995991984 1.12016698924e-19
9.81963927856 1.08731779748e-19
9.83967935872 1.05543631773e-19
9.85971943888 1.02449389611e-19
9.87975951904 9.9446273208e-20
9.8997995992 0.0
9.91983967936 0.0
9.93987975952 0.0
9.95991983968 0.0
9.97995991984 0.0
10.0 0.0
