0.0 0.0
0.0200400801603 0.0
0.0400801603206 0.0
0.060120240481 0.0
0.0801603206413 0.0
0.100200400802 0.0
0.120240480962 0.0
0.140280561122 0.0
0.160320641283 7.16056643549e-11
0.180360721443 2.06351814511e-11
0.200400801603 1.43775156264e-11
0.220440881764 5.29060009079e-10
0.240480961924 4.92539936397e-10
0.260521042084 1.54326143829e-11
0.280561122244 1.67249999041e-11
0.300601202405 1.77944347246e-11
0.320641282565 1.90217792352e-11
0.340681362725 2.05106307983e-11
0.360721442886 2.14409240446e-11
0.380761523046 2.22296980048e-11
0.400801603206 2.2936625728e-11
0.420841683367 2.35908127856e-11
0.440881763527 2.41974840456e-11
0.460921843687 2.47519651163e-11
0.480961923848 2.52443549555e-11
0.501002004008 2.56477095194e-11
0.521042084168 2.60215500693e-11
0.541082164329 2.6364422785e-11
0.561122244489 2.66740562669e-11
0.581162324649 2.696266637e-11
0.60120240481 2.72317060559e-11
0.62124248497 2.74658427212e-11
0.64128256513 2.76739809659e-11
0.661322645291 2.78711769891e-11
0.681362725451 2.80211537225e-11
0.701402805611 2.80502737592e-11
0.721442885772 2.80789286207e-11
0.741482965932 2.81045517111e-11
0.761523046092 2.80911789597e-11
0.781563126253 2.80760643683e-11
0.801603206413 2.80645044544e-11
0.821643286573 2.79438759213e-11
0.841683366733 2.77535423349e-11
0.861723446894 2.75723658544e-11
0.881763527054 2.73394498393e-11
0.901803607214 2.69515829159e-11
0.921843687375 2.65815149629e-11
0.941883767535 2.62270864699e-11
0.961923847695 2.57983646759e-11
0.981963927856 2.53811339615e-11
1.00200400802 2.49830224087e-11
1.02204408818 2.4642525512e-11
1.04208416834 2.43421488581e-11
1.0621242485 2.40525054953e-11
1.08216432866 2.37614601956e-11
1.10220440882 2.34552605281e-11
1.12224448898 2.31603799658e-11
1.14228456914 2.28798458983e-11
1.1623246493 2.25111930597e-11
1.18236472946 2.21490748958e-11
1.20240480962 2.17993071203e-11
1.22244488978 2.14539627827e-11
1.24248496994 2.11154144479e-11
1.2625250501 2.07876949798e-11
1.28256513026 2.04748650043e-11
1.30260521042 2.01842236797e-11
1.32264529058 1.99025879125e-11
1.34268537074 1.96294725564e-11
1.3627254509 1.93972681672e-11
1.38276553106 1.91736725084e-11
1.40280561122 1.89559845092e-11
1.42284569138 1.87199361626e-11
1.44288577154 1.84758561084e-11
1.4629258517 1.82384480319e-11
1.48296593186 1.80105928032e-11
1.50300601202 1.77970194799e-11
1.52304609218 1.75891625211e-11
1.54308617234 1.73886198449e-11
1.56312625251 1.71539794116e-11
1.58316633267 1.69237192114e-11
1.60320641283 1.66993110635e-11
1.62324649299 1.64812731123e-11
1.64328657315 1.62690591978e-11
1.66332665331 1.60618081969e-11
1.68336673347 1.58681363949e-11
1.70340681363 1.57000233666e-11
1.72344689379 1.55358716118e-11
1.74348697395 1.53754006154e-11
1.76352705411 1.5127761243e-11
1.78356713427 1.48829353991e-11
1.80360721443 1.46436197355e-11
1.82364729459 1.4438748398e-11
1.84368737475 1.42545948809e-11
1.86372745491 1.40744425311e-11
1.88376753507 1.39232340363e-11
1.90380761523 1.38304867262e-11
1.92384769539 1.37396952004e-11
1.94388777555 1.36507980455e-11
1.96392785571 1.34680671486e-11
1.98396793587 1.32871270349e-11
2.00400801603 1.31073571131e-11
2.02404809619 1.2940231925e-11
2.04408817635 1.27758453907e-11
2.06412825651 1.26146955331e-11
2.08416833667 1.24573522839e-11
2.10420841683 1.23044446948e-11
2.12424849699 1.21544610839e-11
2.14428857715 1.20073181747e-11
2.16432865731 1.18566297404e-11
2.18436873747 1.17086800136e-11
2.20440881764 1.15634536275e-11
2.2244488978 1.140221107e-11
2.24448897796 1.12343698953e-11
2.26452905812 1.10695311278e-11
2.28456913828 1.09047702937e-11
2.30460921844 1.07371939838e-11
2.3246492986 1.05725356116e-11
2.34468937876 1.04107411251e-11
2.36472945892 1.02840573105e-11
2.38476953908 1.01595256133e-11
2.40480961924 1.00370915193e-11
2.4248496994 9.91328306721e-12
2.44488977956 9.78986048276e-12
2.46492985972 9.66846470567e-12
2.48496993988 9.53325277406e-12
2.50501002004 9.36993232163e-12
2.5250501002 9.20922482185e-12
2.54509018036 9.05176564555e-12
2.56513026052 8.95902614599e-12
2.58517034068 8.86773913047e-12
2.60521042084 8.77787065162e-12
2.625250501 8.6561610871e-12
2.64529058116 8.52087241813e-12
2.66533066132 8.38763331773e-12
2.68537074148 8.25743776639e-12
2.70541082164 8.13109241428e-12
2.7254509018 8.00661847867e-12
2.74549098196 7.88435888381e-12
2.76553106212 7.78138316016e-12
2.78557114228 7.67990027174e-12
2.80561122244 7.57987791081e-12
2.82565130261 7.44208869234e-12
2.84569138277 7.28888453477e-12
2.86573146293 7.13783512331e-12
2.88577154309 7.00890556034e-12
2.90581162325 6.91685456143e-12
2.92585170341 6.82607315803e-12
2.94589178357 6.73571251348e-12
2.96593186373 6.62159806645e-12
2.98597194389 6.50902408209e-12
3.00601202405 6.39795950899e-12
3.02605210421 6.28663879038e-12
3.04609218437 6.17605818427e-12
3.06613226453 6.06693075161e-12
3.08617234469 5.96151866876e-12
3.10621242485 5.86131763908e-12
3.12625250501 5.7624079642e-12
3.14629258517 5.66514587134e-12
3.16633266533 5.57775704309e-12
3.18637274549 5.49147324523e-12
3.20641282565 5.40627360342e-12
3.22645290581 5.30532832574e-12
3.24649298597 5.19888166357e-12
3.26653306613 5.09374683513e-12
3.28657314629 4.98602783073e-12
3.30661322645 4.87340020409e-12
3.32665330661 4.762135006e-12
3.34669338677 4.65354104664e-12
3.36673346693 4.5702428421e-12
3.38677354709 4.48793472688e-12
3.40681362725 4.40659911685e-12
3.42685370741 4.32202929426e-12
3.44689378758 4.23684672928e-12
3.46693386774 4.15265286112e-12
3.4869739479 4.0708260297e-12
3.50701402806 3.99208495083e-12
3.52705410822 3.91424214723e-12
3.54709418838 3.83669455132e-12
3.56713426854 3.75128136402e-12
3.5871743487 3.66682589031e-12
3.60721442886 3.58331208322e-12
3.62725450902 3.50466995211e-12
3.64729458918 3.42832588889e-12
3.66733466934 3.35281906168e-12
3.6873747495 3.28060660528e-12
3.70741482966 3.21281945589e-12
3.72745490982 3.1457637057e-12
3.74749498998 3.07962578717e-12
3.76753507014 3.01669714899e-12
3.7875751503 2.95443665946e-12
3.80761523046 2.89283371393e-12
3.82765531062 2.82366868024e-12
3.84769539078 2.75240342332e-12
3.86773547094 2.68187883696e-12
3.8877755511 2.61606384769e-12
3.90781563126 2.55654873107e-12
3.92785571142 2.49764274076e-12
3.94789579158 2.43974894554e-12
3.96793587174 2.38695408879e-12
3.9879759519 2.33469143092e-12
4.00801603206 2.28295295067e-12
4.02805611222 2.22683675964e-12
4.04809619238 2.1696842759e-12
4.06813627255 2.11309638638e-12
4.08817635271 2.0608292179e-12
4.10821643287 2.01417128136e-12
4.12825651303 1.96796760019e-12
4.14829659319 1.92204084648e-12
4.16833667335 1.87491332051e-12
4.18837675351 1.82823796124e-12
4.20841683367 1.78200828144e-12
4.22845691383 1.73943132866e-12
4.24849699399 1.69824614695e-12
4.26853707415 1.65744868574e-12
4.28857715431 1.61605079363e-12
4.30861723447 1.57376287338e-12
4.32865731463 1.53186745902e-12
4.34869739479 1.49081895783e-12
4.36873747495 1.4540907509e-12
4.38877755511 1.41769878453e-12
4.40881763527 1.38163845471e-12
4.42885771543 1.34841142785e-12
4.44889779559 1.31621240577e-12
4.46893787575 1.28430286517e-12
4.48897795591 1.25241187054e-12
4.50901803607 1.22047242886e-12
4.52905811623 1.18881628873e-12
4.54909819639 1.15759573737e-12
4.56913827655 1.12785288814e-12
4.58917835671 1.09837038815e-12
4.60921843687 1.06914482829e-12
4.62925851703 1.04049452278e-12
4.64929859719 1.01217973605e-12
4.66933867735 9.84108516743e-13
4.68937875752 9.5774802048e-13
4.70941883768 9.33368945598e-13
4.72945891784 9.09196924532e-13
4.749498998 8.84986182801e-13
4.76953907816 8.5927967071e-13
4.78957915832 8.33788709865e-13
4.80961923848 8.08510596295e-13
4.82965931864 7.85781477811e-13
4.8496993988 7.63841905964e-13
4.86973947896 7.42083272077e-13
4.88977955912 7.20976985992e-13
4.90981963928 7.00586242847e-13
4.92985971944 6.80361607213e-13
4.9498997996 6.60568130185e-13
4.96993987976 6.42638564197e-13
4.98997995992 6.24853299207e-13
5.01002004008 6.07537376874e-13
5.03006012024 5.90661727298e-13
5.0501002004 5.73920273158e-13
5.07014028056 5.58186940715e-13
5.09018036072 5.42595713144e-13
5.11022044088 5.27127005085e-13
5.13026052104 5.11779375608e-13
5.1503006012 4.96551406334e-13
5.17034068136 4.82518259237e-13
5.19038076152 4.68662858443e-13
5.21042084168 4.54914236384e-13
5.23046092184 4.41271161384e-13
5.250501002 4.2773242068e-13
5.27054108216 4.15524262079e-13
5.29058116232 4.03546133423e-13
5.31062124248 3.91658571448e-13
5.33066132265 3.79860551121e-13
5.35070140281 3.6815106285e-13
5.37074148297 3.56865616947e-13
5.39078156313 3.45719435148e-13
5.41082164329 3.34655960951e-13
5.43086172345 3.23674275684e-13
5.45090180361 3.1277347426e-13
5.47094188377 3.03021165376e-13
5.49098196393 2.93576705429e-13
5.51102204409 2.84201050982e-13
5.53106212425 2.7489345159e-13
5.55110220441 2.65653167705e-13
5.57114228457 2.56868670958e-13
5.59118236473 2.48258065834e-13
5.61122244489 2.39709066633e-13
5.63126252505 2.31221013461e-13
5.65130260521 2.22793255837e-13
5.67134268537 2.15133227004e-13
5.69138276553 2.07778554559e-13
5.71142284569 2.00475578363e-13
5.73146292585 1.93223754332e-13
5.75150300601 1.86022546009e-13
5.77154308617 1.79127811704e-13
5.79158316633 1.72391960014e-13
5.81162324649 1.65702635155e-13
5.83166332665 1.59059355917e-13
5.85170340681 1.52461647721e-13
5.87174348697 1.46222391489e-13
5.89178356713 1.40188996265e-13
5.91182364729 1.34196567303e-13
5.93186372745 1.28244688088e-13
5.95190380762 1.22332947746e-13
5.97194388778 1.17039511801e-13
5.99198396794 1.12140754822e-13
6.0120240481 1.0727470664e-13
6.03206412826 1.02441040172e-13
6.05210420842 9.76394326917e-14
6.07214428858 9.31095362881e-14
6.09218436874 8.87857225775e-14
6.1122244489 8.44903044494e-14
6.13226452906 8.02230026001e-14
6.15230460922 7.59835413869e-14
6.17234468938 7.19109077523e-14
6.19238476954 6.79851432572e-14
6.2124248497 6.40847429175e-14
6.23246492986 6.0209461281e-14
6.25250501002 5.6359056061e-14
6.27254509018 5.28265483947e-14
6.29258517034 4.96148487711e-14
6.3126252505 4.64235709548e-14
6.33266533066 4.32525204197e-14
6.35270541082 4.01015051098e-14
6.37274549098 3.71724879501e-14
6.39278557114 3.45036654325e-14
6.4128256513 3.18515479399e-14
6.43286573146 2.92159788095e-14
6.45290581162 2.65968033378e-14
6.47294589178 2.42936311974e-14
6.49298597194 2.24274018171e-14
6.5130260521 2.05726763012e-14
6.53306613226 1.87293483507e-14
6.55310621242 1.68973129773e-14
6.57314629259 1.52852640902e-14
6.59318637275 1.40318769607e-14
6.61322645291 1.27861012499e-14
6.63326653307 1.154786762e-14
6.65330661323 1.03171075773e-14
6.67334669339 9.13521575225e-15
6.69338677355 8.0430969546e-15
6.71342685371 6.95751111737e-15
6.73346693387 5.87839961082e-15
6.75350701403 4.80570450877e-15
6.77354709419 3.85154204675e-15
6.79358717435 3.17299957698e-15
6.81362725451 2.49845859204e-15
6.83366733467 1.82788364432e-15
6.85370741483 1.16123970712e-15
6.87374749499 6.36058157835e-16
6.89378757515 5.19963686467e-16
6.91382765531 4.04549369628e-16
6.93386773547 2.89809120295e-16
6.95390781563 1.75736926732e-16
6.97394789579 8.37438844939e-17
6.99398797595 7.16059489859e-17
7.01402805611 5.95432372149e-17
7.03406813627 4.75549468643e-17
7.05410821643 3.5640289075e-17
7.07414829659 2.5135573817e-17
7.09418837675 2.11264794669e-17
7.11422845691 1.71449857084e-17
7.13426853707 1.31907233964e-17
7.15430861723 9.2633312437e-18
7.17434869739 5.84812942056e-18
7.19438877756 5.66011541598e-18
7.21442885772 5.47744144007e-18
7.23446893788 5.2999459953e-18
7.25450901804 5.12747256215e-18
7.2745490982 4.96114451372e-18
7.29458917836 4.81224630838e-18
7.31462925852 4.66785224525e-18
7.33466933868 4.52782483769e-18
7.35470941884 4.3920308398e-18
7.374749499 4.26034111401e-18
7.39478957916 4.13263050293e-18
7.41482965932 4.00877770513e-18
7.43486973948 3.88866515499e-18
7.45490981964 3.7721789062e-18
7.4749498998 3.6592085191e-18
7.49498997996 3.54964695142e-18
7.51503006012 3.44339045262e-18
7.53507014028 3.34033846141e-18
7.55511022044 3.24039350664e-18
7.5751503006 3.14346111123e-18
7.59519038076 3.04944969914e-18
7.61523046092 2.95827050529e-18
7.63527054108 2.86983748828e-18
7.65531062124 2.78406724592e-18
7.6753507014 2.70087893331e-18
7.69539078156 2.62019418362e-18
7.71543086172 2.54193703123e-18
7.73547094188 2.46603383739e-18
7.75551102204 2.39241321817e-18
7.7755511022 2.32100597462e-18
7.79559118236 2.25174502521e-18
7.81563126253 2.18456534034e-18
7.83567134269 2.11940387887e-18
7.85571142285 2.05619952672e-18
7.87575150301 1.99489303727e-18
7.89579158317 1.93542697378e-18
7.91583166333 1.87774565346e-18
7.93587174349 1.82179509336e-18
7.95591182365 1.76752295798e-18
7.97595190381 1.71487850842e-18
7.99599198397 1.66381255323e-18
8.01603206413 1.61427740067e-18
8.03607214429 1.5662268126e-18
8.05611222445 1.51961595965e-18
8.07615230461 1.47440137794e-18
8.09619238477 1.43054092702e-18
8.11623246493 1.38799374919e-18
8.13627254509 1.34672023009e-18
8.15631262525 1.30668196045e-18
8.17635270541 1.2678416991e-18
8.19639278557 1.23016333711e-18
8.21643286573 1.19361186299e-18
8.23647294589 1.15815332908e-18
8.25651302605 1.12375481886e-18
8.27655310621 1.09038441534e-18
8.29659318637 1.05801117047e-18
8.31663326653 1.02660507537e-18
8.33667334669 9.96137031629e-19
8.35671342685 9.66578823393e-19
8.37675350701 9.37903090349e-19
8.39679358717 9.10083301555e-19
8.41683366733 8.83093730057e-19
8.43687374749 8.56909428314e-19
8.45691382766 8.3150620436e-19
8.47695390782 8.06860598722e-19
8.49699398798 7.82949862036e-19
8.51703406814 7.59751933362e-19
8.5370741483 7.37245419167e-19
8.55711422846 7.15409572951e-19
8.57715430862 6.94224275511e-19
8.59719438878 6.73670015804e-19
8.61723446894 6.53727872403e-19
8.6372745491 6.34379495524e-19
8.65731462926 6.15607089611e-19
8.67735470942 5.97393396446e-19
8.69739478958 5.79721678788e-19
8.71743486974 5.62575704514e-19
8.7374749499 5.45939731243e-19
8.75751503006 5.29798491437e-19
8.77755511022 5.14137177956e-19
8.79759519038 4.98941430061e-19
8.81763527054 4.84197319844e-19
8.8376753507 4.69891339071e-19
8.85771543086 4.56010386436e-19
8.87775551102 4.42541755203e-19
8.89779559118 4.29473121222e-19
8.91783567134 4.16792531319e-19
8.9378757515 4.04488392038e-19
8.95791583166 3.92549458729e-19
8.97795591182 3.8096482497e-19
8.99799599198 3.69723912313e-19
9.01803607214 3.58816460341e-19
9.0380761523 3.48232517032e-19
9.05811623246 3.3796242942e-19
9.07815631263 3.27996834534e-19
9.09819639279 3.1832665062e-19
9.11823647295 3.08943068632e-19
9.13827655311 2.99837543973e-19
9.15831663327 2.91001788505e-19
9.17835671343 2.82427762783e-19
9.19839679359 2.74107668544e-19
9.21843687375 2.66033941412e-19
9.23847695391 2.58199243834e-19
9.25851703407 2.50596458223e-19
9.27855711423 2.43218680321e-19
9.29859719439 2.36059212751e-19
9.31863727455 2.29111558777e-19
9.33867735471 2.22369416249e-19
9.35871743487 2.15826671726e-19
9.37875751503 2.09477394794e-19
9.39879759519 2.03315832538e-19
9.41883767535 1.97336404197e-19
9.43887775551 1.91533695972e-19
9.45891783567 1.85902455996e-19
9.47895791583 1.80437589456e-19
9.49899799599 1.75134153865e-19
9.51903807615 1.69987354473e-19
9.53907815631 1.64992539819e-19
9.55911823647 1.60145197425e-19
9.57915831663 1.55440949606e-19
9.59919839679 1.50875549422e-19
9.61923847695 1.46444876745e-19
9.63927855711 1.42144934443e-19
9.65931863727 1.37971844688e-19
9.67935871743 1.33921845367e-19
9.6993987976 1.29991286608e-19
9.71943887776 1.26176627408e-19
9.73947895792 1.22474432364e-19
9.75951903808 1.18881368502e-19
9.77955911824 1.15394202202e-19
9.7995991984 1.12009796222e-19
9.81963927856 1.08725106797e-19
9.83967935872 1.05537180845e-19
9.85971943888 1.02443153243e-19
9.87975951904 9.94402441872e-20
9.8997995992 0.0
9.91983967936 0.0
9.93987975952 0.0
9.95991983968 0.0
9.97995991984 0.0
10.0 0.0
