0.0 0.0
0.0200400801603 0.0
0.0400801603206 0.0
0.060120240481 0.0
0.0801603206413 0.0
0.100200400802 0.0
0.120240480962 0.0
0.140280561122 0.0
0.160320641283 0.0
0.180360721443 0.0
0.200400801603 0.0
0.220440881764 0.0
0.240480961924 0.0
0.260521042084 0.0
0.280561122244 0.0
0.300601202405 0.0
0.320641282565 0.0
0.340681362725 0.0
0.360721442886 0.0
0.380761523046 0.0
0.400801603206 3.80067220565e-11
0.420841683367 2.60575950519e-11
0.440881763527 2.2045063104e-11
0.460921843687 1.99855439153e-11
0.480961923848 1.87254079903e-11
0.501002004008 1.78536303321e-11
0.521042084168 1.72366846406e-11
0.541082164329 1.6776296202e-11
0.561122244489 1.64207775369e-11
0.581162324649 1.61442775394e-11
0.60120240481 1.59242123127e-11
0.62124248497 1.57369511093e-11
0.64128256513 1.55777309016e-11
0.661322645291 1.54473527555e-11
0.681362725451 1.53207244264e-11
0.701402805611 1.51530314523e-11
0.721442885772 1.50060695293e-11
0.741482965932 1.48736048672e-11
0.761523046092 1.47358457185e-11
0.781563126253 1.46104409674e-11
0.801603206413 1.44994986705e-11
0.821643286573 1.43436328705e-11
0.841683366733 1.41616386568e-11
0.861723446894 1.39923266373e-11
0.881763527054 1.38035209803e-11
0.901803607214 1.35442161758e-11
0.921843687375 1.33004678429e-11
0.941883767535 1.30698233109e-11
0.961923847695 1.28077605242e-11
0.981963927856 1.25563257409e-11
1.00200400802 1.23197113108e-11
1.02204408818 1.21158136184e-11
1.04208416834 1.19348397397e-11
1.0621242485 1.17614297392e-11
1.08216432866 1.15884423936e-11
1.10220440882 1.14106567264e-11
1.12224448898 1.12406886237e-11
1.14228456914 1.10818537055e-11
1.1623246493 1.08826087777e-11
1.18236472946 1.06883575128e-11
1.20240480962 1.05016992894e-11
1.22244488978 1.03186932825e-11
1.24248496994 1.01403640994e-11
1.2625250501 9.96841530451e-12
1.28256513026 9.8045214883e-12
1.30260521042 9.65230057291e-12
1.32264529058 9.5053703286e-12
1.34268537074 9.3633771495e-12
1.3627254509 9.2416443321e-12
1.38276553106 9.1247532419e-12
1.40280561122 9.01101905771e-12
1.42284569138 8.88906892239e-12
1.44288577154 8.7639729811e-12
1.4629258517 8.64256425247e-12
1.48296593186 8.52605711182e-12
1.50300601202 8.41681740954e-12
1.52304609218 8.31076593842e-12
1.54308617234 8.20963731093e-12
1.56312625251 8.0929183343e-12
1.58316633267 7.97866162139e-12
1.60320641283 7.86753829206e-12
1.62324649299 7.75976217436e-12
1.64328657315 7.655048649e-12
1.66332665331 7.55284989683e-12
1.68336673347 7.45703706062e-12
1.70340681363 7.37346615919e-12
1.72344689379 7.29200112152e-12
1.74348697395 7.21241695865e-12
1.76352705411 7.09232323487e-12
1.78356713427 6.9737983538e-12
1.80360721443 6.85809434059e-12
1.82364729459 6.75869635727e-12
1.84368737475 6.6691650946e-12
1.86372745491 6.58168456199e-12
1.88376753507 6.50786953366e-12
1.90380761523 6.46144873327e-12
1.92384769539 6.41606811333e-12
1.94388777555 6.37169248886e-12
1.96392785571 6.28376386722e-12
1.98396793587 6.19681039055e-12
2.00400801603 6.10917029213e-12
2.02404809619 6.03044439717e-12
2.04408817635 5.9516449821e-12
2.06412825651 5.8744727774e-12
2.08416833667 5.79918597801e-12
2.10420841683 5.72607027629e-12
2.12424849699 5.65441752865e-12
2.14428857715 5.58418364255e-12
2.16432865731 5.5124002041e-12
2.18436873747 5.4419798054e-12
2.20440881764 5.3729106613e-12
2.2244488978 5.29649942904e-12
2.24448897796 5.21711357918e-12
2.26452905812 5.13920153073e-12
2.28456913828 5.06140409044e-12
2.30460921844 4.98237781774e-12
2.3246492986 4.90477610751e-12
2.34468937876 4.82857032218e-12
2.36472945892 4.76868636484e-12
2.38476953908 4.70985641191e-12
2.40480961924 4.65205252853e-12
2.4248496994 4.59366563609e-12
2.44488977956 4.53550847139e-12
2.46492985972 4.47833809448e-12
2.48496993988 4.41482540176e-12
2.50501002004 4.33836323682e-12
2.5250501002 4.26315923954e-12
2.54509018036 4.18950475885e-12
2.56513026052 4.14580769005e-12
2.58517034068 4.10281705294e-12
2.60521042084 4.06051565254e-12
2.625250501 4.0035372077e-12
2.64529058116 3.94032205943e-12
2.66533066132 3.87808951216e-12
2.68537074148 3.81729696936e-12
2.70541082164 3.7583151659e-12
2.7254509018 3.70022880249e-12
2.74549098196 3.64319480887e-12
2.76553106212 3.59509012633e-12
2.78557114228 3.54770027907e-12
2.80561122244 3.50100927877e-12
2.82565130261 3.43691737578e-12
2.84569138277 3.36574124143e-12
2.86573146293 3.29558685365e-12
2.88577154309 3.23566146407e-12
2.90581162325 3.19276741203e-12
2.92585170341 3.15047828555e-12
2.94589178357 3.10840191758e-12
2.96593186373 3.05539226139e-12
2.98597194389 3.00311245529e-12
3.00601202405 2.95154738306e-12
3.02605210421 2.89988251746e-12
3.04609218437 2.8485764812e-12
3.06613226453 2.79795724691e-12
3.08617234469 2.74906650114e-12
3.10621242485 2.70259244888e-12
3.12625250501 2.65672819434e-12
3.14629258517 2.61163725632e-12
3.16633266533 2.57110802421e-12
3.18637274549 2.53110042642e-12
3.20641282565 2.49160436443e-12
3.22645290581 2.44486889113e-12
3.24649298597 2.39561264947e-12
3.26653306613 2.34697301078e-12
3.28657314629 2.29715569049e-12
3.30661322645 2.24509045811e-12
3.32665330661 2.19366436101e-12
3.34669338677 2.14347941469e-12
3.36673346693 2.10494893859e-12
3.38677354709 2.06688335417e-12
3.40681362725 2.02927422789e-12
3.42685370741 1.99018529032e-12
3.44689378758 1.95082291964e-12
3.46693386774 1.91192383216e-12
3.4869739479 1.87412191947e-12
3.50701402806 1.83774744578e-12
3.52705410822 1.80179357939e-12
3.54709418838 1.76598262135e-12
3.56713426854 1.72656030694e-12
3.5871743487 1.68758564686e-12
3.60721442886 1.64905100249e-12
3.62725450902 1.6127636755e-12
3.64729458918 1.5775395083e-12
3.66733466934 1.54270635765e-12
3.6873747495 1.50939395825e-12
3.70741482966 1.47812198444e-12
3.72745490982 1.44719147044e-12
3.74749498998 1.4166879576e-12
3.76753507014 1.3876648069e-12
3.7875751503 1.3589533991e-12
3.80761523046 1.33054870217e-12
3.82765531062 1.29867192168e-12
3.84769539078 1.26583417827e-12
3.86773547094 1.23334135916e-12
3.8877755511 1.20301762216e-12
3.90781563126 1.17559352042e-12
3.92785571142 1.14845306867e-12
3.94789579158 1.12178138907e-12
3.96793587174 1.09745648939e-12
3.9879759519 1.07337934414e-12
4.00801603206 1.04954616177e-12
4.02805611222 1.02370433967e-12
4.04809619238 9.97389417852e-13
4.06813627255 9.71336956198e-13
4.08817635271 9.47272661581e-13
4.10821643287 9.25788249111e-13
4.12825651303 9.04515018139e-13
4.14829659319 8.833714212e-13
4.16833667335 8.61678535784e-13
4.18837675351 8.40195696214e-13
4.20841683367 8.18919847464e-13
4.22845691383 7.993240783e-13
4.24849699399 7.80369632664e-13
4.26853707415 7.61595219767e-13
4.28857715431 7.42546914053e-13
4.30861723447 7.23091689492e-13
4.32865731463 7.03818580959e-13
4.34869739479 6.84936222579e-13
4.36873747495 6.68039684532e-13
4.38877755511 6.51299132237e-13
4.40881763527 6.34712402579e-13
4.42885771543 6.19428232933e-13
4.44889779559 6.0461749448e-13
4.46893787575 5.89941000129e-13
4.48897795591 5.75274304469e-13
4.50901803607 5.60586618339e-13
4.52905811623 5.46030236194e-13
4.54909819639 5.31675040452e-13
4.56913827655 5.17999442688e-13
4.58917835671 5.04444469731e-13
4.60921843687 4.91008523469e-13
4.62925851703 4.77837704397e-13
4.64929859719 4.64821914533e-13
4.66933867735 4.51918909757e-13
4.68937875752 4.39802156322e-13
4.70941883768 4.28595837346e-13
4.72945891784 4.17485387413e-13
4.749498998 4.06357968005e-13
4.76953907816 3.9454477113e-13
4.78957915832 3.82831313854e-13
4.80961923848 3.7121633155e-13
4.82965931864 3.60772029983e-13
4.8496993988 3.50690793924e-13
4.86973947896 3.40693262496e-13
4.88977955912 3.30995766606e-13
4.90981963928 3.21627275946e-13
4.92985971944 3.12335608265e-13
4.9498997996 3.03242382078e-13
4.96993987976 2.95005068993e-13
4.98997995992 2.8683448546e-13
5.01002004008 2.78879773815e-13
5.03006012024 2.711275715e-13
5.0501002004 2.63437407986e-13
5.07014028056 2.56210278462e-13
5.09018036072 2.49048775875e-13
5.11022044088 2.41943901372e-13
5.13026052104 2.34894982313e-13
5.1503006012 2.27901356738e-13
5.17034068136 2.21456314203e-13
5.19038076152 2.15093176049e-13
5.21042084168 2.08779370985e-13
5.23046092184 2.0251432446e-13
5.250501002 1.96297470863e-13
5.27054108216 1.90691372194e-13
5.29058116232 1.85191094393e-13
5.31062124248 1.79732646332e-13
5.33066132265 1.74315550102e-13
5.35070140281 1.68939335092e-13
5.37074148297 1.63757904647e-13
5.39078156313 1.58640608304e-13
5.41082164329 1.53561494439e-13
5.43086172345 1.48520135096e-13
5.45090180361 1.43516108732e-13
5.47094188377 1.39039120757e-13
5.49098196393 1.34703545678e-13
5.51102204409 1.30399727315e-13
5.53106212425 1.2612731621e-13
5.55110220441 1.21885968048e-13
5.57114228457 1.17853856261e-13
5.59118236473 1.1390167446e-13
5.61122244489 1.09977915825e-13
5.63126252505 1.06082273276e-13
5.65130260521 1.02214444169e-13
5.67134268537 9.86988762637e-14
5.69138276553 9.53234959312e-14
5.71142284569 9.19719610898e-14
5.73146292585 8.86440186445e-14
5.75150300601 8.5339419093e-14
5.77154308617 8.21754961121e-14
5.79158316633 7.90845570073e-14
5.81162324649 7.60150714439e-14
5.83166332665 7.2966815721e-14
5.85170340681 6.99395692571e-14
5.87174348697 6.70768077478e-14
5.89178356713 6.43085499111e-14
5.91182364729 6.1559176026e-14
5.93186372745 5.88284925691e-14
5.95190380762 5.61163086698e-14
5.97194388778 5.36877366161e-14
5.99198396794 5.14402236646e-14
6.0120240481 4.92077863428e-14
6.03206412826 4.69902726937e-14
6.05210420842 4.47875328101e-14
6.07214428858 4.27094496465e-14
6.09218436874 4.07259262029e-14
6.1122244489 3.87554871102e-14
6.13226452906 3.6798002665e-14
6.15230460922 3.48533448848e-14
6.17234468938 3.29852367482e-14
6.19238476954 3.11845239839e-14
6.2124248497 2.93954953882e-14
6.23246492986 2.76180370385e-14
6.25250501002 2.58520364989e-14
6.27254509018 2.42318335647e-14
6.29258517034 2.27587572068e-14
6.3126252505 2.12950871054e-14
6.33266533066 1.98407329819e-14
6.35270541082 1.83956057181e-14
6.37274549098 1.70522934027e-14
6.39278557114 1.58283031916e-14
6.4128256513 1.46120062093e-14
6.43286573146 1.34033297581e-14
6.45290581162 1.22022020611e-14
6.47294589178 1.11459706669e-14
6.49298597194 1.02900720237e-14
6.5130260521 9.43947209073e-15
6.53306613226 8.59412150259e-15
6.55310621242 7.75397151131e-15
6.57314629259 7.01468755198e-15
6.59318637275 6.43983518421e-15
6.61322645291 5.86848976273e-15
6.63326653307 5.30061904353e-15
6.65330661323 4.73619118178e-15
6.67334669339 4.19418036643e-15
6.69338677355 3.69333563284e-15
6.71342685371 3.19550037043e-15
6.73346693387 2.70064732201e-15
6.75350701403 2.20874956295e-15
6.77354709419 1.77119686113e-15
6.79358717435 1.45999034462e-15
6.81362725451 1.15062836628e-15
6.83366733467 8.4309440351e-16
6.85370741483 5.37372134093e-16
6.87374749499 2.96498337229e-16
6.89378757515 2.43135221314e-16
6.91382765531 1.90089239937e-16
6.93386773547 1.37357445064e-16
6.95390781563 8.49369279036e-17
6.97394789579 4.26408704965e-17
6.99398797595 3.69491242919e-17
7.01402805611 3.12958392564e-17
7.03406813627 2.56805261204e-17
7.05410821643 2.01027055387e-17
7.07414829659 1.51747110285e-17
7.09418837675 1.32272328538e-17
7.11422845691 1.12957685822e-17
7.13426853707 9.3800461618e-18
7.15430861723 7.47980032474e-18
7.17434869739 5.81735506623e-18
7.19438877756 5.63687801705e-18
7.21442885772 5.46170681015e-18
7.23446893788 5.29167997511e-18
7.25450901804 5.12664102801e-18
7.2745490982 4.96702265627e-18
7.29458917836 4.81791667602e-18
7.31462925852 4.67332230667e-18
7.33466933868 4.53310178814e-18
7.35470941884 4.39712161129e-18
7.374749499 4.26525238514e-18
7.39478957916 4.13736870835e-18
7.41482965932 4.01334904462e-18
7.43486973948 3.89307560218e-18
7.45490981964 3.77643421704e-18
7.4749498998 3.66331423988e-18
7.49498997996 3.55360842663e-18
7.51503006012 3.44721283236e-18
7.53507014028 3.34402670867e-18
7.55511022044 3.24395240417e-18
7.5751503006 3.14689526825e-18
7.59519038076 3.05276355774e-18
7.61523046092 2.9614683466e-18
7.63527054108 2.87292343845e-18
7.65531062124 2.78704528179e-18
7.6753507014 2.70375288795e-18
7.69539078156 2.6229677516e-18
7.71543086172 2.54461377374e-18
7.73547094188 2.46861718713e-18
7.75551102204 2.39490648408e-18
7.7755511022 2.32341234641e-18
7.79559118236 2.25406757777e-18
7.81563126253 2.1868070379e-18
7.83567134269 2.12156757911e-18
7.85571142285 2.0582879846e-18
7.87575150301 1.99690890888e-18
7.89579158317 1.93737281986e-18
7.91583166333 1.87962394295e-18
7.93587174349 1.82360820673e-18
7.95591182365 1.76927319044e-18
7.97595190381 1.71656807305e-18
7.99599198397 1.66544358395e-18
8.01603206413 1.61585195516e-18
8.03607214429 1.56774687501e-18
8.05611222445 1.52108344334e-18
8.07615230461 1.47581812801e-18
8.09619238477 1.43190872278e-18
8.11623246493 1.38931430659e-18
8.13627254509 1.34799520395e-18
8.15631262525 1.30791294675e-18
8.17635270541 1.26903023705e-18
8.19639278557 1.23131091122e-18
8.21643286573 1.19471990507e-18
8.23647294589 1.15922322011e-18
8.25651302605 1.12478789083e-18
8.27655310621 1.09138195304e-18
8.29659318637 1.05897441316e-18
8.31663326653 1.02753521846e-18
8.33667334669 9.97035228201e-19
8.35671342685 9.67446185772e-19
8.37675350701 9.38740691548e-19
8.39679358717 9.10892176687e-19
8.41683366733 8.838748777e-19
8.43687374749 8.57663811816e-19
8.45691382766 8.32234753109e-19
8.47695390782 8.07564209354e-19
8.49699398798 7.83629399615e-19
8.51703406814 7.60408232505e-19
8.5370741483 7.37879285134e-19
8.55711422846 7.16021782696e-19
8.57715430862 6.94815578689e-19
8.59719438878 6.74241135747e-19
8.61723446894 6.54279507058e-19
8.6372745491 6.34912318361e-19
8.65731462926 6.1612175049e-19
8.67735470942 5.97890522459e-19
8.69739478958 5.80201875072e-19
8.71743486974 5.63039555028e-19
8.7374749499 5.46387799521e-19
8.75751503006 5.30231321314e-19
8.77755511022 5.14555294268e-19
8.79759519038 4.99345339317e-19
8.81763527054 4.84587510875e-19
8.8376753507 4.70268283659e-19
8.85771543086 4.56374539916e-19
8.87775551102 4.42893557043e-19
8.89779559118 4.29812995588e-19
8.91783567134 4.17120887613e-19
8.9378757515 4.0480562542e-19
8.95791583166 3.9285595062e-19
8.97795591182 3.81260943537e-19
8.99799599198 3.70010012934e-19
9.01803607214 3.59092886059e-19
9.0380761523 3.48499598987e-19
9.05811623246 3.38220487269e-19
9.07815631263 3.28246176855e-19
9.09819639279 3.18567575301e-19
9.11823647295 3.09175863244e-19
9.13827655311 3.0006248614e-19
9.15831663327 2.91219146243e-19
9.17835671343 2.82637794846e-19
9.19839679359 2.74310624743e-19
9.21843687375 2.6623006293e-19
9.23847695391 2.58388763528e-19
9.25851703407 2.50779600917e-19
9.27855711423 2.43395663084e-19
9.29859719439 2.36230245171e-19
9.31863727455 2.29276843221e-19
9.33867735471 2.22529148114e-19
9.35871743487 2.15981039687e-19
9.37875751503 2.09626581031e-19
9.39879759519 2.0346001297e-19
9.41883767535 1.97475748694e-19
9.43887775551 1.9166836857e-19
9.45891783567 1.86032615098e-19
9.47895791583 1.8056338803e-19
9.49899799599 1.75255739629e-19
9.51903807615 1.70104870082e-19
9.53907815631 1.65106123039e-19
9.55911823647 1.60254981301e-19
9.57915831663 1.5554706263e-19
9.59919839679 1.50978115687e-19
9.61923847695 1.46544016098e-19
9.63927855711 1.42240762635e-19
9.65931863727 1.38064473513e-19
9.67935871743 1.340113828e-19
9.6993987976 1.30077836937e-19
9.71943887776 1.26260291363e-19
9.73947895792 1.22555307236e-19
9.75951903808 1.18959548265e-19
9.77955911824 1.15469777629e-19
9.7995991984 1.12082854991e-19
9.81963927856 1.08795733602e-19
9.83967935872 1.05605457495e-19
9.85971943888 1.02509158765e-19
9.87975951904 9.95040549201e-20
9.8997995992 0.0
9.91983967936 0.0
9.93987975952 0.0
9.95991983968 0.0
9.97995991984 0.0
10.0 0.0
