0.0 0.0
0.0200400801603 0.0
0.0400801603206 0.0
0.060120240481 0.0
0.0801603206413 0.0
0.100200400802 0.0
0.120240480962 0.0
0.140280561122 0.0
0.160320641283 3.37972359956e-11
0.180360721443 1.63133146879e-11
0.200400801603 1.22223687396e-11
0.220440881764 4.60098367683e-10
0.240480961924 4.35209664024e-10
0.260521042084 1.38208831339e-11
0.280561122244 1.5069635774e-11
0.300601202405 1.61032114261e-11
0.320641282565 1.72692299996e-11
0.340681362725 1.86658108296e-11
0.360721442886 1.95504354707e-11
0.380761523046 2.03015660045e-11
0.400801603206 2.09740463491e-11
0.420841683367 2.15951252419e-11
0.440881763527 2.21702135208e-11
0.460921843687 2.26954169582e-11
0.480961923848 2.31619428613e-11
0.501002004008 2.35453087977e-11
0.521042084168 2.39002463113e-11
0.541082164329 2.42252446661e-11
0.561122244489 2.45187146001e-11
0.581162324649 2.47920265215e-11
0.60120240481 2.50465045525e-11
0.62124248497 2.52681841212e-11
0.64128256513 2.54653977788e-11
0.661322645291 2.56521004486e-11
0.681362725451 2.57950725191e-11
0.701402805611 2.58264314656e-11
0.721442885772 2.58569550525e-11
0.741482965932 2.58841359181e-11
0.761523046092 2.58750937477e-11
0.781563126253 2.58641633645e-11
0.801603206413 2.58564040087e-11
0.821643286573 2.57480693614e-11
0.841683366733 2.55752969547e-11
0.861723446894 2.54106870686e-11
0.881763527054 2.51980901582e-11
0.901803607214 2.48425527755e-11
0.921843687375 2.45032228028e-11
0.941883767535 2.41780595452e-11
0.961923847695 2.37842784339e-11
0.981963927856 2.34009409598e-11
1.00200400802 2.30352247881e-11
1.02204408818 2.27225730802e-11
1.04208416834 2.24467917898e-11
1.0621242485 2.21807249846e-11
1.08216432866 2.19130669351e-11
1.10220440882 2.16313674729e-11
1.12224448898 2.13600371413e-11
1.14228456914 2.11021541594e-11
1.1623246493 2.07629762814e-11
1.18236472946 2.0429757326e-11
1.20240480962 2.01078616686e-11
1.22244488978 1.97899868529e-11
1.24248496994 1.94783273664e-11
1.2625250501 1.91765925795e-11
1.28256513026 1.88885116681e-11
1.30260521042 1.86208552104e-11
1.32264529058 1.8361469316e-11
1.34268537074 1.81099040971e-11
1.3627254509 1.78960414175e-11
1.38276553106 1.76900930184e-11
1.40280561122 1.74895224378e-11
1.42284569138 1.72719683989e-11
1.44288577154 1.70469866982e-11
1.4629258517 1.6828130323e-11
1.48296593186 1.66180444963e-11
1.50300601202 1.64211181389e-11
1.52304609218 1.62294515426e-11
1.54308617234 1.60446601914e-11
1.56312625251 1.58284034602e-11
1.58316633267 1.56161722336e-11
1.60320641283 1.54093262484e-11
1.62324649299 1.52083440801e-11
1.64328657315 1.50127223028e-11
1.66332665331 1.48216504919e-11
1.68336673347 1.46430586356e-11
1.70340681363 1.44880379427e-11
1.72344689379 1.43366641022e-11
1.74348697395 1.41886679647e-11
1.76352705411 1.39602424288e-11
1.78356713427 1.37344047098e-11
1.80360721443 1.35136443204e-11
1.82364729459 1.33246573084e-11
1.84368737475 1.31547795295e-11
1.86372745491 1.29885880589e-11
1.88376753507 1.28490971101e-11
1.90380761523 1.27635426283e-11
1.92384769539 1.26797895556e-11
1.94388777555 1.25977814317e-11
1.96392785571 1.24291900499e-11
1.98396793587 1.22622469928e-11
2.00400801603 1.20961891646e-11
2.02404809619 1.19422009029e-11
2.04408817635 1.17905316841e-11
2.06412825651 1.16418472058e-11
2.08416833667 1.14966734998e-11
2.10420841683 1.13555911578e-11
2.12424849699 1.12172054083e-11
2.14428857715 1.10814395126e-11
2.16432865731 1.09424005781e-11
2.18436873747 1.08058875005e-11
2.20440881764 1.06718861893e-11
2.2244488978 1.05231042488e-11
2.24448897796 1.03682318685e-11
2.26452905812 1.02161287404e-11
2.28456913828 1.00640962572e-11
2.30460921844 9.9094644188e-12
2.3246492986 9.75752405328e-12
2.34468937876 9.60822535776e-12
2.36472945892 9.4913262134e-12
2.38476953908 9.37641232064e-12
2.40480961924 9.26343341979e-12
2.4248496994 9.1491855349e-12
2.44488977956 9.03529305813e-12
2.46492985972 8.92327032738e-12
2.48496993988 8.7984968854e-12
2.50501002004 8.64778299719e-12
2.5250501002 8.49947956284e-12
2.54509018036 8.35417298572e-12
2.56513026052 8.26859232309e-12
2.58517034068 8.18435173399e-12
2.60521042084 8.1014199096e-12
2.625250501 7.98910281484e-12
2.64529058116 7.86425351082e-12
2.66533066132 7.74129509555e-12
2.68537074148 7.62114491719e-12
2.70541082164 7.50454745178e-12
2.7254509018 7.38967657052e-12
2.74549098196 7.27684877765e-12
2.76553106212 7.18181727433e-12
2.78557114228 7.08816313808e-12
2.80561122244 6.99585656999e-12
2.82565130261 6.86869501006e-12
2.84569138277 6.72730660861e-12
2.86573146293 6.5879062442e-12
2.88577154309 6.46891969174e-12
2.90581162325 6.38396793668e-12
2.92585170341 6.30018764163e-12
2.94589178357 6.21679542328e-12
2.96593186373 6.11148042274e-12
2.98597194389 6.00758679142e-12
3.00601202405 5.90508588742e-12
3.02605210421 5.80234827048e-12
3.04609218437 5.700293406e-12
3.06613226453 5.59957939979e-12
3.08617234469 5.50229407089e-12
3.10621242485 5.40981786123e-12
3.12625250501 5.31853322567e-12
3.14629258517 5.2287689459e-12
3.16633266533 5.14811673356e-12
3.18637274549 5.0684841943e-12
3.20641282565 4.98985207062e-12
3.22645290581 4.89668762442e-12
3.24649298597 4.79844553886e-12
3.26653306613 4.70141394692e-12
3.28657314629 4.60199708954e-12
3.30661322645 4.49804963841e-12
3.32665330661 4.39535937556e-12
3.34669338677 4.29513426617e-12
3.36673346693 4.2182554556e-12
3.38677354709 4.14229028953e-12
3.40681362725 4.06722254483e-12
3.42685370741 3.98916965014e-12
3.44689378758 3.91055107499e-12
3.46693386774 3.83284486649e-12
3.4869739479 3.75732317069e-12
3.50701402806 3.68464933916e-12
3.52705410822 3.61280444546e-12
3.54709418838 3.54123189023e-12
3.56713426854 3.46239961624e-12
3.5871743487 3.38445113019e-12
3.60721442886 3.30737162671e-12
3.62725450902 3.23478835151e-12
3.64729458918 3.16432598359e-12
3.66733466934 3.09463623981e-12
3.6873747495 3.02798696938e-12
3.70741482966 2.96542199837e-12
3.72745490982 2.90353199302e-12
3.74749498998 2.84248902743e-12
3.76753507014 2.78440803819e-12
3.7875751503 2.72694365122e-12
3.80761523046 2.67008608139e-12
3.82765531062 2.60624885163e-12
3.84769539078 2.54047308657e-12
3.86773547094 2.47538084828e-12
3.8877755511 2.41463535453e-12
3.90781563126 2.35970440367e-12
3.92785571142 2.30533559454e-12
3.94789579158 2.25190095234e-12
3.96793587174 2.20317245197e-12
3.9879759519 2.1549351062e-12
4.00801603206 2.10718151325e-12
4.02805611222 2.05538732971e-12
4.04809619238 2.00263660955e-12
4.06813627255 1.95040693995e-12
4.08817635271 1.9021651623e-12
4.10821643287 1.85910056182e-12
4.12825651303 1.81645519064e-12
4.14829659319 1.77406537896e-12
4.16833667335 1.73056723179e-12
4.18837675351 1.68748638686e-12
4.20841683367 1.6448168578e-12
4.22845691383 1.60551871231e-12
4.24849699399 1.56750512174e-12
4.26853707415 1.52984936107e-12
4.28857715431 1.49163937711e-12
4.30861723447 1.45260787302e-12
4.32865731463 1.4139386152e-12
4.34869739479 1.37605101904e-12
4.36873747495 1.34215099286e-12
4.38877755511 1.30856128909e-12
4.40881763527 1.27527765893e-12
4.42885771543 1.24460912862e-12
4.44889779559 1.21488942132e-12
4.46893787575 1.18543688466e-12
4.48897795591 1.1560014465e-12
4.50901803607 1.12652127244e-12
4.52905811623 1.09730256567e-12
4.54909819639 1.0684858876e-12
4.56913827655 1.04103310892e-12
4.58917835671 1.01382061557e-12
4.60921843687 9.8684526137e-13
4.62925851703 9.60400851069e-13
4.64929859719 9.3426610928e-13
4.66933867735 9.08356165231e-13
4.68937875752 8.84025207941e-13
4.70941883768 8.61523095619e-13
4.72945891784 8.39212083349e-13
4.749498998 8.16865320457e-13
4.76953907816 7.93137942828e-13
4.78957915832 7.69609507138e-13
4.80961923848 7.46277517898e-13
4.82965931864 7.25298254785e-13
4.8496993988 7.05047738511e-13
4.86973947896 6.84964219869e-13
4.88977955912 6.65482814043e-13
4.90981963928 6.46661851543e-13
4.92985971944 6.27994199559e-13
4.9498997996 6.09724502872e-13
4.96993987976 5.93175206479e-13
4.98997995992 5.76759095231e-13
5.01002004008 5.60776186144e-13
5.03006012024 5.45199647912e-13
5.0501002004 5.29746968125e-13
5.07014028056 5.15224791276e-13
5.09018036072 5.008337743e-13
5.11022044088 4.86555839746e-13
5.13026052104 4.72389657677e-13
5.1503006012 4.58333918977e-13
5.17034068136 4.45381013352e-13
5.19038076152 4.32592166413e-13
5.21042084168 4.19901874162e-13
5.23046092184 4.07308999786e-13
5.250501002 3.9481242393e-13
5.27054108216 3.83543993056e-13
5.29058116232 3.72487880882e-13
5.31062124248 3.61515360645e-13
5.33066132265 3.50625486239e-13
5.35070140281 3.39817325813e-13
5.37074148297 3.29400561425e-13
5.39078156313 3.19112337915e-13
5.41082164329 3.08900452654e-13
5.43086172345 2.98764057709e-13
5.45090180361 2.88702317685e-13
5.47094188377 2.79700656464e-13
5.49098196393 2.70983144268e-13
5.51102204409 2.62329139379e-13
5.53106212425 2.53737949119e-13
5.55110220441 2.45208890875e-13
5.57114228457 2.37100532265e-13
5.59118236473 2.29152677998e-13
5.61122244489 2.21261686007e-13
5.63126252505 2.13426947193e-13
5.65130260521 2.05647861149e-13
5.67134268537 1.98577405e-13
5.69138276553 1.91788798918e-13
5.71142284569 1.85047908838e-13
5.73146292585 1.78354232547e-13
5.75150300601 1.71707274875e-13
5.77154308617 1.65343199293e-13
5.79158316633 1.59125775503e-13
5.81162324649 1.5295129639e-13
5.83166332665 1.46819317777e-13
5.85170340681 1.40729401606e-13
5.87174348697 1.34970345065e-13
5.89178356713 1.29401302965e-13
5.91182364729 1.23870073218e-13
5.93186372745 1.18376271363e-13
5.95190380762 1.12919518143e-13
5.97194388778 1.08033476084e-13
5.99198396794 1.03511733209e-13
6.0120240481 9.90201812706e-14
6.03206412826 9.45585183455e-14
6.05210420842 9.01264465339e-14
6.07214428858 8.59451715374e-14
6.09218436874 8.19541166366e-14
6.1122244489 7.79892715863e-14
6.13226452906 7.4050378565e-14
6.15230460922 7.01371831317e-14
6.17234468938 6.63779743572e-14
6.19238476954 6.27543300902e-14
6.2124248497 5.91540976284e-14
6.23246492986 5.55770503981e-14
6.25250501002 5.20229647484e-14
6.27254509018 4.87623082398e-14
6.29258517034 4.57977675328e-14
6.3126252505 4.28520768933e-14
6.33266533066 3.99250567516e-14
6.35270541082 3.70165298188e-14
6.37274549098 3.4312914332e-14
6.39278557114 3.18494670034e-14
6.4128256513 2.94014391502e-14
6.43286573146 2.69686861511e-14
6.45290581162 2.45510651941e-14
6.47294589178 2.24251259113e-14
6.49298597194 2.0702499596e-14
6.5130260521 1.89904921315e-14
6.53306613226 1.72890053807e-14
6.55310621242 1.55979424175e-14
6.57314629259 1.41099348228e-14
6.59318637275 1.29529847377e-14
6.61322645291 1.180306077e-14
6.63326653307 1.06600988979e-14
6.65330661323 9.52403587973e-15
6.67334669339 8.43308039283e-15
6.69338677355 7.42498902473e-15
6.71342685371 6.42292826996e-15
6.73346693387 5.42684399322e-15
6.75350701403 4.43668270928e-15
6.77354709419 3.55593172475e-15
6.79358717435 2.92958839625e-15
6.81362725451 2.30693908993e-15
6.83366733467 1.6879510685e-15
6.85370741483 1.0725919838e-15
6.87374749499 5.87808355605e-16
6.89378757515 4.80627749764e-16
6.91382765531 3.74075556815e-16
6.93386773547 2.68146139235e-16
6.95390781563 1.62833929594e-16
6.97394789579 7.79021595473e-17
6.99398797595 6.66802198589e-17
7.01402805611 5.5528262802e-17
7.03406813627 4.44455309488e-17
7.05410821643 3.3431279817e-17
7.07414829659 2.37189592115e-17
7.09418837675 2.0002832489e-17
7.11422845691 1.63126536031e-17
7.13426853707 1.26480673693e-17
7.15430861723 9.00872630376e-18
7.17434869739 5.84258644814e-18
7.19438877756 5.65568477736e-18
7.21442885772 5.47411676374e-18
7.23446893788 5.29772096898e-18
7.25450901804 5.12634093195e-18
7.2745490982 4.96100195397e-18
7.29458917836 4.81210878632e-18
7.31462925852 4.66771957986e-18
7.33466933868 4.52769685456e-18
7.35470941884 4.3919073709e-18
7.374749499 4.26022199747e-18
7.39478957916 4.13251558277e-18
7.41482965932 4.00866683108e-18
7.43486973948 3.88855818223e-18
7.45490981964 3.77207569522e-18
7.4749498998 3.65910893544e-18
7.49498997996 3.54955086554e-18
7.51503006012 3.44329773966e-18
7.53507014028 3.34024900106e-18
7.55511022044 3.24030718296e-18
7.5751503006 3.14337781248e-18
7.59519038076 3.04936931763e-18
7.61523046092 2.95819293723e-18
7.63527054108 2.86976263365e-18
7.65531062124 2.78399500829e-18
7.6753507014 2.70080921977e-18
7.69539078156 2.62012690458e-18
7.71543086172 2.54187210036e-18
7.73547094188 2.46597117146e-18
7.75551102204 2.39235273696e-18
7.7755511022 2.32094760079e-18
7.79559118236 2.25168868421e-18
7.81563126253 2.18451096029e-18
7.83567134269 2.1193513905e-18
7.85571142285 2.05614886321e-18
7.87575150301 1.99484413423e-18
7.89579158317 1.93537976912e-18
7.91583166333 1.87770008731e-18
7.93587174349 1.821751108e-18
7.95591182365 1.76748049776e-18
7.97595190381 1.71483751968e-18
7.99599198397 1.66377298421e-18
8.01603206413 1.61423920149e-18
8.03607214429 1.56618993513e-18
8.05611222445 1.51958035751e-18
8.07615230461 1.47436700638e-18
8.09619238477 1.43050774289e-18
8.11623246493 1.38796171088e-18
8.13627254509 1.34668929746e-18
8.15631262525 1.30665209481e-18
8.17635270541 1.26781286312e-18
8.19639278557 1.23013549478e-18
8.21643286573 1.1935849796e-18
8.23647294589 1.15812737114e-18
8.25651302605 1.12372975405e-18
8.27655310621 1.09036021252e-18
8.29659318637 1.05798779957e-18
8.31663326653 1.02658250741e-18
8.33667334669 9.96115238635e-19
8.35671342685 9.6655777839e-19
8.37675350701 9.37882767315e-19
8.39679358717 9.10063675383e-19
8.41683366733 8.8307477653e-19
8.43687374749 8.56891124065e-19
8.45691382766 8.31488526849e-19
8.47695390782 8.06843526201e-19
8.49699398798 7.82933373523e-19
8.51703406814 7.59736008614e-19
8.5370741483 7.37230038652e-19
8.55711422846 7.15394717824e-19
8.57715430862 6.94209927589e-19
8.59719438878 6.73656157542e-19
8.61723446894 6.53714486871e-19
8.6372745491 6.34366566388e-19
8.65731462926 6.15594601107e-19
8.67735470942 5.97381333362e-19
8.69739478958 5.79710026446e-19
8.71743486974 5.62564448749e-19
8.7374749499 5.45928858386e-19
8.75751503006 5.29787988295e-19
8.77755511022 5.14127031799e-19
8.79759519038 4.98931628602e-19
8.81763527054 4.84187851224e-19
8.8376753507 4.69882191846e-19
8.85771543086 4.56001549561e-19
8.87775551102 4.42533218017e-19
8.89779559118 4.29464873435e-19
8.91783567134 4.16784562999e-19
8.9378757515 4.04480693599e-19
8.95791583166 3.92542020919e-19
8.97795591182 3.80957638857e-19
8.99799599198 3.69716969275e-19
9.01803607214 3.58809752056e-19
9.0380761523 3.48226035467e-19
9.05811623246 3.3795616682e-19
9.07815631263 3.27990783413e-19
9.09819639279 3.18320803752e-19
9.11823647295 3.08937419038e-19
9.13827655311 2.9983208492e-19
9.15831663327 2.90996513489e-19
9.17835671343 2.82422665527e-19
9.19839679359 2.74102742987e-19
9.21843687375 2.66029181703e-19
9.23847695391 2.58194644323e-19
9.25851703407 2.50592013456e-19
9.27855711423 2.43214385031e-19
9.29859719439 2.36055061853e-19
9.31863727455 2.29107547362e-19
9.33867735471 2.22365539574e-19
9.35871743487 2.15822925216e-19
9.37875751503 2.09473774027e-19
9.39879759519 2.03312333247e-19
9.41883767535 1.97333022259e-19
9.43887775551 1.91530427407e-19
9.45891783567 1.85899296961e-19
9.47895791583 1.8043453624e-19
9.49899799599 1.75131202884e-19
9.51903807615 1.69984502264e-19
9.53907815631 1.64989783041e-19
9.55911823647 1.60142532848e-19
9.57915831663 1.55438374114e-19
9.59919839679 1.50873060004e-19
9.61923847695 1.46442470491e-19
9.63927855711 1.42142608546e-19
9.65931863727 1.37969596435e-19
9.67935871743 1.33919672138e-19
9.6993987976 1.29989185872e-19
9.71943887776 1.26174596721e-19
9.73947895792 1.22472469365e-19
9.75951903808 1.18879470911e-19
9.77955911824 1.15392367817e-19
9.7995991984 1.12008022914e-19
9.81963927856 1.08723392512e-19
9.83967935872 1.05535523597e-19
9.85971943888 1.02441551114e-19
9.87975951904 9.94386953258e-20
9.8997995992 0.0
9.91983967936 0.0
9.93987975952 0.0
9.95991983968 0.0
9.97995991984 0.0
10.0 0.0
