0.0 0.0
0.0200400801603 0.0
0.0400801603206 0.0
0.060120240481 0.0
0.0801603206413 0.0
0.100200400802 0.0
0.120240480962 0.0
0.140280561122 0.0
0.160320641283 0.0
0.180360721443 0.0
0.200400801603 0.0
0.220440881764 0.0
0.240480961924 0.0
0.260521042084 0.0
0.280561122244 7.87602589394e-11
0.300601202405 5.34004706054e-11
0.320641282565 4.76353386678e-11
0.340681362725 4.63040134937e-11
0.360721442886 4.51975152174e-11
0.380761523046 4.4627090349e-11
0.400801603206 4.43947254668e-11
0.420841683367 4.43863409408e-11
0.440881763527 4.45122243658e-11
0.460921843687 4.47038106278e-11
0.480961923848 4.49051505926e-11
0.501002004008 4.50433809546e-11
0.521042084168 4.52063511218e-11
0.541082164329 4.53798468891e-11
0.561122244489 4.5546284532e-11
0.581162324649 4.57181454627e-11
0.60120240481 4.5892224718e-11
0.62124248497 4.60371838711e-11
0.64128256513 4.61635213547e-11
0.661322645291 4.62927218026e-11
0.681362725451 4.63609342578e-11
0.701402805611 4.62459031886e-11
0.721442885772 4.61458083149e-11
0.741482965932 4.60558877048e-11
0.761523046092 4.59140765098e-11
0.781563126253 4.57801820809e-11
0.801603206413 4.56604311995e-11
0.821643286573 4.53708603712e-11
0.841683366733 4.49763366126e-11
0.861723446894 4.4604791322e-11
0.881763527054 4.41573358796e-11
0.901803607214 4.34658656664e-11
0.921843687375 4.28096186473e-11
0.941883767535 4.21849132298e-11
0.961923847695 4.1445800701e-11
0.981963927856 4.07301049837e-11
1.00200400802 4.00485642791e-11
1.02204408818 3.94628479581e-11
1.04208416834 3.89449633714e-11
1.0621242485 3.8447995149e-11
1.08216432866 3.79531882063e-11
1.10220440882 3.74366643089e-11
1.12224448898 3.69405682663e-11
1.14228456914 3.64674031823e-11
1.1623246493 3.5855562505e-11
1.18236472946 3.52561883781e-11
1.20240480962 3.4678402911e-11
1.22244488978 3.41094005991e-11
1.24248496994 3.35528048767e-11
1.2625250501 3.30150046259e-11
1.28256513026 3.25024751933e-11
1.30260521042 3.20264283249e-11
1.32264529058 3.1565794681e-11
1.34268537074 3.11197526196e-11
1.3627254509 3.07395833615e-11
1.38276553106 3.03739041457e-11
1.40280561122 3.00187167124e-11
1.42284569138 2.96353374093e-11
1.44288577154 2.92399074522e-11
1.4629258517 2.88557695587e-11
1.48296593186 2.84875390623e-11
1.50300601202 2.81424666711e-11
1.52304609218 2.78069439796e-11
1.54308617234 2.74824188535e-11
1.56312625251 2.71043877109e-11
1.58316633267 2.67337499965e-11
1.60320641283 2.63727951052e-11
1.62324649299 2.60223151155e-11
1.64328657315 2.5681422181e-11
1.66332665331 2.53488548363e-11
1.68336673347 2.50383474564e-11
1.70340681363 2.47685058868e-11
1.72344689379 2.4505189083e-11
1.74348697395 2.42480178097e-11
1.76352705411 2.38535020323e-11
1.78356713427 2.34637011472e-11
1.80360721443 2.30828467566e-11
1.82364729459 2.27565694441e-11
1.84368737475 2.24631854882e-11
1.86372745491 2.21763064344e-11
1.88376753507 2.19352500961e-11
1.90380761523 2.17865242388e-11
1.92384769539 2.1641009803e-11
1.94388777555 2.14986029478e-11
1.96392785571 2.12084365317e-11
1.98396793587 2.09212405088e-11
2.00400801603 2.06374415046e-11
2.02404809619 2.03706935947e-11
2.04408817635 2.01098994047e-11
2.06412825651 1.98543116061e-11
2.08416833667 1.96048215729e-11
2.10420841683 1.93624137086e-11
2.12424849699 1.91247018202e-11
2.14428857715 1.88915497424e-11
2.16432865731 1.86528998549e-11
2.18436873747 1.84186418809e-11
2.20440881764 1.81887473035e-11
2.2244488978 1.79337215463e-11
2.24448897796 1.76683876644e-11
2.26452905812 1.74078520622e-11
2.28456913828 1.71475097194e-11
2.30460921844 1.68828061761e-11
2.3246492986 1.66227589245e-11
2.34468937876 1.63672794798e-11
2.36472945892 1.61670824776e-11
2.38476953908 1.59703200241e-11
2.40480961924 1.57769039274e-11
2.4248496994 1.55813723064e-11
2.44488977956 1.53864917555e-11
2.46492985972 1.51948406298e-11
2.48496993988 1.49815093e-11
2.50501002004 1.47240321489e-11
2.5250501002 1.44707088064e-11
2.54509018036 1.42225357055e-11
2.56513026052 1.40761293282e-11
2.58517034068 1.3932034983e-11
2.60521042084 1.37901980185e-11
2.625250501 1.35983495179e-11
2.64529058116 1.33851939631e-11
2.66533066132 1.31752916705e-11
2.68537074148 1.29702029287e-11
2.70541082164 1.27711934454e-11
2.7254509018 1.25751525469e-11
2.74549098196 1.23826176946e-11
2.76553106212 1.22204030329e-11
2.78557114228 1.20605559981e-11
2.80561122244 1.19030248665e-11
2.82565130261 1.16861925669e-11
2.84569138277 1.1445173752e-11
2.86573146293 1.12075658509e-11
2.88577154309 1.10047237602e-11
2.90581162325 1.08598208334e-11
2.92585170341 1.07169285608e-11
2.94589178357 1.05747132685e-11
2.96593186373 1.03952131339e-11
2.98597194389 1.02181499813e-11
3.00601202405 1.00434742938e-11
3.02605210421 9.86841319308e-12
3.04609218437 9.69453046607e-12
3.06613226453 9.5229450739e-12
3.08617234469 9.35720790672e-12
3.10621242485 9.19966611219e-12
3.12625250501 9.04416512232e-12
3.14629258517 8.89126360304e-12
3.16633266533 8.75387337478e-12
3.18637274549 8.61822904014e-12
3.20641282565 8.4842973924e-12
3.22645290581 8.32566153875e-12
3.24649298597 8.15840252616e-12
3.26653306613 7.99321438338e-12
3.28657314629 7.82398188347e-12
3.30661322645 7.64705697058e-12
3.32665330661 7.47228181443e-12
3.34669338677 7.30170996345e-12
3.36673346693 7.17084605937e-12
3.38677354709 7.04154427978e-12
3.40681362725 6.91377671579e-12
3.42685370741 6.78094184568e-12
3.44689378758 6.64715338654e-12
3.46693386774 6.51492409436e-12
3.4869739479 6.3864164303e-12
3.50701402806 6.26275767615e-12
3.52705410822 6.14051513143e-12
3.54709418838 6.01874234016e-12
3.56713426854 5.88463517056e-12
3.5871743487 5.75203736904e-12
3.60721442886 5.620923512e-12
3.62725450902 5.49745899395e-12
3.64729458918 5.37760566035e-12
3.66733466934 5.25907141698e-12
3.6873747495 5.14571073257e-12
3.70741482966 5.03929732943e-12
3.72745490982 4.93403604617e-12
3.74749498998 4.83021916902e-12
3.76753507014 4.73144099684e-12
3.7875751503 4.63371509331e-12
3.80761523046 4.53702468045e-12
3.82765531062 4.42847659774e-12
3.84769539078 4.31663851526e-12
3.86773547094 4.20596648371e-12
3.8877755511 4.10268555522e-12
3.90781563126 4.00928956077e-12
3.92785571142 3.91685238546e-12
3.94789579158 3.8260060906e-12
3.96793587174 3.74316011635e-12
3.9879759519 3.66115173797e-12
4.00801603206 3.57996828003e-12
4.02805611222 3.49192195917e-12
4.04809619238 3.40225333522e-12
4.06813627255 3.3134730391e-12
4.08817635271 3.23147149824e-12
4.10821643287 3.15826904119e-12
4.12825651303 3.08578121887e-12
4.14829659319 3.01372987743e-12
4.16833667335 2.93979769283e-12
4.18837675351 2.86657673327e-12
4.20841683367 2.79405675769e-12
4.22845691383 2.72726665534e-12
4.24849699399 2.66266082024e-12
4.26853707415 2.59866472917e-12
4.28857715431 2.5337288705e-12
4.30861723447 2.46739915444e-12
4.32865731463 2.40168661106e-12
4.34869739479 2.33730368852e-12
4.36873747495 2.2796964351e-12
4.38877755511 2.22261781943e-12
4.40881763527 2.16606057978e-12
4.42885771543 2.11394705461e-12
4.44889779559 2.06344656419e-12
4.46893787575 2.01340112418e-12
4.48897795591 1.96338591226e-12
4.50901803607 1.91329587392e-12
4.52905811623 1.86365111542e-12
4.54909819639 1.81469036112e-12
4.56913827655 1.76804738668e-12
4.58917835671 1.72181357011e-12
4.60921843687 1.67598353835e-12
4.62925851703 1.63105629855e-12
4.64929859719 1.58665596901e-12
4.66933867735 1.5426383666e-12
4.68937875752 1.50130352271e-12
4.70941883768 1.4630757174e-12
4.72945891784 1.42517323174e-12
4.749498998 1.38721075611e-12
4.76953907816 1.34690415159e-12
4.78957915832 1.30693618246e-12
4.80961923848 1.26730258958e-12
4.82965931864 1.23166549568e-12
4.8496993988 1.19726670157e-12
4.86973947896 1.16315212845e-12
4.88977955912 1.13006072315e-12
4.90981963928 1.09809151302e-12
4.92985971944 1.06638320414e-12
4.9498997996 1.03535125559e-12
4.96993987976 1.00724149495e-12
4.98997995992 9.79358364467e-13
5.01002004008 9.52211350135e-13
5.03006012024 9.25754862675e-13
5.0501002004 8.995091167e-13
5.07014028056 8.74843935972e-13
5.09018036072 8.50401853656e-13
5.11022044088 8.26152161378e-13
5.13026052104 8.02092591655e-13
5.1503006012 7.78220912581e-13
5.17034068136 7.56222315243e-13
5.19038076152 7.34502611137e-13
5.21042084168 7.12950558146e-13
5.23046092184 6.91564218551e-13
5.250501002 6.70341684451e-13
5.27054108216 6.51204893618e-13
5.29058116232 6.32428875494e-13
5.31062124248 6.13795036785e-13
5.33066132265 5.95301765267e-13
5.35070140281 5.76947473056e-13
5.37074148297 5.59257995816e-13
5.39078156313 5.41786991769e-13
5.41082164329 5.24445815104e-13
5.43086172345 5.07233021152e-13
5.45090180361 4.90147186646e-13
5.47094188377 4.74861505651e-13
5.49098196393 4.60058461738e-13
5.51102204409 4.45363410525e-13
5.53106212425 4.30775172174e-13
5.55110220441 4.16292584013e-13
5.57114228457 4.02524453074e-13
5.59118236473 3.89028983004e-13
5.61122244489 3.75630196099e-13
5.63126252505 3.62327055063e-13
5.65130260521 3.49118537421e-13
5.67134268537 3.37113295394e-13
5.69138276553 3.25586704557e-13
5.71142284569 3.14141236408e-13
5.73146292585 3.0277603588e-13
5.75150300601 2.91490259909e-13
5.77154308617 2.80684864581e-13
5.79158316633 2.70128550597e-13
5.81162324649 2.59645240987e-13
5.83166332665 2.49234179608e-13
5.85170340681 2.38894620749e-13
5.87174348697 2.29116869569e-13
5.89178356713 2.19661797148e-13
5.91182364729 2.10270998492e-13
5.93186372745 2.00943819219e-13
5.95190380762 1.91679613822e-13
5.97194388778 1.83384386892e-13
5.99198396794 1.75707696994e-13
6.0120240481 1.68082320014e-13
6.03206412826 1.605077422e-13
6.05210420842 1.52983456653e-13
6.07214428858 1.45884997326e-13
6.09218436874 1.39109518898e-13
6.1122244489 1.32378583251e-13
6.13226452906 1.2569175175e-13
6.15230460922 1.19048591513e-13
6.17234468938 1.12666889713e-13
6.19238476954 1.06515368629e-13
6.2124248497 1.00403632211e-13
6.23246492986 9.43312950304e-14
6.25250501002 8.8297976638e-14
6.27254509018 8.27628217923e-14
6.29258517034 7.77303848618e-14
6.3126252505 7.27299772111e-14
6.33266533066 6.77612934511e-14
6.35270541082 6.28240320728e-14
6.37274549098 5.82346495429e-14
6.39278557114 5.40529918724e-14
6.4128256513 4.98975317218e-14
6.43286573146 4.57680231957e-14
6.45290581162 4.16642234748e-14
6.47294589178 3.80555839227e-14
6.49298597194 3.51315957655e-14
6.5130260521 3.22256455934e-14
6.53306613226 2.93375666374e-14
6.55310621242 2.64671941849e-14
6.57314629259 2.394152019e-14
6.59318637275 2.19778237962e-14
6.61322645291 2.00260596337e-14
6.63326653307 1.80861189885e-14
6.65330661323 1.6157894469e-14
6.67334669339 1.43062441173e-14
6.69338677355 1.2595257671e-14
6.71342685371 1.08945120868e-14
6.73346693387 9.20391545336e-15
6.75350701403 7.52337696062e-15
6.77354709419 6.02856021003e-15
6.79358717435 4.96558712108e-15
6.81362725451 3.90888466766e-15
6.83366733467 2.85839733653e-15
6.85370741483 1.81407027165e-15
6.87374749499 9.91384290822e-16
6.89378757515 8.09644062577e-16
6.91382765531 6.28965821311e-16
6.93386773547 4.49340152679e-16
6.95390781563 2.70757756237e-16
6.97394789579 1.26764637498e-16
6.99398797595 1.07880995371e-16
7.01402805611 8.91112534896e-17
7.03406813627 7.04542772254e-17
7.05410821643 5.19089492145e-17
7.07414829659 3.55690222555e-17
7.09418837675 2.94024575306e-17
7.11422845691 2.32756900229e-17
7.13426853707 1.71882472055e-17
7.15430861723 1.11396655789e-17
7.17434869739 5.8904003472e-18
7.19438877756 5.694143792e-18
7.21442885772 5.50327612921e-18
7.23446893788 5.31763535489e-18
7.25450901804 5.13706445215e-18
7.2745490982 4.96340887453e-18
7.29458917836 4.81443064386e-18
7.31462925852 4.66995943143e-18
7.33466933868 4.52985764534e-18
7.35470941884 4.39399193833e-18
7.374749499 4.2622330753e-18
7.39478957916 4.13445580489e-18
7.41482965932 4.01053873529e-18
7.43486973948 3.89036421377e-18
7.45490981964 3.77381821024e-18
7.4749498998 3.6607902043e-18
7.49498997996 3.551173076e-18
7.51503006012 3.44486299993e-18
7.53507014028 3.34175934277e-18
7.55511022044 3.24176456398e-18
7.5751503006 3.14478411965e-18
7.59519038076 3.0507263694e-18
7.61523046092 2.95950248617e-18
7.63527054108 2.87102636888e-18
7.65531062124 2.78521455785e-18
7.6753507014 2.70198615282e-18
7.69539078156 2.62126273363e-18
7.71543086172 2.5429682833e-18
7.73547094188 2.46702911362e-18
7.75551102204 2.39337379297e-18
7.7755511022 2.32193307651e-18
7.79559118236 2.2526398385e-18
7.81563126253 2.18542900671e-18
7.83567134269 2.12023749899e-18
7.85571142285 2.05700416168e-18
7.87575150301 1.9956697101e-18
7.89579158317 1.9361766708e-18
7.91583166333 1.87846932562e-18
7.93587174349 1.82249365755e-18
7.95591182365 1.76819729826e-18
7.97595190381 1.71552947721e-18
7.99599198397 1.66444097247e-18
8.01603206413 1.61488406295e-18
8.03607214429 1.56681248218e-18
8.05611222445 1.52018137353e-18
8.07615230461 1.47494724682e-18
8.09619238477 1.43106793629e-18
8.11623246493 1.38850255982e-18
8.13627254509 1.34721147951e-18
8.15631262525 1.30715626342e-18
8.17635270541 1.26829964854e-18
8.19639278557 1.23060550485e-18
8.21643286573 1.19403880058e-18
8.23647294589 1.15856556847e-18
8.25651302605 1.12415287315e-18
8.27655310621 1.09076877946e-18
8.29659318637 1.05838232179e-18
8.31663326653 1.02696347438e-18
8.33667334669 9.96483122529e-19
8.35671342685 9.66913034669e-19
8.37675350701 9.38225835352e-19
8.39679358717 9.10394979036e-19
8.41683366733 8.83394724698e-19
8.43687374749 8.57200111225e-19
8.45691382766 8.31786933571e-19
8.47695390782 8.07131719648e-19
8.49699398798 7.83211707932e-19
8.51703406814 7.60004825754e-19
8.5370741483 7.37489668274e-19
8.55711422846 7.15645478089e-19
8.57715430862 6.94452125481e-19
8.59719438878 6.73890089267e-19
8.61723446894 6.53940438242e-19
8.6372745491 6.34584813195e-19
8.65731462926 6.15805409473e-19
8.67735470942 5.97584960089e-19
8.69739478958 5.79906719346e-19
8.71743486974 5.62754446961e-19
8.7374749499 5.46112392687e-19
8.75751503006 5.29965281398e-19
8.77755511022 5.14298298634e-19
8.79759519038 4.99097076596e-19
8.81763527054 4.84347680567e-19
8.8376753507 4.70036595746e-19
8.85771543086 4.56150714491e-19
8.87775551102 4.42677323952e-19
8.89779559118 4.29604094087e-19
8.91783567134 4.16919066032e-19
8.9378757515 4.04610640846e-19
8.95791583166 3.92667568587e-19
8.97795591182 3.81078937725e-19
8.99799599198 3.69834164887e-19
9.01803607214 3.58922984904e-19
9.0380761523 3.48335441168e-19
9.05811623246 3.38061876289e-19
9.07815631263 3.28092923028e-19
9.09819639279 3.18419495513e-19
9.11823647295 3.09032780724e-19
9.13827655311 2.99924230232e-19
9.15831663327 2.91085552195e-19
9.17835671343 2.82508703603e-19
9.19839679359 2.74185882746e-19
9.21843687375 2.66109521925e-19
9.23847695391 2.58272280378e-19
9.25851703407 2.50667037424e-19
9.27855711423 2.43286885817e-19
9.29859719439 2.36125125299e-19
9.31863727455 2.29175256351e-19
9.33867735471 2.22430974136e-19
9.35871743487 2.15886162627e-19
9.37875751503 2.09534888904e-19
9.39879759519 2.03371397643e-19
9.41883767535 1.9739010575e-19
9.43887775551 1.91585597179e-19
9.45891783567 1.85952617894e-19
9.47895791583 1.80486070986e-19
9.49899799599 1.75181011947e-19
9.51903807615 1.70032644075e-19
9.53907815631 1.65036314026e-19
9.55911823647 1.60187507503e-19
9.57915831663 1.55481845066e-19
9.59919839679 1.50915078082e-19
9.61923847695 1.46483084786e-19
9.63927855711 1.42181866467e-19
9.65931863727 1.38007543773e-19
9.67935871743 1.3395635312e-19
9.6993987976 1.30024643216e-19
9.71943887776 1.26208871685e-19
9.73947895792 1.225056018e-19
9.75951903808 1.1891149931e-19
9.77955911824 1.1542332936e-19
9.7995991984 1.12037953516e-19
9.81963927856 1.08752326865e-19
9.83967935872 1.05563495211e-19
9.85971943888 1.02468592359e-19
9.87975951904 9.94648374716e-20
9.8997995992 0.0
9.91983967936 0.0
9.93987975952 0.0
9.95991983968 0.0
9.97995991984 0.0
10.0 0.0
