0.0 0.0
0.0200400801603 0.0
0.0400801603206 0.0
0.060120240481 0.0
0.0801603206413 0.0
0.100200400802 0.0
0.120240480962 0.0
0.140280561122 0.0
0.160320641283 0.0
0.180360721443 0.0
0.200400801603 0.0
0.220440881764 0.0
0.240480961924 0.0
0.260521042084 0.0
0.280561122244 0.0
0.300601202405 0.0
0.320641282565 0.0
0.340681362725 0.0
0.360721442886 0.0
0.380761523046 0.0
0.400801603206 0.0
0.420841683367 3.17037292602e-11
0.440881763527 2.06117307877e-11
0.460921843687 1.7140800516e-11
0.480961923848 1.53728494314e-11
0.501002004008 1.42732130513e-11
0.521042084168 1.3535871869e-11
0.541082164329 1.30039794087e-11
0.561122244489 1.26035684318e-11
0.581162324649 1.22960141798e-11
0.60120240481 1.20526884241e-11
0.62124248497 1.18494024314e-11
0.64128256513 1.16787280761e-11
0.661322645291 1.15385562832e-11
0.681362725451 1.14086541268e-11
0.701402805611 1.12538512254e-11
0.721442885772 1.11187935296e-11
0.741482965932 1.0997189505e-11
0.761523046092 1.08746808424e-11
0.781563126253 1.07637976644e-11
0.801603206413 1.06662932746e-11
0.821643286573 1.05381771576e-11
0.841683366733 1.03925714878e-11
0.861723446894 1.02574359409e-11
0.881763527054 1.01088185057e-11
0.901803607214 9.90999669295e-12
0.921843687375 9.72355212433e-12
0.941883767535 9.54726633824e-12
0.961923847695 9.34895727609e-12
0.981963927856 9.15912980351e-12
1.00200400802 8.98126082293e-12
1.02204408818 8.8280370755e-12
1.04208416834 8.69191849416e-12
1.0621242485 8.56138188736e-12
1.08216432866 8.43070767106e-12
1.10220440882 8.29695072398e-12
1.12224448898 8.16921588184e-12
1.14228456914 8.05095810013e-12
1.1623246493 7.90377301508e-12
1.18236472946 7.76044737656e-12
1.20240480962 7.6228242983e-12
1.22244488978 7.4880385234e-12
1.24248496994 7.35682205623e-12
1.2625250501 7.23033668123e-12
1.28256513026 7.10970149807e-12
1.30260521042 6.99764987965e-12
1.32264529058 6.88955664938e-12
1.34268537074 6.78513441192e-12
1.3627254509 6.69545744154e-12
1.38276553106 6.60938070024e-12
1.40280561122 6.52549960794e-12
1.42284569138 6.43567903013e-12
1.44288577154 6.34368324158e-12
1.4629258517 6.25439776624e-12
1.48296593186 6.16864076501e-12
1.50300601202 6.08820804412e-12
1.52304609218 6.01015105099e-12
1.54308617234 5.93624629214e-12
1.56312625251 5.85116811881e-12
1.58316633267 5.76791655151e-12
1.60320641283 5.68697561763e-12
1.62324649299 5.60849453572e-12
1.64328657315 5.53226305694e-12
1.66332665331 5.45782005824e-12
1.68336673347 5.38787820183e-12
1.70340681363 5.32679776162e-12
1.72344689379 5.26727092317e-12
1.74348697395 5.20909264587e-12
1.76352705411 5.12176096683e-12
1.78356713427 5.03559543916e-12
1.80360721443 4.95149982593e-12
1.82364729459 4.87918455676e-12
1.84368737475 4.81400529844e-12
1.86372745491 4.75033010183e-12
1.88376753507 4.69652242841e-12
1.90380761523 4.66246629869e-12
1.92384769539 4.62917955512e-12
1.94388777555 4.59663591377e-12
1.96392785571 4.5327509652e-12
1.98396793587 4.4695890696e-12
2.00400801603 4.40524159397e-12
2.02404809619 4.34884387233e-12
2.04408817635 4.29164762128e-12
2.06412825651 4.23564458312e-12
2.08416833667 4.18101952386e-12
2.10420841683 4.12797702854e-12
2.12424849699 4.0760063577e-12
2.14428857715 4.02507485781e-12
2.16432865731 3.97304521034e-12
2.18436873747 3.92201302238e-12
2.20440881764 3.87196902625e-12
2.2244488978 3.81665629989e-12
2.24448897796 3.75921771305e-12
2.26452905812 3.70285397566e-12
2.28456913828 3.64658636142e-12
2.30460921844 3.58944763215e-12
2.3246492986 3.53334656237e-12
2.34468937876 3.47826195785e-12
2.36472945892 3.43493237783e-12
2.38476953908 3.39237157003e-12
2.40480961924 3.35055897024e-12
2.4248496994 3.3083365041e-12
2.44488977956 3.26628853518e-12
2.46492985972 3.22495932911e-12
2.48496993988 3.17907606517e-12
2.50501002004 3.12388578577e-12
2.5250501002 3.06960908047e-12
2.54509018036 3.01645514819e-12
2.56513026052 2.98485789737e-12
2.58517034068 2.95377537123e-12
2.60521042084 2.92319492778e-12
2.625250501 2.88206377569e-12
2.64529058116 2.83645310611e-12
2.66533066132 2.79155539136e-12
2.68537074148 2.74769934572e-12
2.70541082164 2.70515133637e-12
2.7254509018 2.66325280309e-12
2.74549098196 2.62211638034e-12
2.76553106212 2.58740676011e-12
2.78557114228 2.55321587388e-12
2.80561122244 2.51953203562e-12
2.82565130261 2.47333879223e-12
2.84569138277 2.42205561959e-12
2.86573146293 2.37151175844e-12
2.88577154309 2.32832802165e-12
2.90581162325 2.2973954679e-12
2.92585170341 2.26690142093e-12
2.94589178357 2.23656374533e-12
2.96593186373 2.19836758423e-12
2.98597194389 2.16069959709e-12
3.00601202405 2.12354878139e-12
3.02605210421 2.08632933479e-12
3.04609218437 2.04937091926e-12
3.06613226453 2.01290924396e-12
3.08617234469 1.97769317695e-12
3.10621242485 1.94421740067e-12
3.12625250501 1.91118262311e-12
3.14629258517 1.87870631334e-12
3.16633266533 1.84951212861e-12
3.18637274549 1.8206952055e-12
3.20641282565 1.79224819989e-12
3.22645290581 1.75859848253e-12
3.24649298597 1.72313858979e-12
3.26653306613 1.68812407975e-12
3.28657314629 1.65226491196e-12
3.30661322645 1.6147916384e-12
3.32665330661 1.57777978423e-12
3.34669338677 1.54166206945e-12
3.36673346693 1.51392454534e-12
3.38677354709 1.48652281017e-12
3.40681362725 1.45945074323e-12
3.42685370741 1.43131634336e-12
3.44689378758 1.40298682731e-12
3.46693386774 1.37499175755e-12
3.4869739479 1.34778676299e-12
3.50701402806 1.32160919486e-12
3.52705410822 1.29573522826e-12
3.54709418838 1.26996519633e-12
3.56713426854 1.24160035385e-12
3.5871743487 1.21355847385e-12
3.60721442886 1.18583402336e-12
3.62725450902 1.15972608807e-12
3.64729458918 1.13438340871e-12
3.66733466934 1.10932279449e-12
3.6873747495 1.08535626919e-12
3.70741482966 1.06285732329e-12
3.72745490982 1.04060469117e-12
3.74749498998 1.01865982863e-12
3.76753507014 9.97779845128e-13
3.7875751503 9.77124715266e-13
3.80761523046 9.56690795237e-13
3.82765531062 9.33761971146e-13
3.84769539078 9.10143178879e-13
3.86773547094 8.86773032475e-13
3.8877755511 8.64962634072e-13
3.90781563126 8.45237022995e-13
3.92785571142 8.25715906673e-13
3.94789579158 8.06532319562e-13
3.96793587174 7.89036039247e-13
3.9879759519 7.71718374479e-13
4.00801603206 7.54576581814e-13
4.02805611222 7.35991633904e-13
4.04809619238 7.17067170335e-13
4.06813627255 6.98331844498e-13
4.08817635271 6.81025934332e-13
4.10821643287 6.65574677671e-13
4.12825651303 6.50275625732e-13
4.14829659319 6.35070155782e-13
4.16833667335 6.1947031186e-13
4.18837675351 6.04021821419e-13
4.20841683367 5.88722475884e-13
4.22845691383 5.74630959714e-13
4.24849699399 5.61000703808e-13
4.26853707415 5.47500169421e-13
4.28857715431 5.33803117583e-13
4.30861723447 5.1981393918e-13
4.32865731463 5.05955954481e-13
4.34869739479 4.92379092999e-13
4.36873747495 4.80229670964e-13
4.38877755511 4.68192622093e-13
4.40881763527 4.56266383134e-13
4.42885771543 4.45276497544e-13
4.44889779559 4.3462708757e-13
4.46893787575 4.2407438435e-13
4.48897795591 4.13528947645e-13
4.50901803607 4.02968644784e-13
4.52905811623 3.92502915923e-13
4.54909819639 3.82181974872e-13
4.56913827655 3.72349620494e-13
4.58917835671 3.62604142794e-13
4.60921843687 3.52944387318e-13
4.62925851703 3.43475340848e-13
4.64929859719 3.34117876906e-13
4.66933867735 3.24841631975e-13
4.68937875752 3.16130570531e-13
4.70941883768 3.08073923295e-13
4.72945891784 3.00086316441e-13
4.749498998 2.92086657665e-13
4.76953907816 2.83594327653e-13
4.78957915832 2.7517381041e-13
4.80961923848 2.66824192897e-13
4.82965931864 2.59315967093e-13
4.8496993988 2.52068764435e-13
4.86973947896 2.44881829515e-13
4.88977955912 2.37910614523e-13
4.90981963928 2.31175932182e-13
4.92985971944 2.24496560034e-13
4.9498997996 2.17959889374e-13
4.96993987976 2.12038370972e-13
4.98997995992 2.06164896665e-13
5.01002004008 2.00446635706e-13
5.03006012024 1.94873982306e-13
5.0501002004 1.8934599299e-13
5.07014028056 1.8415081361e-13
5.09018036072 1.79002870145e-13
5.11022044088 1.73895693829e-13
5.13026052104 1.68828799067e-13
5.1503006012 1.63801708e-13
5.17034068136 1.5916888337e-13
5.19038076152 1.54594978281e-13
5.21042084168 1.50056585866e-13
5.23046092184 1.45553291388e-13
5.250501002 1.41084686592e-13
5.27054108216 1.37055006875e-13
5.29058116232 1.33101420698e-13
5.31062124248 1.29177944584e-13
5.33066132265 1.25284233569e-13
5.35070140281 1.21419947979e-13
5.37074148297 1.17695674547e-13
5.39078156313 1.14017531609e-13
5.41082164329 1.10366870059e-13
5.43086172345 1.06743381063e-13
5.45090180361 1.03146760436e-13
5.47094188377 9.9928883864e-14
5.49098196393 9.68126579586e-14
5.51102204409 9.37192881761e-14
5.53106212425 9.06485223249e-14
5.55110220441 8.76001119404e-14
5.57114228457 8.47020808406e-14
5.59118236473 8.18615155401e-14
5.61122244489 7.90414052709e-14
5.63126252505 7.62415284621e-14
5.65130260521 7.34616667575e-14
5.67134268537 7.09349458504e-14
5.69138276553 6.85089818444e-14
5.71142284569 6.61001781129e-14
5.73146292585 6.37083520348e-14
5.75150300601 6.1333323593e-14
5.77154308617 5.90593994389e-14
5.79158316633 5.68379394923e-14
5.81162324649 5.46319170989e-14
5.83166332665 5.24411708755e-14
5.85170340681 5.02655416992e-14
5.87174348697 4.82081191418e-14
5.89178356713 4.62186191933e-14
5.91182364729 4.42427068992e-14
5.93186372745 4.22802426629e-14
5.95190380762 4.03310888093e-14
5.97194388778 3.85857317293e-14
5.99198396794 3.69704845093e-14
6.0120240481 3.53660850303e-14
6.03206412826 3.37724236618e-14
6.05210420842 3.21893922589e-14
6.07214428858 3.06959422071e-14
6.09218436874 2.92704478146e-14
6.1122244489 2.7854367877e-14
6.13226452906 2.64476088251e-14
6.15230460922 2.50500783371e-14
6.17234468938 2.37075611896e-14
6.19238476954 2.24134794723e-14
6.2124248497 2.11278041461e-14
6.23246492986 1.98504530379e-14
6.25250501002 1.85813450522e-14
6.27254509018 1.74170026835e-14
6.29258517034 1.6358380086e-14
6.3126252505 1.53065251519e-14
6.33266533066 1.42613727529e-14
6.35270541082 1.32228586021e-14
6.37274549098 1.2257506288e-14
6.39278557114 1.13778940385e-14
6.4128256513 1.05038170207e-14
6.43286573146 9.63522278335e-15
6.45290581162 8.77205954304e-15
6.47294589178 8.01300960312e-15
6.49298597194 7.39790272722e-15
6.5130260521 6.78660901278e-15
6.53306613226 6.17909281634e-15
6.55310621242 5.57531894318e-15
6.57314629259 5.04402121863e-15
6.59318637275 4.63086994517e-15
6.61322645291 4.22024320833e-15
6.63326653307 3.81211770046e-15
6.65330661323 3.40647040485e-15
6.67334669339 3.01693373829e-15
6.69338677355 2.65697828898e-15
6.71342685371 2.29918919143e-15
6.73346693387 1.94354674269e-15
6.75350701403 1.59003148229e-15
6.77354709419 1.27556553403e-15
6.79358717435 1.05187957704e-15
6.81362725451 8.29522154907e-16
6.83366733467 6.0848130005e-16
6.85370741483 3.8874519175e-16
6.87374749499 2.15603803684e-16
6.89378757515 1.77185979889e-16
6.91382765531 1.38998460573e-16
6.93386773547 1.0103905299e-16
6.95390781563 6.33055948965e-17
6.97394789579 3.28484601675e-17
6.99398797595 2.86924292912e-17
7.01402805611 2.45660666459e-17
7.03406813627 2.04689583045e-17
7.05410821643 1.64006994068e-17
7.07414829659 1.28011703271e-17
7.09418837675 1.13448260019e-17
7.11422845691 9.90172411443e-18
7.13426853707 8.47161599724e-18
7.15430861723 7.05425950549e-18
7.17434869739 5.80933545678e-18
7.19438877756 5.63067815262e-18
7.21442885772 5.45731762918e-18
7.23446893788 5.28909245565e-18
7.25450901804 5.12584618851e-18
7.2745490982 4.96784703866e-18
7.29458917836 4.81871191008e-18
7.31462925852 4.67408944056e-18
7.33466933868 4.5338418316e-18
7.35470941884 4.39783553711e-18
7.374749499 4.26594113056e-18
7.39478957916 4.13803317633e-18
7.41482965932 4.01399010515e-18
7.43486973948 3.89369409353e-18
7.45490981964 3.77703094688e-18
7.4749498998 3.66388998649e-18
7.49498997996 3.55416393993e-18
7.51503006012 3.44774883501e-18
7.53507014028 3.34454389703e-18
7.55511022044 3.24445144933e-18
7.5751503006 3.14737681693e-18
7.59519038076 3.0532282332e-18
7.61523046092 2.96191674952e-18
7.63527054108 2.87335614774e-18
7.65531062124 2.78746285541e-18
7.6753507014 2.70415586368e-18
7.69539078156 2.62335664778e-18
7.71543086172 2.54498908999e-18
7.73547094188 2.46897940505e-18
7.75551102204 2.39525606788e-18
7.7755511022 2.32374974359e-18
7.79559118236 2.25439321969e-18
7.81563126253 2.18712134041e-18
7.83567134269 2.12187094309e-18
7.85571142285 2.05858079654e-18
7.87575150301 1.99719154137e-18
7.89579158317 1.93764563213e-18
7.91583166333 1.87988728133e-18
7.93587174349 1.82386240515e-18
7.95591182365 1.76951857085e-18
7.97595190381 1.71680494589e-18
7.99599198397 1.66567224855e-18
8.01603206413 1.61607270014e-18
8.03607214429 1.5679599787e-18
8.05611222445 1.52128917411e-18
8.07615230461 1.47601674465e-18
8.09619238477 1.43210047488e-18
8.11623246493 1.38949943481e-18
8.13627254509 1.34817394042e-18
8.15631262525 1.30808551529e-18
8.17635270541 1.26919685356e-18
8.19639278557 1.23147178392e-18
8.21643286573 1.19487523476e-18
8.23647294589 1.15937320047e-18
8.25651302605 1.12493270868e-18
8.27655310621 1.09152178858e-18
8.29659318637 1.05910944018e-18
8.31663326653 1.0276656046e-18
8.33667334669 9.9716113519e-19
8.35671342685 9.675677696e-19
8.37675350701 9.38858102696e-19
8.39679358717 9.11005560318e-19
8.41683366733 8.83984373853e-19
8.43687374749 8.57769555588e-19
8.45691382766 8.32336874831e-19
8.47695390782 8.07662834767e-19
8.49699398798 7.83724650027e-19
8.51703406814 7.60500224956e-19
8.5370741483 7.37968132545e-19
8.55711422846 7.16107594017e-19
8.57715430862 6.94898459042e-19
8.59719438878 6.74321186561e-19
8.61723446894 6.54356826204e-19
8.6372745491 6.34987000273e-19
8.65731462926 6.16193886292e-19
8.67735470942 5.97960200083e-19
8.69739478958 5.80269179369e-19
8.71743486974 5.63104567878e-19
8.7374749499 5.46450599942e-19
8.75751503006 5.3029198556e-19
8.77755511022 5.14613895927e-19
8.79759519038 4.99401949408e-19
8.81763527054 4.84642197938e-19
8.8376753507 4.70321113842e-19
8.85771543086 4.5642557706e-19
8.87775551102 4.42942862767e-19
8.89779559118 4.29860629361e-19
8.91783567134 4.17166906835e-19
8.9378757515 4.04850085495e-19
8.95791583166 3.92898905023e-19
8.97795591182 3.81302443886e-19
8.99799599198 3.70050109053e-19
9.01803607214 3.59131626042e-19
9.0380761523 3.4853702926e-19
9.05811623246 3.38256652647e-19
9.07815631263 3.28281120598e-19
9.09819639279 3.18601339171e-19
9.11823647295 3.09208487559e-19
9.13827655311 3.00094009818e-19
9.15831663327 2.9124960686e-19
9.17835671343 2.82667228674e-19
9.19839679359 2.74339066804e-19
9.21843687375 2.66257547035e-19
9.23847695391 2.58415322321e-19
9.25851703407 2.50805265914e-19
9.27855711423 2.43420464715e-19
9.29859719439 2.36254212818e-19
9.31863727455 2.29300005251e-19
9.33867735471 2.22551531919e-19
9.35871743487 2.16002671714e-19
9.37875751503 2.09647486819e-19
9.39879759519 2.03480217179e-19
9.41883767535 1.97495275136e-19
9.43887775551 1.91687240238e-19
9.45891783567 1.86050854198e-19
9.47895791583 1.80581016002e-19
9.49899799599 1.75272777181e-19
9.51903807615 1.7012133721e-19
9.53907815631 1.65122039053e-19
9.55911823647 1.60270364851e-19
9.57915831663 1.55561931726e-19
9.59919839679 1.50992487723e-19
9.61923847695 1.46557907873e-19
9.63927855711 1.42254190373e-19
9.65931863727 1.38077452884e-19
9.67935871743 1.34023928938e-19
9.6993987976 1.3008996446e-19
9.71943887776 1.26272014388e-19
9.73947895792 1.22566639401e-19
9.75951903808 1.18970502742e-19
9.77955911824 1.1548036714e-19
9.7995991984 1.12093091824e-19
9.81963927856 1.08805629629e-19
9.83967935872 1.05615024182e-19
9.85971943888 1.02518407187e-19
9.87975951904 9.95129957781e-20
9.8997995992 0.0
9.91983967936 0.0
9.93987975952 0.0
9.95991983968 0.0
9.97995991984 0.0
10.0 0.0
