0.0 0.0
0.0200400801603 0.0
0.0400801603206 0.0
0.060120240481 1.01948587796e-10
0.0801603206413 5.65376320297e-11
0.100200400802 5.11996935898e-11
0.120240480962 5.05138342391e-11
0.140280561122 4.27341433593e-11
0.160320641283 3.33521754916e-11
0.180360721443 2.87609315853e-11
0.200400801603 2.57882435448e-11
0.220440881764 1.46514320934e-10
0.240480961924 1.44817799937e-10
0.260521042084 2.16354303307e-11
0.280561122244 2.07533161598e-11
0.300601202405 1.99504888156e-11
0.320641282565 1.9289082809e-11
0.340681362725 1.87707996518e-11
0.360721442886 1.82033136905e-11
0.380761523046 1.76793927458e-11
0.400801603206 1.71775224024e-11
0.420841683367 1.6729906438e-11
0.440881763527 1.63289084311e-11
0.460921843687 1.59450241383e-11
0.480961923848 1.55869914071e-11
0.501002004008 1.52430345661e-11
0.521042084168 1.49333484451e-11
0.541082164329 1.46468745892e-11
0.561122244489 1.43781707325e-11
0.581162324649 1.41302063786e-11
0.60120240481 1.39058716869e-11
0.62124248497 1.3689871313e-11
0.64128256513 1.34838144414e-11
0.661322645291 1.330095327e-11
0.681362725451 1.31200675587e-11
0.701402805611 1.29134818282e-11
0.721442885772 1.27183956508e-11
0.741482965932 1.2531876962e-11
0.761523046092 1.23428065781e-11
0.781563126253 1.21649950318e-11
0.801603206413 1.20049308241e-11
0.821643286573 1.18180670272e-11
0.841683366733 1.16155781631e-11
0.861723446894 1.14294288788e-11
0.881763527054 1.1231867666e-11
0.901803607214 1.09894338137e-11
0.921843687375 1.07593546013e-11
0.941883767535 1.05399235156e-11
0.961923847695 1.03005496283e-11
0.981963927856 1.00702112769e-11
1.00200400802 9.85411735007e-12
1.02204408818 9.66070173318e-12
1.04208416834 9.48339009933e-12
1.0621242485 9.31823427525e-12
1.08216432866 9.15368102788e-12
1.10220440882 8.9866465318e-12
1.12224448898 8.82293062657e-12
1.14228456914 8.66763031495e-12
1.1623246493 8.48593117103e-12
1.18236472946 8.31115525818e-12
1.20240480962 8.15005995425e-12
1.22244488978 7.99185381516e-12
1.24248496994 7.83725134678e-12
1.2625250501 7.68772806162e-12
1.28256513026 7.54417047143e-12
1.30260521042 7.40906400482e-12
1.32264529058 7.27922109942e-12
1.34268537074 7.1540067746e-12
1.3627254509 7.04314497335e-12
1.38276553106 6.93685412472e-12
1.40280561122 6.83498776892e-12
1.42284569138 6.72772698146e-12
1.44288577154 6.61867389292e-12
1.4629258517 6.51428214593e-12
1.48296593186 6.41370679838e-12
1.50300601202 6.31846244849e-12
1.52304609218 6.22662648357e-12
1.54308617234 6.13934646971e-12
1.56312625251 6.04150936555e-12
1.58316633267 5.94625953821e-12
1.60320641283 5.85493360471e-12
1.62324649299 5.76611626053e-12
1.64328657315 5.67963566353e-12
1.66332665331 5.59604212195e-12
1.68336673347 5.51701060222e-12
1.70340681363 5.44668301705e-12
1.72344689379 5.37882115863e-12
1.74348697395 5.31287061645e-12
1.76352705411 5.21872924715e-12
1.78356713427 5.1258972491e-12
1.80360721443 5.03534958497e-12
1.82364729459 4.95632134644e-12
1.84368737475 4.88436985723e-12
1.86372745491 4.81539244159e-12
1.88376753507 4.75617924955e-12
1.90380761523 4.71627504539e-12
1.92384769539 4.67761866843e-12
1.94388777555 4.63998278203e-12
1.96392785571 4.57183372807e-12
1.98396793587 4.5045882429e-12
2.00400801603 4.43652816321e-12
2.02404809619 4.37628086357e-12
2.04408817635 4.31531481309e-12
2.06412825651 4.25628421986e-12
2.08416833667 4.19867521244e-12
2.10420841683 4.14263907582e-12
2.12424849699 4.08816268002e-12
2.14428857715 4.03492292792e-12
2.16432865731 3.98062243461e-12
2.18436873747 3.92729195034e-12
2.20440881764 3.87499829484e-12
2.2244488978 3.81755461832e-12
2.24448897796 3.75811527446e-12
2.26452905812 3.7005855961e-12
2.28456913828 3.64317102034e-12
2.30460921844 3.58455478601e-12
2.3246492986 3.52729711011e-12
2.34468937876 3.47114915132e-12
2.36472945892 3.4266550675e-12
2.38476953908 3.38302048521e-12
2.40480961924 3.34021928558e-12
2.4248496994 3.2971072763e-12
2.44488977956 3.2542531138e-12
2.46492985972 3.21218689242e-12
2.48496993988 3.16571615653e-12
2.50501002004 3.11015580298e-12
2.5250501002 3.05555576248e-12
2.54509018036 3.00211851793e-12
2.56513026052 2.96996245448e-12
2.58517034068 2.93837220518e-12
2.60521042084 2.90733193898e-12
2.625250501 2.86594834112e-12
2.64529058116 2.82019533975e-12
2.66533066132 2.77518552405e-12
2.68537074148 2.7312405987e-12
2.70541082164 2.68862116359e-12
2.7254509018 2.64667600589e-12
2.74549098196 2.6055142412e-12
2.76553106212 2.57072213364e-12
2.78557114228 2.53647156743e-12
2.80561122244 2.50274926154e-12
2.82565130261 2.45670725406e-12
2.84569138277 2.40566188886e-12
2.86573146293 2.35536416617e-12
2.88577154309 2.31235008833e-12
2.90581162325 2.28145122955e-12
2.92585170341 2.25100468033e-12
2.94589178357 2.22073060032e-12
2.96593186373 2.182710025e-12
2.98597194389 2.14522492712e-12
3.00601202405 2.1082635759e-12
3.02605210421 2.07124624169e-12
3.04609218437 2.0344977919e-12
3.06613226453 1.99825043345e-12
3.08617234469 1.96324384191e-12
3.10621242485 1.92996675376e-12
3.12625250501 1.89713422544e-12
3.14629258517 1.86486186086e-12
3.16633266533 1.83584297169e-12
3.18637274549 1.80720462382e-12
3.20641282565 1.77893905674e-12
3.22645290581 1.74553256483e-12
3.24649298597 1.71033979408e-12
3.26653306613 1.67559169912e-12
3.28657314629 1.64001130071e-12
3.30661322645 1.60283640862e-12
3.32665330661 1.56612058138e-12
3.34669338677 1.53029194071e-12
3.36673346693 1.5027615064e-12
3.38677354709 1.47556655622e-12
3.40681362725 1.44870078387e-12
3.42685370741 1.42078553997e-12
3.44689378758 1.39267909774e-12
3.46693386774 1.36490562128e-12
3.4869739479 1.33791623035e-12
3.50701402806 1.31194598197e-12
3.52705410822 1.28627783804e-12
3.54709418838 1.26071384023e-12
3.56713426854 1.23257993397e-12
3.5871743487 1.20476646502e-12
3.60721442886 1.17726785274e-12
3.62725450902 1.15137139865e-12
3.64729458918 1.12623363446e-12
3.66733466934 1.1013756664e-12
3.6873747495 1.07760229464e-12
3.70741482966 1.05528383591e-12
3.72745490982 1.03320977474e-12
3.74749498998 1.01144096765e-12
3.76753507014 9.90728003005e-13
3.7875751503 9.70238073739e-13
3.80761523046 9.49967508346e-13
3.82765531062 9.27222854642e-13
3.84769539078 9.03793534717e-13
3.86773547094 8.80610228535e-13
3.8877755511 8.58973275156e-13
3.90781563126 8.39403641595e-13
3.92785571142 8.20036509985e-13
3.94789579158 8.01003818511e-13
3.96793587174 7.83644579836e-13
3.9879759519 7.66462263079e-13
4.00801603206 7.49454120067e-13
4.02805611222 7.31013756755e-13
4.04809619238 7.1223597615e-13
4.06813627255 6.93645260831e-13
4.08817635271 6.7647236781e-13
4.10821643287 6.61139465901e-13
4.12825651303 6.4595723014e-13
4.14829659319 6.30867465519e-13
4.16833667335 6.15385847325e-13
4.18837675351 6.00053961133e-13
4.20841683367 5.84869608089e-13
4.22845691383 5.70883688201e-13
4.24849699399 5.57355219804e-13
4.26853707415 5.43955107675e-13
4.28857715431 5.3035946255e-13
4.30861723447 5.16473316682e-13
4.32865731463 5.02716914683e-13
4.34869739479 4.89239121681e-13
4.36873747495 4.77178182813e-13
4.38877755511 4.65228415093e-13
4.40881763527 4.5338826439e-13
4.42885771543 4.42477543132e-13
4.44889779559 4.31904580372e-13
4.46893787575 4.21427306154e-13
4.48897795591 4.10956889539e-13
4.50901803607 4.00471337794e-13
4.52905811623 3.90079339781e-13
4.54909819639 3.79830772599e-13
4.56913827655 3.70067142731e-13
4.58917835671 3.60389455397e-13
4.60921843687 3.50796565077e-13
4.62925851703 3.41392768875e-13
4.64929859719 3.3209947146e-13
4.66933867735 3.22886512423e-13
4.68937875752 3.14234718889e-13
4.70941883768 3.0623279461e-13
4.72945891784 2.98299183435e-13
4.749498998 2.90353312941e-13
4.76953907816 2.81917616496e-13
4.78957915832 2.7355295452e-13
4.80961923848 2.65258423187e-13
4.82965931864 2.57799684143e-13
4.8496993988 2.5060006425e-13
4.86973947896 2.43460075741e-13
4.88977955912 2.36534211384e-13
4.90981963928 2.29843171493e-13
4.92985971944 2.2320686231e-13
4.9498997996 2.16712144059e-13
4.96993987976 2.10828605782e-13
4.98997995992 2.04992618486e-13
5.01002004008 1.99310707575e-13
5.03006012024 1.9377333526e-13
5.0501002004 1.88280170608e-13
5.07014028056 1.83117647609e-13
5.09018036072 1.78001907304e-13
5.11022044088 1.72926521217e-13
5.13026052104 1.67891008397e-13
5.1503006012 1.62894895678e-13
5.17034068136 1.58290583098e-13
5.19038076152 1.53744696452e-13
5.21042084168 1.49233967371e-13
5.23046092184 1.44757985207e-13
5.250501002 1.40316345825e-13
5.27054108216 1.36310978652e-13
5.29058116232 1.32381144521e-13
5.31062124248 1.28481124877e-13
5.33066132265 1.24610578151e-13
5.35070140281 1.20769168082e-13
5.37074148297 1.17066863698e-13
5.39078156313 1.13410315695e-13
5.41082164329 1.09780981265e-13
5.43086172345 1.06178554812e-13
5.45090180361 1.02602735392e-13
5.47094188377 9.94034662405e-14
5.49098196393 9.63051941894e-14
5.51102204409 9.32295605337e-14
5.53106212425 9.0176315662e-14
5.55110220441 8.71452136936e-14
5.57114228457 8.42635885663e-14
5.59118236473 8.14390352068e-14
5.61122244489 7.86347444856e-14
5.63126252505 7.58504971752e-14
5.65130260521 7.30860772601e-14
5.67134268537 7.05733746916e-14
5.69138276553 6.81608251414e-14
5.71142284569 6.57652779633e-14
5.73146292585 6.33865524327e-14
5.75150300601 6.10244704266e-14
5.77154308617 5.87628996498e-14
5.79158316633 5.65534582894e-14
5.81162324649 5.43593144025e-14
5.83166332665 5.21803083281e-14
5.85170340681 5.00162826596e-14
5.87174348697 4.79697985515e-14
5.89178356713 4.59908352869e-14
5.91182364729 4.40253385639e-14
5.93186372745 4.20731702867e-14
5.95190380762 4.01341942748e-14
5.97194388778 3.83979347475e-14
5.99198396794 3.67910857648e-14
6.0120240481 3.51949905305e-14
6.03206412826 3.36095405368e-14
6.05210420842 3.20346287579e-14
6.07214428858 3.05488139866e-14
6.09218436874 2.91305819659e-14
6.1122244489 2.77216843774e-14
6.13226452906 2.63220286093e-14
6.15230460922 2.49315232934e-14
6.17234468938 2.35957289842e-14
6.19238476954 2.23081023868e-14
6.2124248497 2.10288119432e-14
6.23246492986 1.97577763306e-14
6.25250501002 1.84949152994e-14
6.27254509018 1.73362846302e-14
6.29258517034 1.62828381709e-14
6.3126252505 1.52361043942e-14
6.33266533066 1.41960188179e-14
6.35270541082 1.31625177983e-14
6.37274549098 1.22018076176e-14
6.39278557114 1.13264094685e-14
6.4128256513 1.0456502762e-14
6.43286573146 9.59203554957e-15
6.45290581162 8.73295654838e-15
6.47294589178 7.9774832484e-15
6.49298597194 7.36526201881e-15
6.5130260521 6.75682519548e-15
6.53306613226 6.15213743154e-15
6.55310621242 5.55116382939e-15
6.57314629259 5.02231849402e-15
6.59318637275 4.6110622423e-15
6.61322645291 4.20231259969e-15
6.63326653307 3.79604641363e-15
6.65330661323 3.39224082451e-15
6.67334669339 3.00446563614e-15
6.69338677355 2.64613017043e-15
6.71342685371 2.28994593025e-15
6.73346693387 1.93589334547e-15
6.75350701403 1.58395308984e-15
6.77354709419 1.27087960475e-15
6.79358717435 1.04817032932e-15
6.81362725451 8.26781113329e-16
6.83366733467 6.06700040109e-16
6.85370741483 3.87915341995e-16
6.87374749499 2.15513595356e-16
6.89378757515 1.77230116392e-16
6.91382765531 1.39176958793e-16
6.93386773547 1.01351872022e-16
6.95390781563 6.37526394742e-17
6.97394789579 3.3398260125e-17
6.99398797595 2.92293462422e-17
7.01402805611 2.5091334907e-17
7.03406813627 2.09837491873e-17
7.05410821643 1.69061242265e-17
7.07414829659 1.32963486672e-17
7.09418837675 1.18214913954e-17
7.11422845691 1.03609345935e-17
7.13426853707 8.91437875716e-18
7.15430861723 7.48153329272e-18
7.17434869739 6.22133743428e-18
7.19438877756 6.02370574857e-18
7.21442885772 5.83224811945e-18
7.23446893788 5.64676246544e-18
7.25450901804 5.46705358251e-18
7.2745490982 5.29335091569e-18
7.29458917836 5.12921996767e-18
7.31462925852 4.9702939271e-18
7.33466933868 4.81640295111e-18
7.35470941884 4.66738293764e-18
7.374749499 4.52307532321e-18
7.39478957916 4.3833268881e-18
7.41482965932 4.24798956876e-18
7.43486973948 4.11692027702e-18
7.45490981964 3.98998072607e-18
7.4749498998 3.86703726266e-18
7.49498997996 3.74796070557e-18
7.51503006012 3.63262618988e-18
7.53507014028 3.52091301695e-18
7.55511022044 3.41270450984e-18
7.5751503006 3.30788787402e-18
7.59519038076 3.206354063e-18
7.61523046092 3.107997649e-18
7.63527054108 3.01271669812e-18
7.65531062124 2.92041265011e-18
7.6753507014 2.83099020242e-18
7.69539078156 2.74435719841e-18
7.71543086172 2.66042451958e-18
7.73547094188 2.57910598166e-18
7.75551102204 2.50031823437e-18
7.7755511022 2.42398066481e-18
7.79559118236 2.35001530422e-18
7.81563126253 2.27834673812e-18
7.83567134269 2.20890201959e-18
7.85571142285 2.14161058563e-18
7.87575150301 2.07640417645e-18
7.89579158317 2.01321675769e-18
7.91583166333 1.95198444525e-18
7.93587174349 1.8926454329e-18
7.95591182365 1.83513992231e-18
7.97595190381 1.77941005559e-18
7.99599198397 1.72539985022e-18
8.01603206413 1.67305513615e-18
8.03607214429 1.62232349521e-18
8.05611222445 1.57315420255e-18
8.07615230461 1.52549817015e-18
8.09619238477 1.47930789225e-18
8.11623246493 1.43453739274e-18
8.13627254509 1.39114217426e-18
8.15631262525 1.34907916921e-18
8.17635270541 1.3083066923e-18
8.19639278557 1.26878439478e-18
8.21643286573 1.23047322033e-18
8.23647294589 1.19333536231e-18
8.25651302605 1.15733422261e-18
8.27655310621 1.12243437181e-18
8.29659318637 1.08860151077e-18
8.31663326653 1.05580243349e-18
8.33667334669 1.02400499123e-18
8.35671342685 9.9317805789e-19
8.37675350701 9.63291496527e-19
8.39679358717 9.34316127016e-19
8.41683366733 9.06223694812e-19
8.43687374749 8.78986840765e-19
8.45691382766 8.5257907195e-19
8.47695390782 8.26974733486e-19
8.49699398798 8.02148981297e-19
8.51703406814 7.7807775579e-19
8.5370741483 7.54737756423e-19
8.55711422846 7.32106417111e-19
8.57715430862 7.10161882472e-19
8.59719438878 6.8888298485e-19
8.61723446894 6.68249222119e-19
8.6372745491 6.48240736218e-19
8.65731462926 6.28838292403e-19
8.67735470942 6.10023259188e-19
8.69739478958 5.91777588954e-19
8.71743486974 5.74083799197e-19
8.7374749499 5.56924954402e-19
8.75751503006 5.40284648511e-19
8.77755511022 5.24146987971e-19
8.79759519038 5.08496575347e-19
8.81763527054 4.93318493466e-19
8.8376753507 4.78598290088e-19
8.85771543086 4.64321963082e-19
8.87775551102 4.50475946081e-19
8.89779559118 4.37047094619e-19
8.91783567134 4.24022672708e-19
8.9378757515 4.11390339867e-19
8.95791583166 3.99138138567e-19
8.97795591182 3.87254482084e-19
8.99799599198 3.75728142758e-19
9.01803607214 3.64548240622e-19
9.0380761523 3.53704232407e-19
9.05811623246 3.43185900905e-19
9.07815631263 3.32983344676e-19
9.09819639279 3.23086968084e-19
9.11823647295 3.13487471662e-19
9.13827655311 3.04175842787e-19
9.15831663327 2.95143346652e-19
9.17835671343 2.86381517535e-19
9.19839679359 2.77882150346e-19
9.21843687375 2.69637292447e-19
9.23847695391 2.61639235733e-19
9.25851703407 2.53880508974e-19
9.27855711423 2.46353870393e-19
9.29859719439 2.39052300493e-19
9.31863727455 2.31968995101e-19
9.33867735471 2.2509735865e-19
9.35871743487 2.1843099766e-19
9.37875751503 2.11963714439e-19
9.39879759519 2.05689500979e-19
9.41883767535 1.99602533048e-19
9.43887775551 1.93697164473e-19
9.45891783567 1.87967921599e-19
9.47895791583 1.82409497928e-19
9.49899799599 1.7701674893e-19
9.51903807615 1.71784687015e-19
9.53907815631 1.66708476663e-19
9.55911823647 1.61783429717e-19
9.57915831663 1.57005000813e-19
9.59919839679 1.52368782964e-19
9.61923847695 1.4787050328e-19
9.63927855711 1.43506018822e-19
9.65931863727 1.39271312585e-19
9.67935871743 1.35162489617e-19
9.6993987976 1.31175773249e-19
9.71943887776 1.27307501448e-19
9.73947895792 1.23554123287e-19
9.75951903808 1.19912195523e-19
9.77955911824 1.16378379283e-19
9.7995991984 1.12949436853e-19
9.81963927856 1.0962222857e-19
9.83967935872 1.06393709811e-19
9.85971943888 1.0326092807e-19
9.87975951904 1.0022102014e-19
9.8997995992 0.0
9.91983967936 0.0
9.93987975952 0.0
9.95991983968 0.0
9.97995991984 0.0
10.0 0.0
