0.0 0.0
0.0200400801603 0.0
0.0400801603206 0.0
0.060120240481 0.0
0.0801603206413 0.0
0.100200400802 0.0
0.120240480962 0.0
0.140280561122 0.0
0.160320641283 0.0
0.180360721443 0.0
0.200400801603 0.0
0.220440881764 0.0
0.240480961924 0.0
0.260521042084 7.37052975557e-11
0.280561122244 4.79838947675e-11
0.300601202405 4.24262006427e-11
0.320641282565 4.09426057454e-11
0.340681362725 4.13429456018e-11
0.360721442886 4.12703819327e-11
0.380761523046 4.13544193134e-11
0.400801603206 4.15685068288e-11
0.420841683367 4.18813419704e-11
0.440881763527 4.22487098057e-11
0.460921843687 4.26287400554e-11
0.480961923848 4.29821728985e-11
0.501002004008 4.3248124928e-11
0.521042084168 4.35169039716e-11
0.541082164329 4.37794098918e-11
0.561122244489 4.4022087745e-11
0.581162324649 4.42594669159e-11
0.60120240481 4.44903348098e-11
0.62124248497 4.46857643726e-11
0.64128256513 4.48570406451e-11
0.661322645291 4.50259529894e-11
0.681362725451 4.5131138227e-11
0.701402805611 4.50539523664e-11
0.721442885772 4.49877380123e-11
0.741482965932 4.49283112019e-11
0.761523046092 4.48155444478e-11
0.781563126253 4.47080937854e-11
0.801603206413 4.46123705525e-11
0.821643286573 4.43488163784e-11
0.841683366733 4.39808435216e-11
0.861723446894 4.36336616047e-11
0.881763527054 4.32106928273e-11
0.901803607214 4.25475011077e-11
0.921843687375 4.19174161228e-11
0.941883767535 4.13169818634e-11
0.961923847695 4.06033790213e-11
0.981963927856 3.99116781617e-11
1.00200400802 3.92525407757e-11
1.02204408818 3.86865143176e-11
1.04208416834 3.81862638338e-11
1.0621242485 3.77058643856e-11
1.08216432866 3.72269594528e-11
1.10220440882 3.67262175501e-11
1.12224448898 3.62450210114e-11
1.14228456914 3.57859293154e-11
1.1623246493 3.51903303745e-11
1.18236472946 3.46065502332e-11
1.20240480962 3.40435784564e-11
1.22244488978 3.3488878703e-11
1.24248496994 3.29460371688e-11
1.2625250501 3.24213514855e-11
1.28256513026 3.19212032074e-11
1.30260521042 3.14566367644e-11
1.32264529058 3.10069830698e-11
1.34268537074 3.05714527527e-11
1.3627254509 3.0200443797e-11
1.38276553106 2.98435002105e-11
1.40280561122 2.94966979653e-11
1.42284569138 2.91220408577e-11
1.44288577154 2.87353998757e-11
1.4629258517 2.83597197467e-11
1.48296593186 2.79995439472e-11
1.50300601202 2.76620142328e-11
1.52304609218 2.73337647684e-11
1.54308617234 2.70162540053e-11
1.56312625251 2.66460508345e-11
1.58316633267 2.62830223347e-11
1.60320641283 2.59294257057e-11
1.62324649299 2.55860457125e-11
1.64328657315 2.52520150469e-11
1.66332665331 2.49260952765e-11
1.68336673347 2.46217927508e-11
1.70340681363 2.43574175724e-11
1.72344689379 2.40994028262e-11
1.74348697395 2.38473769268e-11
1.76352705411 2.3460224742e-11
1.78356713427 2.30776528732e-11
1.80360721443 2.27038267563e-11
1.82364729459 2.23836314247e-11
1.84368737475 2.20957457582e-11
1.86372745491 2.1814217866e-11
1.88376753507 2.15777262648e-11
1.90380761523 2.14320265887e-11
1.92384769539 2.12894585389e-11
1.94388777555 2.1149921426e-11
1.96392785571 2.08649956263e-11
1.98396793587 2.05829609459e-11
2.00400801603 2.03042013184e-11
2.02404809619 2.00422687644e-11
2.04408817635 1.97861275741e-11
2.06412825651 1.9535084294e-11
2.08416833667 1.92900173247e-11
2.10420841683 1.90518966066e-11
2.12424849699 1.88183755372e-11
2.14428857715 1.85893212528e-11
2.16432865731 1.83548380634e-11
2.18436873747 1.81246581307e-11
2.20440881764 1.78987543525e-11
2.2244488978 1.76481032385e-11
2.24448897796 1.73872911572e-11
2.26452905812 1.71311843432e-11
2.28456913828 1.68752518193e-11
2.30460921844 1.66150120353e-11
2.3246492986 1.63593398326e-11
2.34468937876 1.61081488854e-11
2.36472945892 1.59113517008e-11
2.38476953908 1.5717923278e-11
2.40480961924 1.55277773706e-11
2.4248496994 1.53355388593e-11
2.44488977956 1.5143930977e-11
2.46492985972 1.49554918149e-11
2.48496993988 1.47457045482e-11
2.50501002004 1.44924566635e-11
2.5250501002 1.42432869509e-11
2.54509018036 1.39991766804e-11
2.56513026052 1.38552256108e-11
2.58517034068 1.3713543449e-11
2.60521042084 1.35740766997e-11
2.625250501 1.33853758469e-11
2.64529058116 1.3175694489e-11
2.66533066132 1.29692081402e-11
2.68537074148 1.27674530171e-11
2.70541082164 1.25716754068e-11
2.7254509018 1.23788136148e-11
2.74549098196 1.21893969943e-11
2.76553106212 1.202982158e-11
2.78557114228 1.18725717061e-11
2.80561122244 1.17175966742e-11
2.82565130261 1.15042394726e-11
2.84569138277 1.12670667132e-11
2.86573146293 1.10332459557e-11
2.88577154309 1.08336446795e-11
2.90581162325 1.06910769711e-11
2.92585170341 1.05504848048e-11
2.94589178357 1.0410555377e-11
2.96593186373 1.02339162798e-11
2.98597194389 1.00596723128e-11
3.00601202405 9.88777489481e-12
3.02605210421 9.71549429351e-12
3.04609218437 9.54437016268e-12
3.06613226453 9.37550425807e-12
3.08617234469 9.21239263661e-12
3.10621242485 9.05734632693e-12
3.12625250501 8.90430621403e-12
3.14629258517 8.75382244544e-12
3.16633266533 8.61860737874e-12
3.18637274549 8.48510866902e-12
3.20641282565 8.35329372136e-12
3.22645290581 8.19715363113e-12
3.24649298597 8.03252088577e-12
3.26653306613 7.86992443719e-12
3.28657314629 7.70334348401e-12
3.30661322645 7.52918622282e-12
3.32665330661 7.35714306373e-12
3.34669338677 7.18923601051e-12
3.36673346693 7.06042292036e-12
3.38677354709 6.93314601991e-12
3.40681362725 6.80737790006e-12
3.42685370741 6.67661870099e-12
3.44689378758 6.54491882445e-12
3.46693386774 6.4147524103e-12
3.4869739479 6.28824873363e-12
3.50701402806 6.16651783837e-12
3.52705410822 6.04617987701e-12
3.54709418838 5.92630298889e-12
3.56713426854 5.7942797401e-12
3.5871743487 5.66374119299e-12
3.60721442886 5.5346623684e-12
3.62725450902 5.41311409435e-12
3.64729458918 5.29512029578e-12
3.66733466934 5.17842410934e-12
3.6873747495 5.06682093875e-12
3.70741482966 4.96205739815e-12
3.72745490982 4.85842725639e-12
3.74749498998 4.75621835759e-12
3.76753507014 4.65896997207e-12
3.7875751503 4.56275680034e-12
3.80761523046 4.46756235348e-12
3.82765531062 4.36069090324e-12
3.84769539078 4.25057887449e-12
3.86773547094 4.14161411167e-12
3.8877755511 4.0399264512e-12
3.90781563126 3.94797166485e-12
3.92785571142 3.85696026905e-12
3.94789579158 3.76751468562e-12
3.96793587174 3.68594639525e-12
3.9879759519 3.60520224546e-12
4.00801603206 3.52526977604e-12
4.02805611222 3.43857869087e-12
4.04809619238 3.35028944555e-12
4.06813627255 3.26287432378e-12
4.08817635271 3.18213381977e-12
4.10821643287 3.11005748301e-12
4.12825651303 3.03868436295e-12
4.14829659319 2.96774056756e-12
4.16833667335 2.89494415026e-12
4.18837675351 2.82284762489e-12
4.20841683367 2.75144092196e-12
4.22845691383 2.68567623979e-12
4.24849699399 2.62206209643e-12
4.26853707415 2.55904800155e-12
4.28857715431 2.49510807948e-12
4.30861723447 2.42979516346e-12
4.32865731463 2.36508963126e-12
4.34869739479 2.30169308609e-12
4.36873747495 2.24496861359e-12
4.38877755511 2.18876440409e-12
4.40881763527 2.13307331629e-12
4.42885771543 2.08175796104e-12
4.44889779559 2.03203079816e-12
4.46893787575 1.98275149007e-12
4.48897795591 1.93350168981e-12
4.50901803607 1.88417794716e-12
4.52905811623 1.83529245701e-12
4.54909819639 1.78708031835e-12
4.56913827655 1.74115045662e-12
4.58917835671 1.69562330496e-12
4.60921843687 1.65049357862e-12
4.62925851703 1.60625270128e-12
4.64929859719 1.56253051666e-12
4.66933867735 1.51918504082e-12
4.68937875752 1.47848134049e-12
4.70941883768 1.44083726364e-12
4.72945891784 1.40351339542e-12
4.749498998 1.36613028727e-12
4.76953907816 1.32643851559e-12
4.78957915832 1.28708006939e-12
4.80961923848 1.24805075894e-12
4.82965931864 1.21295707578e-12
4.8496993988 1.17908274184e-12
4.86973947896 1.14548817834e-12
4.88977955912 1.11290111317e-12
4.90981963928 1.08141907706e-12
4.92985971944 1.05019386161e-12
4.9498997996 1.01963462143e-12
4.96993987976 9.91953095074e-13
4.98997995992 9.64494657457e-13
5.01002004008 9.37761064302e-13
5.03006012024 9.1170742318e-13
5.0501002004 8.85861234173e-13
5.07014028056 8.61571538167e-13
5.09018036072 8.37501472498e-13
5.11022044088 8.13620797014e-13
5.13026052104 7.89927280798e-13
5.1503006012 7.6641872791e-13
5.17034068136 7.44754772552e-13
5.19038076152 7.23365411604e-13
5.21042084168 7.02141092096e-13
5.23046092184 6.81079907462e-13
5.250501002 6.60179980455e-13
5.27054108216 6.41334113491e-13
5.29058116232 6.22843493745e-13
5.31062124248 6.04492843574e-13
5.33066132265 5.86280576602e-13
5.35070140281 5.68205130388e-13
5.37074148297 5.50784373398e-13
5.39078156313 5.33578730412e-13
5.41082164329 5.16500900303e-13
5.43086172345 4.995494615e-13
5.45090180361 4.82723013476e-13
5.47094188377 4.67669405559e-13
5.49098196393 4.5309108465e-13
5.51102204409 4.3861908295e-13
5.53106212425 4.24252239437e-13
5.55110220441 4.09989409972e-13
5.57114228457 3.96430183527e-13
5.59118236473 3.83139456094e-13
5.61122244489 3.69943915745e-13
5.63126252505 3.56842541686e-13
5.65130260521 3.43834327698e-13
5.67134268537 3.32011144623e-13
5.69138276553 3.20659340372e-13
5.71142284569 3.09387405052e-13
5.73146292585 2.98194497169e-13
5.75150300601 2.87079787035e-13
5.77154308617 2.76438163884e-13
5.79158316633 2.66041830075e-13
5.81162324649 2.55717373829e-13
5.83166332665 2.45464050976e-13
5.85170340681 2.3528112761e-13
5.87174348697 2.25651492194e-13
5.89178356713 2.16339634915e-13
5.91182364729 2.07091060552e-13
5.93186372745 1.97905125063e-13
5.95190380762 1.88781193138e-13
5.97194388778 1.80611568054e-13
5.99198396794 1.73051110667e-13
6.0120240481 1.65541175974e-13
6.03206412826 1.58081258326e-13
6.05210420842 1.50670858813e-13
6.07214428858 1.43679834015e-13
6.09218436874 1.3700689469e-13
6.1122244489 1.30377812933e-13
6.13226452906 1.23792157012e-13
6.15230460922 1.17249500858e-13
6.17234468938 1.10964340066e-13
6.19238476954 1.04905870424e-13
6.2124248497 9.88865740888e-14
6.23246492986 9.29060716906e-14
6.25250501002 8.6963988753e-14
6.27254509018 8.15125320866e-14
6.29258517034 7.65561884929e-14
6.3126252505 7.16313824803e-14
6.33266533066 6.67378134483e-14
6.35270541082 6.18751846145e-14
6.37274549098 5.73551717822e-14
6.39278557114 5.32367177324e-14
6.4128256513 4.91440594203e-14
6.43286573146 4.50769547993e-14
6.45290581162 4.10351648497e-14
6.47294589178 3.74810505286e-14
6.49298597194 3.46012422279e-14
6.5130260521 3.17391955327e-14
6.53306613226 2.88947462789e-14
6.55310621242 2.60677323262e-14
6.57314629259 2.35802079615e-14
6.59318637275 2.16461721622e-14
6.61322645291 1.97238859485e-14
6.63326653307 1.78132423007e-14
6.65330661323 1.59141355004e-14
6.67334669339 1.40904444581e-14
6.69338677355 1.24052915389e-14
6.71342685371 1.0730222864e-14
6.73346693387 9.06514795216e-15
6.75350701403 7.40997740612e-15
6.77354709419 5.9377233558e-15
6.79358717435 4.89079319287e-15
6.81362725451 3.85003788217e-15
6.83366733467 2.81540277172e-15
6.85370741483 1.78683385635e-15
6.87374749499 9.76560083084e-16
6.89378757515 7.97558882751e-16
6.91382765531 6.19603559334e-16
6.93386773547 4.42684841192e-16
6.95390781563 2.66793568894e-16
6.97394789579 1.24969588606e-16
6.99398797595 1.06367387239e-16
7.01402805611 8.78774543291e-17
7.03406813627 6.94986695143e-17
7.05410821643 5.12299295275e-17
7.07414829659 3.51333984563e-17
7.09418837675 2.90568388839e-17
7.11422845691 2.30195618207e-17
7.13426853707 1.70210991877e-17
7.15430861723 1.10609918817e-17
7.17434869739 5.88822243545e-18
7.19438877756 5.6923243461e-18
7.21442885772 5.50181256092e-18
7.23446893788 5.31652511704e-18
7.25450901804 5.13630503746e-18
7.2745490982 4.96296768857e-18
7.29458917836 4.81400505124e-18
7.31462925852 4.66954887171e-18
7.33466933868 4.52946157855e-18
7.35470941884 4.39360984428e-18
7.374749499 4.2618644528e-18
7.39478957916 4.13410017108e-18
7.41482965932 4.0101956249e-18
7.43486973948 3.89003317852e-18
7.45490981964 3.77349881818e-18
7.4749498998 3.66048203922e-18
7.49498997996 3.5508757368e-18
7.51503006012 3.44457610014e-18
7.53507014028 3.34148250994e-18
7.55511022044 3.24149743918e-18
7.5751503006 3.14452635698e-18
7.59519038076 3.05047763549e-18
7.61523046092 2.95926245974e-18
7.63527054108 2.87079474027e-18
7.65531062124 2.78499102861e-18
7.6753507014 2.7017704353e-18
7.69539078156 2.62105455055e-18
7.71543086172 2.54276736741e-18
7.73547094188 2.46683520729e-18
7.75551102204 2.39318664787e-18
7.7755511022 2.32175245327e-18
7.79559118236 2.25246550633e-18
7.81563126253 2.18526074317e-18
7.83567134269 2.12007508959e-18
7.85571142285 2.05684739967e-18
7.87575150301 1.99551839615e-18
7.89579158317 1.93603061271e-18
7.91583166333 1.8783283381e-18
7.93587174349 1.82235756194e-18
7.95591182365 1.7680659223e-18
7.97595190381 1.71540265482e-18
7.99599198397 1.66431854349e-18
8.01603206413 1.61476587294e-18
8.03607214429 1.56669838222e-18
8.05611222445 1.52007122003e-18
8.07615230461 1.4748409013e-18
8.09619238477 1.4309652652e-18
8.11623246493 1.38840343438e-18
8.13627254509 1.34711577551e-18
8.15631262525 1.30706386109e-18
8.17635270541 1.26821043235e-18
8.19639278557 1.23051936338e-18
8.21643286573 1.19395562637e-18
8.23647294589 1.15848525787e-18
8.25651302605 1.12407532619e-18
8.27655310621 1.09069389971e-18
8.29659318637 1.05831001623e-18
8.31663326653 1.0268936533e-18
8.33667334669 9.96415699371e-19
8.35671342685 9.66847925952e-19
8.37675350701 9.3816296054e-19
8.39679358717 9.10334260438e-19
8.41683366733 8.83336087364e-19
8.43687374749 8.57143482849e-19
8.45691382766 8.31732244397e-19
8.47695390782 8.07078902377e-19
8.49699398798 7.83160697633e-19
8.51703406814 7.59955559785e-19
8.5370741483 7.37442086193e-19
8.55711422846 7.1559952158e-19
8.57715430862 6.94407738276e-19
8.59719438878 6.73847217073e-19
8.61723446894 6.53899028674e-19
8.6372745491 6.34544815702e-19
8.65731462926 6.15766775278e-19
8.67735470942 5.97547642123e-19
8.69739478958 5.79870672188e-19
8.71743486974 5.6271962678e-19
8.7374749499 5.46078757184e-19
8.75751503006 5.29932789751e-19
8.77755511022 5.14266911451e-19
8.79759519038 4.99066755859e-19
8.81763527054 4.84318389583e-19
8.8376753507 4.70008299102e-19
8.85771543086 4.5612337801e-19
8.87775551102 4.42650914649e-19
8.89779559118 4.29578580121e-19
8.91783567134 4.16894416674e-19
8.9378757515 4.04586826435e-19
8.95791583166 3.92644560493e-19
8.97795591182 3.81056708313e-19
8.99799599198 3.69812687481e-19
9.01803607214 3.58902233754e-19
9.0380761523 3.48315391419e-19
9.05811623246 3.38042503946e-19
9.07815631263 3.28074204929e-19
9.09819639279 3.18401409299e-19
9.11823647295 3.09015304807e-19
9.13827655311 2.99907343773e-19
9.15831663327 2.91069235077e-19
9.17835671343 2.82492936402e-19
9.19839679359 2.74170646711e-19
9.21843687375 2.66094798951e-19
9.23847695391 2.58258052987e-19
9.25851703407 2.50653288739e-19
9.27855711423 2.43273599545e-19
9.29859719439 2.36112285706e-19
9.31863727455 2.29162848247e-19
9.33867735471 2.22418982855e-19
9.35871743487 2.15874574004e-19
9.37875751503 2.09523689266e-19
9.39879759519 2.03360573783e-19
9.41883767535 1.97379644917e-19
9.43887775551 1.9157548706e-19
9.45891783567 1.85942846598e-19
9.47895791583 1.80476627031e-19
9.49899799599 1.75171884243e-19
9.51903807615 1.70023821914e-19
9.53907815631 1.65027787068e-19
9.55911823647 1.60179265759e-19
9.57915831663 1.55473878892e-19
9.59919839679 1.50907378163e-19
9.61923847695 1.46475642123e-19
9.63927855711 1.42174672374e-19
9.65931863727 1.38000589856e-19
9.67935871743 1.33949631275e-19
9.6993987976 1.30018145613e-19
9.71943887776 1.26202590763e-19
9.73947895792 1.22499530256e-19
9.75951903808 1.18905630089e-19
9.77955911824 1.1541765565e-19
9.7995991984 1.12032468733e-19
9.81963927856 1.08747024651e-19
9.83967935872 1.05558369426e-19
9.85971943888 1.0246363707e-19
9.87975951904 9.94600469485e-20
9.8997995992 0.0
9.91983967936 0.0
9.93987975952 0.0
9.95991983968 0.0
9.97995991984 0.0
10.0 0.0
