0.0 0.0
0.0200400801603 0.0
0.0400801603206 0.0
0.060120240481 0.0
0.0801603206413 0.0
0.100200400802 0.0
0.120240480962 0.0
0.140280561122 0.0
0.160320641283 0.0
0.180360721443 2.47063117217e-11
0.200400801603 1.60021937025e-11
0.220440881764 5.76845598005e-10
0.240480961924 5.30632113066e-10
0.260521042084 1.64775125561e-11
0.280561122244 1.77799327152e-11
0.300601202405 1.885922182e-11
0.320641282565 2.01153068965e-11
0.340681362725 2.16538321293e-11
0.360721442886 2.26061084037e-11
0.380761523046 2.34129347212e-11
0.400801603206 2.4136733427e-11
0.420841683367 2.48075758166e-11
0.440881763527 2.54304470056e-11
0.460921843687 2.60001068343e-11
0.480961923848 2.65059164339e-11
0.501002004008 2.69193954279e-11
0.521042084168 2.73029271521e-11
0.541082164329 2.76550561587e-11
0.561122244489 2.79730731221e-11
0.581162324649 2.82696816695e-11
0.60120240481 2.85463933354e-11
0.62124248497 2.87870377332e-11
0.64128256513 2.90008521246e-11
0.661322645291 2.92035439932e-11
0.681362725451 2.93569921981e-11
0.701402805611 2.93841021185e-11
0.721442885772 2.94110288593e-11
0.741482965932 2.94351628107e-11
0.761523046092 2.94186867769e-11
0.781563126253 2.9400599452e-11
0.801603206413 2.93863349149e-11
0.821643286573 2.92579532553e-11
0.841683366733 2.90567487411e-11
0.861723446894 2.8865327965e-11
0.881763527054 2.86199520401e-11
0.901803607214 2.82124715537e-11
0.921843687375 2.78237685932e-11
0.941883767535 2.74516095341e-11
0.961923847695 2.70017879813e-11
0.981963927856 2.65641043702e-11
1.00200400802 2.61464537984e-11
1.02204408818 2.57891525907e-11
1.04208416834 2.54739272099e-11
1.0621242485 2.51700566373e-11
1.08216432866 2.4864909103e-11
1.10220440882 2.45439540244e-11
1.12224448898 2.4234895483e-11
1.14228456914 2.39407297317e-11
1.1623246493 2.35543820442e-11
1.18236472946 2.31749214305e-11
1.20240480962 2.28084321471e-11
1.22244488978 2.24466139703e-11
1.24248496994 2.2091945115e-11
1.2625250501 2.1748650837e-11
1.28256513026 2.1420988887e-11
1.30260521042 2.11165731254e-11
1.32264529058 2.08216061514e-11
1.34268537074 2.05355813942e-11
1.3627254509 2.0292384871e-11
1.38276553106 2.00582148635e-11
1.40280561122 1.983027185e-11
1.42284569138 1.95831508688e-11
1.44288577154 1.93276412184e-11
1.4629258517 1.90791323772e-11
1.48296593186 1.88406454554e-11
1.50300601202 1.86171120334e-11
1.52304609218 1.8399569494e-11
1.54308617234 1.81896051646e-11
1.56312625251 1.79439763549e-11
1.58316633267 1.77029412641e-11
1.60320641283 1.7468038369e-11
1.62324649299 1.72398092605e-11
1.64328657315 1.70176821873e-11
1.66332665331 1.68007656972e-11
1.68336673347 1.65980848871e-11
1.70340681363 1.64221485109e-11
1.72344689379 1.62503620045e-11
1.74348697395 1.60824380013e-11
1.76352705411 1.58233318819e-11
1.78356713427 1.55671750469e-11
1.80360721443 1.53167874768e-11
1.82364729459 1.51024365225e-11
1.84368737475 1.49097626532e-11
1.86372745491 1.4721278437e-11
1.88376753507 1.45630752581e-11
1.90380761523 1.44660292615e-11
1.92384769539 1.43710316318e-11
1.94388777555 1.42780179725e-11
1.96392785571 1.40868525436e-11
1.98396793587 1.38975634617e-11
2.00400801603 1.37096149422e-11
2.02404809619 1.3534654441e-11
2.04408817635 1.33626830755e-11
2.06412825651 1.31940990057e-11
2.08416833667 1.30294982771e-11
2.10420841683 1.28695387715e-11
2.12424849699 1.27126391509e-11
2.14428857715 1.25587122201e-11
2.16432865731 1.24010779343e-11
2.18436873747 1.22463095424e-11
2.20440881764 1.2094390896e-11
2.2244488978 1.19257207019e-11
2.24448897796 1.17501496699e-11
2.26452905812 1.15777202744e-11
2.28456913828 1.1405373523e-11
2.30460921844 1.12300829588e-11
2.3246492986 1.10578455307e-11
2.34468937876 1.08886046387e-11
2.36472945892 1.07560890711e-11
2.38476953908 1.0625825248e-11
2.40480961924 1.04977561098e-11
2.4248496994 1.03682501161e-11
2.44488977956 1.02391483647e-11
2.46492985972 1.01121671675e-11
2.48496993988 9.97073565762e-12
2.50501002004 9.79990496541e-12
2.5250501002 9.63180803508e-12
2.54509018036 9.46710938098e-12
2.56513026052 9.37010386186e-12
2.58517034068 9.27461791547e-12
2.60521042084 9.18061601649e-12
2.625250501 9.05331104916e-12
2.64529058116 8.91180385476e-12
2.66533066132 8.77244087362e-12
2.68537074148 8.63626170236e-12
2.70541082164 8.50410999848e-12
2.7254509018 8.37391608749e-12
2.74549098196 8.24603861614e-12
2.76553106212 8.13833077612e-12
2.78557114228 8.03218463571e-12
2.80561122244 7.92756638843e-12
2.82565130261 7.78344787172e-12
2.84569138277 7.62320724077e-12
2.86573146293 7.46522073863e-12
2.88577154309 7.33036985371e-12
2.90581162325 7.23409058807e-12
2.92585170341 7.13913943058e-12
2.94589178357 7.04462857594e-12
2.96593186373 6.92527398744e-12
2.98597194389 6.80753085329e-12
3.00601202405 6.6913666838e-12
3.02605210421 6.57493488887e-12
3.04609218437 6.45927743827e-12
3.06613226453 6.3451401042e-12
3.08617234469 6.2348888522e-12
3.10621242485 6.13008799405e-12
3.12625250501 6.02663795983e-12
3.14629258517 5.92491131162e-12
3.16633266533 5.83351111601e-12
3.18637274549 5.74326682206e-12
3.20641282565 5.65415659066e-12
3.22645290581 5.54857853472e-12
3.24649298597 5.43724691524e-12
3.26653306613 5.32728751507e-12
3.28657314629 5.21462559526e-12
3.30661322645 5.0968300883e-12
3.32665330661 4.98045971387e-12
3.34669338677 4.86688330801e-12
3.36673346693 4.77976312422e-12
3.38677354709 4.6936785777e-12
3.40681362725 4.60861127258e-12
3.42685370741 4.52016154376e-12
3.44689378758 4.43107110093e-12
3.46693386774 4.34301483029e-12
3.4869739479 4.25743428066e-12
3.50701402806 4.17508112044e-12
3.52705410822 4.0936675431e-12
3.54709418838 4.01256282047e-12
3.56713426854 3.9232319077e-12
3.5871743487 3.83490274615e-12
3.60721442886 3.7475585486e-12
3.62725450902 3.66530953485e-12
3.64729458918 3.5854640694e-12
3.66733466934 3.50649432757e-12
3.6873747495 3.43097010908e-12
3.70741482966 3.36007419746e-12
3.72745490982 3.28994330014e-12
3.74749498998 3.220772395e-12
3.76753507014 3.15495799158e-12
3.7875751503 3.08984243984e-12
3.80761523046 3.02541464658e-12
3.82765531062 2.95307812164e-12
3.84769539078 2.87854515841e-12
3.86773547094 2.80478690003e-12
3.8877755511 2.73595423037e-12
3.90781563126 2.67371032118e-12
3.92785571142 2.6121035215e-12
3.94789579158 2.55155537652e-12
3.96793587174 2.49633997749e-12
3.9879759519 2.44168122208e-12
4.00801603206 2.38757071982e-12
4.02805611222 2.32888187055e-12
4.04809619238 2.26910927374e-12
4.06813627255 2.20992720286e-12
4.08817635271 2.15526396309e-12
4.10821643287 2.10646712141e-12
4.12825651303 2.05814539414e-12
4.14829659319 2.01011332388e-12
4.16833667335 1.9608254761e-12
4.18837675351 1.91201055706e-12
4.20841683367 1.8636617811e-12
4.22845691383 1.81913319238e-12
4.24849699399 1.77606019722e-12
4.26853707415 1.73339272217e-12
4.28857715431 1.69009732379e-12
4.30861723447 1.64587113222e-12
4.32865731463 1.60205546529e-12
4.34869739479 1.55912555619e-12
4.36873747495 1.52071397747e-12
4.38877755511 1.48265407262e-12
4.40881763527 1.444941026e-12
4.42885771543 1.4101911569e-12
4.44889779559 1.37651642555e-12
4.46893787575 1.34314446066e-12
4.48897795591 1.30979190939e-12
4.50901803607 1.2763887084e-12
4.52905811623 1.24328180983e-12
4.54909819639 1.21063047948e-12
4.56913827655 1.17952458778e-12
4.58917835671 1.14869099183e-12
4.60921843687 1.11812612592e-12
4.62925851703 1.08816289108e-12
4.64929859719 1.05855056483e-12
4.66933867735 1.02919298162e-12
4.68937875752 1.00162452958e-12
4.70941883768 9.761283097e-13
4.72945891784 9.50848642526e-13
4.749498998 9.25528490909e-13
4.76953907816 8.98644037644e-13
4.78957915832 8.71985024572e-13
4.80961923848 8.45548623529e-13
4.82965931864 8.2177803063e-13
4.8496993988 7.98833172612e-13
4.86973947896 7.76077552293e-13
4.88977955912 7.54004180081e-13
4.90981963928 7.32679146114e-13
4.92985971944 7.11527838566e-13
4.9498997996 6.90827453168e-13
4.96993987976 6.72076391053e-13
4.98997995992 6.53476247881e-13
5.01002004008 6.35366958477e-13
5.03006012024 6.17718120539e-13
5.0501002004 6.0020963219e-13
5.07014028056 5.83755461742e-13
5.09018036072 5.67449911957e-13
5.11022044088 5.51272500007e-13
5.13026052104 5.35221718849e-13
5.1503006012 5.19296085029e-13
5.17034068136 5.04620021339e-13
5.19038076152 4.90129851613e-13
5.21042084168 4.75751356657e-13
5.23046092184 4.614832483e-13
5.250501002 4.47324258148e-13
5.27054108216 4.34556815435e-13
5.29058116232 4.22029944579e-13
5.31062124248 4.09597792617e-13
5.33066132265 3.97259287505e-13
5.35070140281 3.85013373353e-13
5.37074148297 3.73210931645e-13
5.39078156313 3.61554136928e-13
5.41082164329 3.49983841542e-13
5.43086172345 3.38499084686e-13
5.45090180361 3.27098919769e-13
5.47094188377 3.1689986599e-13
5.49098196393 3.07022766576e-13
5.51102204409 2.97217626669e-13
5.53106212425 2.87483661422e-13
5.55110220441 2.77820097384e-13
5.57114228457 2.68633202814e-13
5.59118236473 2.59628167776e-13
5.61122244489 2.50687562498e-13
5.63126252505 2.41810696835e-13
5.65130260521 2.32996890488e-13
5.67134268537 2.24985984793e-13
5.69138276553 2.17294425293e-13
5.71142284569 2.096569314e-13
5.73146292585 2.02072934095e-13
5.75150300601 1.94541872336e-13
5.77154308617 1.87331325232e-13
5.79158316633 1.80286940112e-13
5.81162324649 1.73291214168e-13
5.83166332665 1.66343644139e-13
5.85170340681 1.59443733697e-13
5.87174348697 1.52918696438e-13
5.89178356713 1.46608951241e-13
5.91182364729 1.40342049701e-13
5.93186372745 1.34117556217e-13
5.95190380762 1.27935041089e-13
5.97194388778 1.22399154311e-13
5.99198396794 1.17276026376e-13
6.0120240481 1.12187106003e-13
6.03206412826 1.07132051125e-13
6.05210420842 1.02110524236e-13
6.07214428858 9.73731551311e-14
6.09218436874 9.28513090807e-14
6.1122244489 8.83591596586e-14
6.13226452906 8.38964147696e-14
6.15230460922 7.94627861472e-14
6.17234468938 7.52036271678e-14
6.19238476954 7.10980651101e-14
6.2124248497 6.70190293183e-14
6.23246492986 6.29662630996e-14
6.25250501002 5.89395130717e-14
6.27254509018 5.52452222466e-14
6.29258517034 5.18864342866e-14
6.3126252505 4.85490036804e-14
6.33266533066 4.52327269967e-14
6.35270541082 4.19374033875e-14
6.37274549098 3.88742465602e-14
6.39278557114 3.60832024759e-14
6.4128256513 3.33096286054e-14
6.43286573146 3.05533611164e-14
6.45290581162 2.78142382253e-14
6.47294589178 2.54055928058e-14
6.49298597194 2.34539035995e-14
6.5130260521 2.15142450332e-14
6.53306613226 1.95865059481e-14
6.55310621242 1.76705765563e-14
6.57314629259 1.59847095517e-14
6.59318637275 1.4673931829e-14
6.61322645291 1.33711139033e-14
6.63326653307 1.20761832717e-14
6.65330661323 1.07890683139e-14
6.67334669339 9.55305963386e-15
6.69338677355 8.41093555714e-15
6.71342685371 7.27564344058e-15
6.73346693387 6.14712197868e-15
6.75350701403 5.02531060135e-15
6.77354709419 4.02746064437e-15
6.79358717435 3.31785424065e-15
6.81362725451 2.61243232351e-15
6.83366733467 1.91115783177e-15
6.85370741483 1.21399414409e-15
6.87374749499 6.6477170291e-16
6.89378757515 5.43372564921e-16
6.91382765531 4.22684377867e-16
6.93386773547 3.02700787123e-16
6.95390781563 1.83415516445e-16
6.97394789579 8.72203055333e-17
6.99398797595 7.45372590731e-17
7.01402805611 6.19325558251e-17
7.03406813627 4.94053667488e-17
7.05410821643 3.69548765661e-17
7.07414829659 2.59786072177e-17
7.09418837675 2.17951675823e-17
7.11422845691 1.76403122471e-17
7.13426853707 1.35136637558e-17
7.15430861723 9.4148526034e-18
7.17434869739 5.85143426676e-18
7.19438877756 5.66275809271e-18
7.21442885772 5.47942574751e-18
7.23446893788 5.30127569807e-18
7.25450901804 5.12815138983e-18
7.2745490982 4.96123455779e-18
7.29458917836 4.81233317049e-18
7.31462925852 4.66793603975e-18
7.33466933868 4.52790567474e-18
7.35470941884 4.39210882552e-18
7.374749499 4.26041635066e-18
7.39478957916 4.13270308902e-18
7.41482965932 4.0088477356e-18
7.43486973948 3.88873272128e-18
7.45490981964 3.77224409645e-18
7.4749498998 3.65927141823e-18
7.49498997996 3.54970764127e-18
7.51503006012 3.44344901203e-18
7.53507014028 3.34039496639e-18
7.55511022044 3.24044803042e-18
7.5751503006 3.14351372439e-18
7.59519038076 3.04950046969e-18
7.61523046092 2.95831949879e-18
7.63527054108 2.86988476792e-18
7.65531062124 2.78411287258e-18
7.6753507014 2.7009229657e-18
7.69539078156 2.62023667831e-18
7.71543086172 2.54197804276e-18
7.73547094188 2.46607341834e-18
7.75551102204 2.39245141919e-18
7.7755511022 2.32104284457e-18
7.79559118236 2.25178061118e-18
7.81563126253 2.18459968773e-18
7.83567134269 2.11943703144e-18
7.85571142285 2.05623152665e-18
7.87575150301 1.99492392525e-18
7.89579158317 1.93545678903e-18
7.91583166333 1.87777443379e-18
7.93587174349 1.82182287523e-18
7.95591182365 1.76754977654e-18
7.97595190381 1.71490439757e-18
7.99599198397 1.66383754564e-18
8.01603206413 1.61430152787e-18
8.03607214429 1.56625010497e-18
8.05611222445 1.5196384465e-18
8.07615230461 1.47442308753e-18
8.09619238477 1.43056188661e-18
8.11623246493 1.38801398506e-18
8.13627254509 1.34673976758e-18
8.15631262525 1.30670082401e-18
8.17635270541 1.26785991231e-18
8.19639278557 1.2301809227e-18
8.21643286573 1.19362884291e-18
8.23647294589 1.15816972447e-18
8.25651302605 1.12377065013e-18
8.27655310621 1.09039970217e-18
8.29659318637 1.05802593183e-18
8.31663326653 1.02661932959e-18
8.33667334669 9.96150796363e-19
8.35671342685 9.66592115681e-19
8.37675350701 9.37915926631e-19
8.39679358717 9.10095697685e-19
8.41683366733 8.83105701335e-19
8.43687374749 8.56920989496e-19
8.45691382766 8.31517369685e-19
8.47695390782 8.06871381926e-19
8.49699398798 7.82960276371e-19
8.51703406814 7.59761991614e-19
8.5370741483 7.37255133672e-19
8.55711422846 7.15418955613e-19
8.57715430862 6.94233337815e-19
8.59719438878 6.73678768831e-19
8.61723446894 6.53736326846e-19
8.6372745491 6.34387661702e-19
8.65731462926 6.15614977479e-19
8.67735470942 5.97401015612e-19
8.69739478958 5.79729038523e-19
8.71743486974 5.62582813766e-19
8.7374749499 5.45946598645e-19
8.75751503006 5.29805125321e-19
8.77755511022 5.14143586365e-19
8.79759519038 4.98947620754e-19
8.81763527054 4.84203300311e-19
8.8376753507 4.69897116541e-19
8.85771543086 4.56015967885e-19
8.87775551102 4.42547147365e-19
8.89779559118 4.29478330596e-19
8.91783567134 4.16797564177e-19
8.9378757515 4.04493254436e-19
8.95791583166 3.92554156511e-19
8.97795591182 3.80969363778e-19
8.99799599198 3.69728297591e-19
9.01803607214 3.58820697346e-19
9.0380761523 3.48236610838e-19
9.05811623246 3.37966384925e-19
9.07815631263 3.28000656467e-19
9.09819639279 3.18330343546e-19
9.11823647295 3.08946636956e-19
9.13827655311 2.9984099195e-19
9.15831663327 2.91005120242e-19
9.17835671343 2.82430982245e-19
9.19839679359 2.74110779559e-19
9.21843687375 2.66036947676e-19
9.23847695391 2.58202148914e-19
9.25851703407 2.50599265566e-19
9.27855711423 2.43221393253e-19
9.29859719439 2.36061834483e-19
9.31863727455 2.29114092412e-19
9.33867735471 2.22371864779e-19
9.35871743487 2.15829038044e-19
9.37875751503 2.09479681691e-19
9.39879759519 2.03318042711e-19
9.41883767535 1.97338540248e-19
9.43887775551 1.91535760415e-19
9.45891783567 1.85904451259e-19
9.47895791583 1.80439517883e-19
9.49899799599 1.7513601772e-19
9.51903807615 1.69989155942e-19
9.53907815631 1.64994281014e-19
9.55911823647 1.60146880384e-19
9.57915831663 1.55442576298e-19
9.59919839679 1.5087712175e-19
9.61923847695 1.46446396545e-19
9.63927855711 1.4214640349e-19
9.65931863727 1.37973264694e-19
9.67935871743 1.33923217987e-19
9.6993987976 1.29992613441e-19
9.71943887776 1.26177909998e-19
9.73947895792 1.22475672201e-19
9.75951903808 1.18882567027e-19
9.77955911824 1.15395360807e-19
9.7995991984 1.12010916249e-19
9.81963927856 1.08726189546e-19
9.83967935872 1.05538227569e-19
9.85971943888 1.02444165152e-19
9.87975951904 9.94412224528e-20
9.8997995992 0.0
9.91983967936 0.0
9.93987975952 0.0
9.95991983968 0.0
9.97995991984 0.0
10.0 0.0
