0.0 0.0
0.0200400801603 0.0
0.0400801603206 0.0
0.060120240481 0.0
0.0801603206413 0.0
0.100200400802 0.0
0.120240480962 0.0
0.140280561122 0.0
0.160320641283 0.0
0.180360721443 0.0
0.200400801603 0.0
0.220440881764 0.0
0.240480961924 0.0
0.260521042084 0.0
0.280561122244 0.0
0.300601202405 0.0
0.320641282565 0.0
0.340681362725 0.0
0.360721442886 0.0
0.380761523046 0.0
0.400801603206 0.0
0.420841683367 0.0
0.440881763527 0.0
0.460921843687 1.3848930162e-11
0.480961923848 8.89648384124e-12
0.501002004008 7.29879769726e-12
0.521042084168 6.4713916252e-12
0.541082164329 5.95081469037e-12
0.561122244489 5.59222091973e-12
0.581162324649 5.33117691923e-12
0.60120240481 5.13094364838e-12
0.62124248497 4.96968212633e-12
0.64128256513 4.83800308533e-12
0.661322645291 4.73089621591e-12
0.681362725451 4.63829355235e-12
0.701402805611 4.54276685198e-12
0.721442885772 4.46024341917e-12
0.741482965932 4.38521084857e-12
0.761523046092 4.31329637697e-12
0.781563126253 4.24883177275e-12
0.801603206413 4.1934472073e-12
0.821643286573 4.12945146241e-12
0.841683366733 4.06053946225e-12
0.861723446894 3.99663877287e-12
0.881763527054 3.92780144208e-12
0.901803607214 3.8413041191e-12
0.921843687375 3.76058086444e-12
0.941883767535 3.68397566176e-12
0.961923847695 3.59997480409e-12
0.981963927856 3.51996996508e-12
1.00200400802 3.44637101314e-12
1.02204408818 3.38333307374e-12
1.04208416834 3.32715319916e-12
1.0621242485 3.27273488938e-12
1.08216432866 3.21676127877e-12
1.10220440882 3.16010040126e-12
1.12224448898 3.10610136573e-12
1.14228456914 3.05850187734e-12
1.1623246493 3.00055042588e-12
1.18236472946 2.94426761466e-12
1.20240480962 2.89028355931e-12
1.22244488978 2.83752970219e-12
1.24248496994 2.78628114054e-12
1.2625250501 2.73683199374e-12
1.28256513026 2.68941075846e-12
1.30260521042 2.64532204996e-12
1.32264529058 2.60284065806e-12
1.34268537074 2.5618023104e-12
1.3627254509 2.52633717604e-12
1.38276553106 2.49231561987e-12
1.40280561122 2.45880112272e-12
1.42284569138 2.42296412189e-12
1.44288577154 2.38643749929e-12
1.4629258517 2.35092823172e-12
1.48296593186 2.31661431018e-12
1.50300601202 2.28436839374e-12
1.52304609218 2.2530960935e-12
1.54308617234 2.22465058213e-12
1.56312625251 2.19217579729e-12
1.58316633267 2.16042512868e-12
1.60320641283 2.12958188724e-12
1.62324649299 2.09969428187e-12
1.64328657315 2.07067746784e-12
1.66332665331 2.04221516416e-12
1.68336673347 2.01513479783e-12
1.70340681363 1.99136391905e-12
1.72344689379 1.96820846348e-12
1.74348697395 1.94549821165e-12
1.76352705411 1.91209794962e-12
1.78356713427 1.87916967129e-12
1.80360721443 1.8470523394e-12
1.82364729459 1.81931336881e-12
1.84368737475 1.79423528071e-12
1.86372745491 1.76974417253e-12
1.88376753507 1.74891426876e-12
1.90380761523 1.73537763997e-12
1.92384769539 1.72215131486e-12
1.94388777555 1.70922450032e-12
1.96392785571 1.68480167037e-12
1.98396793587 1.66067122228e-12
2.00400801603 1.63452214055e-12
2.02404809619 1.61474038499e-12
2.04408817635 1.59296178585e-12
2.06412825651 1.57165445724e-12
2.08416833667 1.55088473491e-12
2.10420841683 1.53072629209e-12
2.12424849699 1.51099008093e-12
2.14428857715 1.49166279294e-12
2.16432865731 1.47195816283e-12
2.18436873747 1.45264481882e-12
2.20440881764 1.43371822835e-12
2.2244488978 1.41287968901e-12
2.24448897796 1.39128266549e-12
2.26452905812 1.37010158431e-12
2.28456913828 1.34897616173e-12
2.30460921844 1.32755046423e-12
2.3246492986 1.3065244613e-12
2.34468937876 1.28588954616e-12
2.36472945892 1.26958658873e-12
2.38476953908 1.25358183548e-12
2.40480961924 1.23786705351e-12
2.4248496994 1.22201657898e-12
2.44488977956 1.20624430165e-12
2.46492985972 1.19074937902e-12
2.48496993988 1.17359641546e-12
2.50501002004 1.15304115568e-12
2.5250501002 1.13283360371e-12
2.54509018036 1.11304998579e-12
2.56513026052 1.10118650917e-12
2.58517034068 1.08952225195e-12
2.60521042084 1.07805215624e-12
2.625250501 1.06272131654e-12
2.64529058116 1.04575684177e-12
2.66533066132 1.02906317367e-12
2.68537074148 1.01276050315e-12
2.70541082164 9.96946151727e-13
2.7254509018 9.81378214893e-13
2.74549098196 9.6609767204e-13
2.76553106212 9.5318164796e-13
2.78557114228 9.40462999164e-13
2.80561122244 9.27937159537e-13
2.82565130261 9.10830735417e-13
2.84569138277 8.91864552138e-13
2.86573146293 8.73175987714e-13
2.88577154309 8.57192405673e-13
2.90581162325 8.45706670231e-13
2.92585170341 8.34387135163e-13
2.94589178357 8.23130152327e-13
2.96593186373 8.08997097865e-13
2.98597194389 7.95062688704e-13
3.00601202405 7.81322699023e-13
3.02605210421 7.6756219278e-13
3.04609218437 7.53901858099e-13
3.06613226453 7.40427936388e-13
3.08617234469 7.27414773605e-13
3.10621242485 7.1504352188e-13
3.12625250501 7.02837743738e-13
3.14629258517 6.9084035293e-13
3.16633266533 6.80049516175e-13
3.18637274549 6.694003294e-13
3.20641282565 6.58889975998e-13
3.22645290581 6.46475922686e-13
3.24649298597 6.33401548351e-13
3.26653306613 6.20493434447e-13
3.28657314629 6.07278688021e-13
3.30661322645 5.93475243509e-13
3.32665330661 5.79843660155e-13
3.34669338677 5.665424124e-13
3.36673346693 5.56314709083e-13
3.38677354709 5.46212422248e-13
3.40681362725 5.36233223437e-13
3.42685370741 5.25866949466e-13
3.44689378758 5.15431322527e-13
3.46693386774 5.05120320123e-13
3.4869739479 4.95100818482e-13
3.50701402806 4.85459705838e-13
3.52705410822 4.75931686759e-13
3.54709418838 4.66443537331e-13
3.56713426854 4.56006391998e-13
3.5871743487 4.45689278135e-13
3.60721442886 4.35490108166e-13
3.62725450902 4.25884780061e-13
3.64729458918 4.1656133878e-13
3.66733466934 4.07342698149e-13
3.6873747495 3.98526301452e-13
3.70741482966 3.90248917466e-13
3.72745490982 3.82063067888e-13
3.74749498998 3.73991221718e-13
3.76753507014 3.66310695423e-13
3.7875751503 3.58713702678e-13
3.80761523046 3.51198868519e-13
3.82765531062 3.42771166365e-13
3.84769539078 3.34091785943e-13
3.86773547094 3.25504534721e-13
3.8877755511 3.17489652096e-13
3.90781563126 3.10239413234e-13
3.92785571142 3.03064999457e-13
3.94789579158 2.9601511017e-13
3.96793587174 2.89584133232e-13
3.9879759519 2.83219398e-13
4.00801603206 2.76919871947e-13
4.02805611222 2.70092502796e-13
4.04809619238 2.63141526198e-13
4.06813627255 2.5626055666e-13
4.08817635271 2.4990385056e-13
4.10821643287 2.44227121955e-13
4.12825651303 2.38606780329e-13
4.14829659319 2.33021332992e-13
4.16833667335 2.2729204169e-13
4.18837675351 2.21618767814e-13
4.20841683367 2.16000683052e-13
4.22845691383 2.10825510205e-13
4.24849699399 2.05819793136e-13
4.26853707415 2.00862087992e-13
4.28857715431 1.95832896914e-13
4.30861723447 1.90697191585e-13
4.32865731463 1.85609993918e-13
4.34869739479 1.80626197292e-13
4.36873747495 1.76165596245e-13
4.38877755511 1.71746557537e-13
4.40881763527 1.67368495303e-13
4.42885771543 1.63333724467e-13
4.44889779559 1.59424006585e-13
4.46893787575 1.55550056837e-13
4.48897795591 1.51679110012e-13
4.50901803607 1.47803050663e-13
4.52905811623 1.43961946219e-13
4.54909819639 1.40174174556e-13
4.56913827655 1.36565623312e-13
4.58917835671 1.32989175651e-13
4.60921843687 1.29444399486e-13
4.62925851703 1.25969730802e-13
4.64929859719 1.22536184997e-13
4.66933867735 1.19132634785e-13
4.68937875752 1.15936290862e-13
4.70941883768 1.12979816173e-13
4.72945891784 1.10048848721e-13
4.749498998 1.07113687378e-13
4.76953907816 1.03998336471e-13
4.78957915832 1.00909489999e-13
4.80961923848 9.78468070032e-14
4.82965931864 9.50924081805e-14
4.8496993988 9.24337728111e-14
4.86973947896 8.97973849818e-14
4.88977955912 8.72401591012e-14
4.90981963928 8.47697093502e-14
4.92985971944 8.23196739608e-14
4.9498997996 7.99220462968e-14
4.96993987976 7.77498085489e-14
4.98997995992 7.55953071538e-14
5.01002004008 7.34977771002e-14
5.03006012024 7.14536962257e-14
5.0501002004 6.94261000757e-14
5.07014028056 6.75204861381e-14
5.09018036072 6.56322893526e-14
5.11022044088 6.37591374195e-14
5.13026052104 6.19008488469e-14
5.1503006012 6.00572450953e-14
5.17034068136 5.83581021598e-14
5.19038076152 5.66806347664e-14
5.21042084168 5.50162697052e-14
5.23046092184 5.33648520207e-14
5.250501002 5.17262292296e-14
5.27054108216 5.02483975158e-14
5.29058116232 4.87985123046e-14
5.31062124248 4.73597353044e-14
5.33066132265 4.59319376113e-14
5.35070140281 4.45149923409e-14
5.37074148297 4.3149384245e-14
5.39078156313 4.18007393017e-14
5.41082164329 4.04622275254e-14
5.43086172345 3.91337336382e-14
5.45090180361 3.78151441332e-14
5.47094188377 3.66352802432e-14
5.49098196393 3.54926935852e-14
5.51102204409 3.43585350793e-14
5.53106212425 3.32327105456e-14
5.55110220441 3.21151272269e-14
5.57114228457 3.10526525239e-14
5.59118236473 3.00112689727e-14
5.61122244489 2.89774253674e-14
5.63126252505 2.79510390231e-14
5.65130260521 2.69320284809e-14
5.67134268537 2.60057372194e-14
5.69138276553 2.51163768507e-14
5.71142284569 2.423334202e-14
5.73146292585 2.33565645539e-14
5.75150300601 2.24859772728e-14
5.77154308617 2.16524421754e-14
5.79158316633 2.08381514822e-14
5.81162324649 2.00295491587e-14
5.83166332665 1.92265750063e-14
5.85170340681 1.84291696889e-14
5.87174348697 1.76750708356e-14
5.89178356713 1.69458693028e-14
5.91182364729 1.62216732885e-14
5.93186372745 1.5502430742e-14
5.95190380762 1.47880903455e-14
5.97194388778 1.41483826532e-14
5.99198396794 1.35563316053e-14
6.0120240481 1.29682778992e-14
6.03206412826 1.23841806089e-14
6.05210420842 1.18039993773e-14
6.07214428858 1.12566347705e-14
6.09218436874 1.07341694203e-14
6.1122244489 1.02151727014e-14
6.13226452906 9.69960968953e-15
6.15230460922 9.18744593807e-15
6.17234468938 8.69544075031e-15
6.19238476954 8.22118546901e-15
6.2124248497 7.75002646708e-15
6.23246492986 7.2819330934e-15
6.25250501002 6.81687510878e-15
6.27254509018 6.39018440614e-15
6.29258517034 6.00220943868e-15
6.3126252505 5.61672780983e-15
6.33266533066 5.23371519918e-15
6.35270541082 4.85314760901e-15
6.37274549098 4.49937546858e-15
6.39278557114 4.17700237817e-15
6.4128256513 3.85666895731e-15
6.43286573146 3.53835560152e-15
6.45290581162 3.22204296316e-15
6.47294589178 2.94385272857e-15
6.49298597194 2.71836366223e-15
6.5130260521 2.49428157205e-15
6.53306613226 2.27159307411e-15
6.55310621242 2.05028495911e-15
6.57314629259 1.85551620159e-15
6.59318637275 1.70400340246e-15
6.61322645291 1.55342398646e-15
6.63326653307 1.40376914088e-15
6.65330661323 1.25503016817e-15
6.67334669339 1.11219674677e-15
6.69338677355 9.80199281982e-16
6.71342685371 8.49002701251e-16
6.73346693387 7.18599553469e-16
6.75350701403 5.8898248362e-16
6.77354709419 4.73665905092e-16
6.79358717435 3.91584494798e-16
6.81362725451 3.09995975735e-16
6.83366733467 2.28895767097e-16
6.85370741483 1.48279348002e-16
6.87374749499 8.47238791276e-17
6.89378757515 7.04865318064e-17
6.91382765531 5.63388781676e-17
6.93386773547 4.22799501815e-17
6.95390781563 2.83087961183e-17
6.97394789579 1.70058602352e-17
6.99398797595 1.53344709101e-17
7.01402805611 1.36785117726e-17
7.03406813627 1.20376910359e-17
7.05410821643 1.04117245871e-17
7.07414829659 8.9614854793e-18
7.09418837675 8.29972698374e-18
7.11422845691 7.64672372273e-18
7.13426853707 7.0022649233e-18
7.15430861723 6.36614591078e-18
7.17434869739 5.79669995468e-18
7.19438877756 5.62097472706e-18
7.21442885772 5.45053204059e-18
7.23446893788 5.28521051282e-18
7.25450901804 5.12485375044e-18
7.2745490982 4.96946385365e-18
7.29458917836 4.82027155176e-18
7.31462925852 4.6755939651e-18
7.33466933868 4.53529321983e-18
7.35470941884 4.39923569738e-18
7.374749499 4.26729190139e-18
7.39478957916 4.13933632905e-18
7.41482965932 4.01524734641e-18
7.43486973948 3.89490706768e-18
7.45490981964 3.77820123833e-18
7.4749498998 3.6650191219e-18
7.49498997996 3.55525339036e-18
7.51503006012 3.44880001801e-18
7.53507014028 3.34555817862e-18
7.55511022044 3.2454301459e-18
7.5751503006 3.14832119706e-18
7.59519038076 3.05413951946e-18
7.61523046092 2.96279612017e-18
7.63527054108 2.87420473834e-18
7.65531062124 2.78828176042e-18
7.6753507014 2.70494613797e-18
7.69539078156 2.62411930808e-18
7.71543086172 2.54572511632e-18
7.73547094188 2.46968974205e-18
7.75551102204 2.39594162609e-18
7.7755511022 2.32441140076e-18
7.79559118236 2.25503182194e-18
7.81563126253 2.18773770341e-18
7.83567134269 2.12246585315e-18
7.85571142285 2.05915501172e-18
7.87575150301 1.99774579248e-18
7.89579158317 1.93818062377e-18
7.91583166333 1.8804036928e-18
7.93587174349 1.82436089141e-18
7.95591182365 1.76999976339e-18
7.97595190381 1.71726945359e-18
7.99599198397 1.66612065851e-18
8.01603206413 1.61650557846e-18
8.03607214429 1.56837787125e-18
8.05611222445 1.52169260728e-18
8.07615230461 1.47640622604e-18
8.09619238477 1.43247649397e-18
8.11623246493 1.38986246366e-18
8.13627254509 1.34852443426e-18
8.15631262525 1.30842391316e-18
8.17635270541 1.26952357887e-18
8.19639278557 1.23178724502e-18
8.21643286573 1.19517982552e-18
8.23647294589 1.15966730075e-18
8.25651302605 1.12521668487e-18
8.27655310621 1.09179599407e-18
8.29659318637 1.05937421585e-18
8.31663326653 1.02792127925e-18
8.33667334669 9.97408025984e-19
8.35671342685 9.67806182475e-19
8.37675350701 9.39088332775e-19
8.39679358717 9.112278923e-19
8.41683366733 8.84199082381e-19
8.43687374749 8.57976905613e-19
8.45691382766 8.32537121961e-19
8.47695390782 8.07856225598e-19
8.49699398798 7.8391142247e-19
8.51703406814 7.60680608543e-19
8.5370741483 7.38142348734e-19
8.55711422846 7.16275856477e-19
8.57715430862 6.95060973932e-19
8.59719438878 6.74478152799e-19
8.61723446894 6.54508435723e-19
8.6372745491 6.35133438274e-19
8.65731462926 6.16335331481e-19
8.67735470942 5.98096824902e-19
8.69739478958 5.80401150221e-19
8.71743486974 5.63232045341e-19
8.7374749499 5.46573738975e-19
8.75751503006 5.30410935702e-19
8.77755511022 5.14728801493e-19
8.79759519038 4.99512949671e-19
8.81763527054 4.84749427308e-19
8.8376753507 4.70424702041e-19
8.85771543086 4.56525649286e-19
8.87775551102 4.43039539853e-19
8.89779559118 4.29954027931e-19
8.91783567134 4.17257139453e-19
8.9378757515 4.04937260808e-19
8.95791583166 3.929831279e-19
8.97795591182 3.81383815549e-19
8.99799599198 3.70128727208e-19
9.01803607214 3.59207585002e-19
9.0380761523 3.48610420065e-19
9.05811623246 3.38327563177e-19
9.07815631263 3.2834963569e-19
9.09819639279 3.1866754072e-19
9.11823647295 3.09272454622e-19
9.13827655311 3.00155818718e-19
9.15831663327 2.91309331277e-19
9.17835671343 2.82724939742e-19
9.19839679359 2.74394833196e-19
9.21843687375 2.66311435053e-19
9.23847695391 2.58467395977e-19
9.25851703407 2.50855587012e-19
9.27855711423 2.43469092925e-19
9.29859719439 2.36301205753e-19
9.31863727455 2.29345418541e-19
9.33867735471 2.22595419274e-19
9.35871743487 2.16045084997e-19
9.37875751503 2.09688476109e-19
9.39879759519 2.0351983083e-19
9.41883767535 1.97533559842e-19
9.43887775551 1.91724241088e-19
9.45891783567 1.86086614731e-19
9.47895791583 1.80615578265e-19
9.49899799599 1.75306181775e-19
9.51903807615 1.70153623345e-19
9.53907815631 1.65153244596e-19
9.55911823647 1.6030052637e-19
9.57915831663 1.55591084536e-19
9.59919839679 1.51020665932e-19
9.61923847695 1.46585144421e-19
9.63927855711 1.42280517073e-19
9.65931863727 1.38102900462e-19
9.67935871743 1.3404852707e-19
9.6993987976 1.30113741808e-19
9.71943887776 1.26294998636e-19
9.73947895792 1.22588857287e-19
9.75951903808 1.18991980094e-19
9.77955911824 1.15501128905e-19
9.7995991984 1.12113162098e-19
9.81963927856 1.08825031687e-19
9.83967935872 1.05633780508e-19
9.85971943888 1.02536539499e-19
9.87975951904 9.95305250548e-20
9.8997995992 0.0
9.91983967936 0.0
9.93987975952 0.0
9.95991983968 0.0
9.97995991984 0.0
10.0 0.0
