0.0 0.0
0.0200400801603 0.0
0.0400801603206 0.0
0.060120240481 5.69104486126e-11
0.0801603206413 4.74319803776e-11
0.100200400802 4.578901528e-11
0.120240480962 4.58212447298e-11
0.140280561122 3.9721527039e-11
0.160320641283 3.1801380419e-11
0.180360721443 2.77082054437e-11
0.200400801603 2.4955807426e-11
0.220440881764 1.26198377163e-10
0.240480961924 1.24817284288e-10
0.260521042084 2.0849575388e-11
0.280561122244 1.99281051494e-11
0.300601202405 1.90891401452e-11
0.320641282565 1.83804122634e-11
0.340681362725 1.77997128191e-11
0.360721442886 1.71924344884e-11
0.380761523046 1.66336610122e-11
0.400801603206 1.60996775928e-11
0.420841683367 1.56215602325e-11
0.440881763527 1.51917378327e-11
0.460921843687 1.47811508909e-11
0.480961923848 1.43990561793e-11
0.501002004008 1.4035046476e-11
0.521042084168 1.37065774598e-11
0.541082164329 1.34025027773e-11
0.561122244489 1.31177362884e-11
0.581162324649 1.28547090345e-11
0.60120240481 1.26161780551e-11
0.62124248497 1.2387629265e-11
0.64128256513 1.21703074748e-11
0.661322645291 1.19767686369e-11
0.681362725451 1.17875982805e-11
0.701402805611 1.15785528186e-11
0.721442885772 1.1381084646e-11
0.741482965932 1.11922634487e-11
0.761523046092 1.10028044913e-11
0.781563126253 1.08247397701e-11
0.801603206413 1.06643895425e-11
0.821643286573 1.04825829427e-11
0.841683366733 1.02885435731e-11
0.861723446894 1.01104140474e-11
0.881763527054 9.92332681723e-12
0.901803607214 9.69886544039e-12
0.921843687375 9.48594854276e-12
0.941883767535 9.28292439538e-12
0.961923847695 9.06357393932e-12
0.981963927856 8.85274598344e-12
1.00200400802 8.65535928015e-12
1.02204408818 8.4779585887e-12
1.04208416834 8.31475393006e-12
1.0621242485 8.1631564656e-12
1.08216432866 8.01212050406e-12
1.10220440882 7.85936183824e-12
1.12224448898 7.7094028284e-12
1.14228456914 7.5673658126e-12
1.1623246493 7.40321039207e-12
1.18236472946 7.24567798474e-12
1.20240480962 7.10123956582e-12
1.22244488978 6.9594900789e-12
1.24248496994 6.82102984849e-12
1.2625250501 6.68712980374e-12
1.28256513026 6.55846703195e-12
1.30260521042 6.43719502835e-12
1.32264529058 6.32076197908e-12
1.34268537074 6.20855238528e-12
1.3627254509 6.10872698572e-12
1.38276553106 6.0130649319e-12
1.40280561122 5.92151986333e-12
1.42284569138 5.8254598149e-12
1.44288577154 5.72800498853e-12
1.4629258517 5.63489028607e-12
1.48296593186 5.54512284328e-12
1.50300601202 5.46000369841e-12
1.52304609218 5.37802391302e-12
1.54308617234 5.30034133356e-12
1.56312625251 5.21375943338e-12
1.58316633267 5.12955741919e-12
1.60320641283 5.04900078185e-12
1.62324649299 4.97064899003e-12
1.64328657315 4.89435603873e-12
1.66332665331 4.82070288659e-12
1.68336673347 4.75093485372e-12
1.70340681363 4.68863739099e-12
1.72344689379 4.62861752804e-12
1.74348697395 4.57032750555e-12
1.76352705411 4.48807158378e-12
1.78356713427 4.40699273312e-12
1.80360721443 4.3279357353e-12
1.82364729459 4.25873388068e-12
1.84368737475 4.19560855092e-12
1.86372745491 4.13526630562e-12
1.88376753507 4.08328913827e-12
1.90380761523 4.04779160305e-12
1.92384769539 4.01344947164e-12
1.94388777555 3.98003832341e-12
1.96392785571 3.92066245393e-12
1.98396793587 3.86210584896e-12
2.00400801603 3.80256053179e-12
2.02404809619 3.75047233211e-12
2.04408817635 3.69740629472e-12
2.06412825651 3.64612163763e-12
2.08416833667 3.59607684328e-12
2.10420841683 3.54739258854e-12
2.12424849699 3.50012880881e-12
2.14428857715 3.453966372e-12
2.16432865731 3.40691732727e-12
2.18436873747 3.36070777034e-12
2.20440881764 3.31540515626e-12
2.2244488978 3.2657308494e-12
2.24448897796 3.21438269459e-12
2.26452905812 3.16480049249e-12
2.28456913828 3.11533146003e-12
2.30460921844 3.06479906476e-12
2.3246492986 3.01548544997e-12
2.34468937876 2.96714434724e-12
2.36472945892 2.92875658237e-12
2.38476953908 2.89112541371e-12
2.40480961924 2.85422730513e-12
2.4248496994 2.81708633157e-12
2.44488977956 2.78018576524e-12
2.46492985972 2.74397609475e-12
2.48496993988 2.70403294359e-12
2.50501002004 2.6563641668e-12
2.5250501002 2.60953017346e-12
2.54509018036 2.56370259059e-12
2.56513026052 2.53601916481e-12
2.58517034068 2.50883204875e-12
2.60521042084 2.48212702066e-12
2.625250501 2.44662348555e-12
2.64529058116 2.40740987915e-12
2.66533066132 2.36884093411e-12
2.68537074148 2.33119011996e-12
2.70541082164 2.29467888415e-12
2.7254509018 2.25875193608e-12
2.74549098196 2.22350173107e-12
2.76553106212 2.19368671811e-12
2.78557114228 2.16434150526e-12
2.80561122244 2.13545435277e-12
2.82565130261 2.09607967804e-12
2.84569138277 2.05244986294e-12
2.86573146293 2.00946381863e-12
2.88577154309 1.97268924211e-12
2.90581162325 1.94624186273e-12
2.92585170341 1.92018571671e-12
2.94589178357 1.89428211361e-12
2.96593186373 1.86178455951e-12
2.98597194389 1.82974824197e-12
3.00601202405 1.79816291811e-12
3.02605210421 1.76653447466e-12
3.04609218437 1.73513944346e-12
3.06613226453 1.70417543042e-12
3.08617234469 1.67427237114e-12
3.10621242485 1.64584643573e-12
3.12625250501 1.61780278541e-12
3.14629258517 1.59023973165e-12
3.16633266533 1.56545157965e-12
3.18637274549 1.54099068512e-12
3.20641282565 1.51685028845e-12
3.22645290581 1.48833303624e-12
3.24649298597 1.45829666197e-12
3.26653306613 1.42864162282e-12
3.28657314629 1.39827991735e-12
3.30661322645 1.3665621052e-12
3.32665330661 1.33523753927e-12
3.34669338677 1.30467084164e-12
3.36673346693 1.28117551055e-12
3.38677354709 1.25796785983e-12
3.40681362725 1.23504242808e-12
3.42685370741 1.21122462956e-12
3.44689378758 1.18724556366e-12
3.46693386774 1.16355170043e-12
3.4869739479 1.14052728664e-12
3.50701402806 1.11837250454e-12
3.52705410822 1.09647642741e-12
3.54709418838 1.07467034716e-12
3.56713426854 1.05067610978e-12
3.5871743487 1.02695601413e-12
3.60721442886 1.0035052522e-12
3.62725450902 9.8142045913e-13
3.64729458918 9.59983014639e-13
3.66733466934 9.38784890281e-13
3.6873747495 9.18511673565e-13
3.70741482966 8.9947880681e-13
3.72745490982 8.80654978647e-13
3.74749498998 8.62091996383e-13
3.76753507014 8.44429272126e-13
3.7875751503 8.2695727905e-13
3.80761523046 8.0967285632e-13
3.82765531062 7.90281338035e-13
3.84769539078 7.70307155443e-13
3.86773547094 7.50543154596e-13
3.8877755511 7.32097108638e-13
3.90781563126 7.15412821783e-13
3.92785571142 6.98901572468e-13
3.94789579158 6.826757397e-13
3.96793587174 6.6787605061e-13
3.9879759519 6.53227540526e-13
4.00801603206 6.38727847829e-13
4.02805611222 6.23008411055e-13
4.04809619238 6.07001910633e-13
4.06813627255 5.91155153459e-13
4.08817635271 5.76516647969e-13
4.10821643287 5.63446039933e-13
4.12825651303 5.50504119193e-13
4.14829659319 5.37641292716e-13
4.16833667335 5.24444932663e-13
4.18837675351 5.11376421903e-13
4.20841683367 4.98433874488e-13
4.22845691383 4.86512579238e-13
4.24849699399 4.74981255402e-13
4.26853707415 4.63559523558e-13
4.28857715431 4.51971439571e-13
4.30861723447 4.40136086471e-13
4.32865731463 4.28411476975e-13
4.34869739479 4.16924425946e-13
4.36873747495 4.06644640416e-13
4.38877755511 3.96459750222e-13
4.40881763527 3.86368423363e-13
4.42885771543 3.77069083183e-13
4.44889779559 3.68057654761e-13
4.46893787575 3.59127902132e-13
4.48897795591 3.5020413996e-13
4.50901803607 3.41267625325e-13
4.52905811623 3.32410948602e-13
4.54909819639 3.23676596362e-13
4.56913827655 3.15355506688e-13
4.58917835671 3.07107754217e-13
4.60921843687 2.98932357977e-13
4.62925851703 2.90918168243e-13
4.64929859719 2.82998221764e-13
4.66933867735 2.75146819202e-13
4.68937875752 2.6777359359e-13
4.70941883768 2.60954111742e-13
4.72945891784 2.54192917273e-13
4.749498998 2.47421363328e-13
4.76953907816 2.40232586423e-13
4.78957915832 2.33104404469e-13
4.80961923848 2.26036044223e-13
4.82965931864 2.19679803672e-13
4.8496993988 2.13544386796e-13
4.86973947896 2.07459838326e-13
4.88977955912 2.01557774867e-13
4.90981963928 1.95855829437e-13
4.92985971944 1.90200569627e-13
4.9498997996 1.84665993222e-13
4.96993987976 1.796521623e-13
4.98997995992 1.74678893639e-13
5.01002004008 1.6983693903e-13
5.03006012024 1.65118170836e-13
5.0501002004 1.60437110624e-13
5.07014028056 1.56037782968e-13
5.09018036072 1.51678353572e-13
5.11022044088 1.47353344029e-13
5.13026052104 1.43062342975e-13
5.1503006012 1.38804945745e-13
5.17034068136 1.34881377094e-13
5.19038076152 1.31007618477e-13
5.21042084168 1.27163845107e-13
5.23046092184 1.23349705826e-13
5.250501002 1.19564855074e-13
5.27054108216 1.16151714619e-13
5.29058116232 1.12802952423e-13
5.31062124248 1.09479617552e-13
5.33066132265 1.06181417946e-13
5.35070140281 1.02908066107e-13
5.37074148297 9.9753249031e-14
5.39078156313 9.66374369971e-14
5.41082164329 9.35448315857e-14
5.43086172345 9.04751715839e-14
5.45090180361 8.74281997754e-14
5.47094188377 8.47020492922e-14
5.49098196393 8.20619621232e-14
5.51102204409 7.9441179896e-14
5.53106212425 7.68394892513e-14
5.55110220441 7.42566800371e-14
5.57114228457 7.18012337577e-14
5.59118236473 6.9394425324e-14
5.61122244489 6.7004894605e-14
5.63126252505 6.46324542569e-14
5.65130260521 6.22769196954e-14
5.67134268537 6.01358491828e-14
5.69138276553 5.80801169514e-14
5.71142284569 5.60388822772e-14
5.73146292585 5.40119907227e-14
5.75150300601 5.19992900856e-14
5.77154308617 5.00722311255e-14
5.79158316633 4.8189594506e-14
5.81162324649 4.63200008136e-14
5.83166332665 4.44633136406e-14
5.85170340681 4.26193985156e-14
5.87174348697 4.08756322395e-14
5.89178356713 3.91893992617e-14
5.91182364729 3.7514647603e-14
5.93186372745 3.58512592972e-14
5.95190380762 3.4199118022e-14
5.97194388778 3.27196890753e-14
5.99198396794 3.1350519065e-14
6.0120240481 2.99905178059e-14
6.03206412826 2.86395925944e-14
6.05210420842 2.72976519997e-14
6.07214428858 2.60316241616e-14
6.09218436874 2.48231797389e-14
6.1122244489 2.36226936984e-14
6.13226452906 2.24300869247e-14
6.15230460922 2.12452813702e-14
6.17234468938 2.01070922979e-14
6.19238476954 1.90099449475e-14
6.2124248497 1.79199045141e-14
6.23246492986 1.68369015375e-14
6.25250501002 1.57608674782e-14
6.27254509018 1.47736372478e-14
6.29258517034 1.38760233479e-14
6.3126252505 1.29841324546e-14
6.33266533066 1.2097909485e-14
6.35270541082 1.1217300076e-14
6.37274549098 1.03987088054e-14
6.39278557114 9.65280304103e-15
6.4128256513 8.91157918431e-15
6.43286573146 8.17499285527e-15
6.45290581162 7.4430002457e-15
6.47294589178 6.79927807591e-15
6.49298597194 6.27760316629e-15
6.5130260521 5.75915531644e-15
6.53306613226 5.24390431032e-15
6.55310621242 4.73182031843e-15
6.57314629259 4.28118897785e-15
6.59318637275 3.93074078182e-15
6.61322645291 3.58243057254e-15
6.63326653307 3.23623853963e-15
6.65330661323 2.8921451254e-15
6.67334669339 2.56171111631e-15
6.69338677355 2.25636058222e-15
6.71342685371 1.95284487229e-15
6.73346693387 1.65114724237e-15
6.75350701403 1.35125115865e-15
6.77354709419 1.08446970791e-15
6.79358717435 8.94676370256e-16
6.81362725451 7.06009425373e-16
6.83366733467 5.1845866098e-16
6.85370741483 3.32013993856e-16
6.87374749499 1.85087145906e-16
6.89378757515 1.52424703904e-16
6.91382765531 1.1995999031e-16
6.93386773547 8.76910372815e-17
6.95390781563 5.56159076477e-17
6.97394789579 2.97144346924e-17
6.99398797595 2.61231492554e-17
7.01402805611 2.2559464803e-17
7.03406813627 1.90229326354e-17
7.05410821643 1.55131158069e-17
7.07414829659 1.24030369411e-17
7.09418837675 1.1112928422e-17
7.11422845691 9.83607921356e-18
7.13426853707 8.57219859179e-18
7.15430861723 7.32100464491e-18
7.17434869739 6.21787358757e-18
7.19438877756 6.02094232346e-18
7.21442885772 5.83018113528e-18
7.23446893788 5.64538797778e-18
7.25450901804 5.46636768269e-18
7.2745490982 5.293287846e-18
7.29458917836 5.12915918893e-18
7.31462925852 4.97023535384e-18
7.33466933868 4.81634650115e-18
7.35470941884 4.66732853197e-18
7.374749499 4.52302288583e-18
7.39478957916 4.38327634594e-18
7.41482965932 4.24794085153e-18
7.43486973948 4.11687331712e-18
7.45490981964 3.98993545848e-18
7.4749498998 3.86699362484e-18
7.49498997996 3.74791863735e-18
7.51503006012 3.63258563339e-18
7.53507014028 3.5208739165e-18
7.55511022044 3.41266681187e-18
7.5751503006 3.30785152697e-18
7.59519038076 3.20631901729e-18
7.61523046092 3.10796385689e-18
7.63527054108 3.0126841137e-18
7.65531062124 2.92038122918e-18
7.6753507014 2.83095990244e-18
7.69539078156 2.74432797845e-18
7.71543086172 2.66039634024e-18
7.73547094188 2.57907880502e-18
7.75551102204 2.50029202392e-18
7.7755511022 2.42395538541e-18
7.79559118236 2.34999092204e-18
7.81563126253 2.2783232206e-18
7.83567134269 2.20887933537e-18
7.85571142285 2.14158870452e-18
7.87575150301 2.0763830694e-18
7.89579158317 2.0131963967e-18
7.91583166333 1.95196480339e-18
7.93587174349 1.8926264842e-18
7.95591182365 1.83512164179e-18
7.97595190381 1.77939241918e-18
7.99599198397 1.72538283473e-18
8.01603206413 1.67303871927e-18
8.03607214429 1.62230765544e-18
8.05611222445 1.57313891918e-18
8.07615230461 1.52548342322e-18
8.09619238477 1.47929366255e-18
8.11623246493 1.43452366175e-18
8.13627254509 1.39112892416e-18
8.15631262525 1.34906638281e-18
8.17635270541 1.30829435304e-18
8.19639278557 1.26877248673e-18
8.21643286573 1.23046172811e-18
8.23647294589 1.19332427112e-18
8.25651302605 1.15732351818e-18
8.27655310621 1.12242404039e-18
8.29659318637 1.08859153911e-18
8.31663326653 1.05579280882e-18
8.33667334669 1.02399570125e-18
8.35671342685 9.93169090747e-19
8.37675350701 9.63282840787e-19
8.39679358717 9.34307771663e-19
8.41683366733 9.06215629229e-19
8.43687374749 8.78979054717e-19
8.45691382766 8.52571555573e-19
8.47695390782 8.26967477269e-19
8.49699398798 8.02141976073e-19
8.51703406814 7.78070992722e-19
8.5370741483 7.5473122699e-19
8.55711422846 7.321001131e-19
8.57715430862 7.10155795963e-19
8.59719438878 6.88877108207e-19
8.61723446894 6.68243547981e-19
8.6372745491 6.48235257486e-19
8.65731462926 6.28833002232e-19
8.67735470942 6.10018150977e-19
8.69739478958 5.91772656339e-19
8.71743486974 5.74079036041e-19
8.7374749499 5.56920354785e-19
8.75751503006 5.40280206724e-19
8.77755511022 5.2414269851e-19
8.79759519038 5.08492432902e-19
8.81763527054 4.93314492915e-19
8.8376753507 4.78594426492e-19
8.85771543086 4.64318231677e-19
8.87775551102 4.50472342272e-19
8.89779559118 4.37043613973e-19
8.91783567134 4.24019310949e-19
8.9378757515 4.1138709287e-19
8.95791583166 3.99135002353e-19
8.97795591182 3.87251452815e-19
8.99799599198 3.75725216731e-19
9.01803607214 3.64545414263e-19
9.0380761523 3.5370150227e-19
9.05811623246 3.43183263665e-19
9.07815631263 3.32980797123e-19
9.09819639279 3.23084507122e-19
9.11823647295 3.13485094305e-19
9.13827655311 3.04173546151e-19
9.15831663327 2.95141127957e-19
9.17835671343 2.86379374097e-19
9.19839679359 2.77880079575e-19
9.21843687375 2.69635291843e-19
9.23847695391 2.61637302885e-19
9.25851703407 2.53878641553e-19
9.27855711423 2.46352066154e-19
9.29859719439 2.39050557267e-19
9.31863727455 2.31967310797e-19
9.33867735471 2.25095731247e-19
9.35871743487 2.18429425209e-19
9.37875751503 2.11962195059e-19
9.39879759519 2.05688032854e-19
9.41883767535 1.99601114426e-19
9.43887775551 1.93695793661e-19
9.45891783567 1.87966596964e-19
9.47895791583 1.82408217894e-19
9.49899799599 1.77015511975e-19
9.51903807615 1.71783491669e-19
9.53907815631 1.66707321509e-19
9.55911823647 1.61782313385e-19
9.57915831663 1.57003921981e-19
9.59919839679 1.52367740356e-19
9.61923847695 1.47869495665e-19
9.63927855711 1.43505045008e-19
9.65931863727 1.39270371425e-19
9.67935871743 1.35161580002e-19
9.6993987976 1.31174894108e-19
9.71943887776 1.27306651747e-19
9.73947895792 1.23553302028e-19
9.75951903808 1.19911401742e-19
9.77955911824 1.16377612048e-19
9.7995991984 1.12948695266e-19
9.81963927856 1.09621511764e-19
9.83967935872 1.06393016946e-19
9.85971943888 1.03260258338e-19
9.87975951904 1.00220372759e-19
9.8997995992 0.0
9.91983967936 0.0
9.93987975952 0.0
9.95991983968 0.0
9.97995991984 0.0
10.0 0.0
