0.0 0.0
0.0200400801603 0.0
0.0400801603206 0.0
0.060120240481 0.0
0.0801603206413 0.0
0.100200400802 0.0
0.120240480962 0.0
0.140280561122 4.7915729672e-11
0.160320641283 1.72896855794e-11
0.180360721443 1.06362672076e-11
0.200400801603 8.63249870993e-12
0.220440881764 3.31563585748e-10
0.240480961924 3.21652598353e-10
0.260521042084 1.05068140897e-11
0.280561122244 1.15718755849e-11
0.300601202405 1.24585215037e-11
0.320641282565 1.34358704479e-11
0.340681362725 1.45838415367e-11
0.360721442886 1.53290117168e-11
0.380761523046 1.59641209748e-11
0.400801603206 1.65321585411e-11
0.420841683367 1.70553159243e-11
0.440881763527 1.75387606835e-11
0.460921843687 1.79798862684e-11
0.480961923848 1.83720822727e-11
0.501002004008 1.86962790765e-11
0.521042084168 1.89959627549e-11
0.541082164329 1.92692760623e-11
0.561122244489 1.95160515621e-11
0.581162324649 1.97455646042e-11
0.60120240481 1.99587218823e-11
0.62124248497 2.0144652101e-11
0.64128256513 2.03102839001e-11
0.661322645291 2.04669360225e-11
0.681362725451 2.05884798666e-11
0.701402805611 2.06204703599e-11
0.721442885772 2.06511645011e-11
0.741482965932 2.06781441343e-11
0.761523046092 2.06757251605e-11
0.781563126253 2.06713672284e-11
0.801603206413 2.06695422284e-11
0.821643286573 2.05873388849e-11
0.841683366733 2.04533142569e-11
0.861723446894 2.03253315151e-11
0.881763527054 2.01583892349e-11
0.901803607214 1.98769700895e-11
0.921843687375 1.96081989668e-11
0.941883767535 1.93502937431e-11
0.961923847695 1.9037299637e-11
0.981963927856 1.87324270581e-11
1.00200400802 1.84417774602e-11
1.02204408818 1.81935794835e-11
1.04208416834 1.79746889635e-11
1.0621242485 1.77632011719e-11
1.08216432866 1.75497591332e-11
1.10220440882 1.7324981682e-11
1.12224448898 1.71084032699e-11
1.14228456914 1.69032165228e-11
1.1623246493 1.66329173744e-11
1.18236472946 1.63672791643e-11
1.20240480962 1.61105945645e-11
1.22244488978 1.58570320635e-11
1.24248496994 1.56083611631e-11
1.2625250501 1.53675225002e-11
1.28256513026 1.5137457608e-11
1.30260521042 1.49236833172e-11
1.32264529058 1.47164760188e-11
1.34268537074 1.45154664184e-11
1.3627254509 1.43445990247e-11
1.38276553106 1.41800293136e-11
1.40280561122 1.40196081173e-11
1.42284569138 1.38454845265e-11
1.44288577154 1.36653849392e-11
1.4629258517 1.3490137898e-11
1.48296593186 1.33218292788e-11
1.50300601202 1.31640413187e-11
1.52304609218 1.30104489813e-11
1.54308617234 1.28627084604e-11
1.56312625251 1.2689750167e-11
1.58316633267 1.25199922145e-11
1.60320641283 1.23545279695e-11
1.62324649299 1.21937413585e-11
1.64328657315 1.20372292706e-11
1.66332665331 1.1884300514e-11
1.68336673347 1.17412586877e-11
1.70340681363 1.16170897351e-11
1.72344689379 1.14958317669e-11
1.74348697395 1.13772419933e-11
1.76352705411 1.11941965942e-11
1.78356713427 1.10132133891e-11
1.80360721443 1.083629059e-11
1.82364729459 1.0684820523e-11
1.84368737475 1.05486552129e-11
1.86372745491 1.04154366776e-11
1.88376753507 1.030360864e-11
1.90380761523 1.02349994931e-11
1.92384769539 1.01678303568e-11
1.94388777555 1.01020562775e-11
1.96392785571 9.96688779248e-12
1.98396793587 9.8330350447e-12
2.00400801603 9.69939667848e-12
2.02404809619 9.57646957641e-12
2.04408817635 9.4548709044e-12
2.06412825651 9.33566381762e-12
2.08416833667 9.2192700585e-12
2.10420841683 9.1061551173e-12
2.12424849699 8.9952011727e-12
2.14428857715 8.88634680264e-12
2.16432865731 8.7748685821e-12
2.18436873747 8.66541462645e-12
2.20440881764 8.55797371397e-12
2.2244488978 8.43868451005e-12
2.24448897796 8.3145126379e-12
2.26452905812 8.19255993574e-12
2.28456913828 8.07066323691e-12
2.30460921844 7.94668220914e-12
2.3246492986 7.82485810068e-12
2.34468937876 7.70515106128e-12
2.36472945892 7.61141657612e-12
2.38476953908 7.51927353694e-12
2.40480961924 7.42868168203e-12
2.4248496994 7.33707249674e-12
2.44488977956 7.24574818067e-12
2.46492985972 7.15592275243e-12
2.48496993988 7.05587509629e-12
2.50501002004 6.93503071286e-12
2.5250501002 6.81611822084e-12
2.54509018036 6.69960779962e-12
2.56513026052 6.63098035946e-12
2.58517034068 6.56342751592e-12
2.60521042084 6.49692416902e-12
2.625250501 6.40686172976e-12
2.64529058116 6.30675151668e-12
2.66533066132 6.20815702657e-12
2.68537074148 6.11181377518e-12
2.70541082164 6.01831869482e-12
2.7254509018 5.92620770853e-12
2.74549098196 5.83573460096e-12
2.76553106212 5.75952993485e-12
2.78557114228 5.68442958757e-12
2.80561122244 5.61040967526e-12
2.82565130261 5.50844334322e-12
2.84569138277 5.39506964696e-12
2.86573146293 5.28328947461e-12
2.88577154309 5.18787671283e-12
2.90581162325 5.11975304549e-12
2.92585170341 5.05256867224e-12
2.94589178357 4.98569546758e-12
2.96593186373 4.90124412178e-12
2.98597194389 4.8179322763e-12
3.00601202405 4.73573697792e-12
3.02605210421 4.65335170098e-12
3.04609218437 4.57151369928e-12
3.06613226453 4.49075067203e-12
3.08617234469 4.4127367337e-12
3.10621242485 4.33857881991e-12
3.12625250501 4.2653762476e-12
3.14629258517 4.19339265914e-12
3.16633266533 4.12871553135e-12
3.18637274549 4.06485598075e-12
3.20641282565 4.0017985695e-12
3.22645290581 3.92708811978e-12
3.24649298597 3.84830591425e-12
3.26653306613 3.77049418552e-12
3.28657314629 3.69076959162e-12
3.30661322645 3.6074118176e-12
3.32665330661 3.52506193783e-12
3.34669338677 3.44468861091e-12
3.36673346693 3.38303617386e-12
3.38677354709 3.32211630402e-12
3.40681362725 3.26191599589e-12
3.42685370741 3.19932183891e-12
3.44689378758 3.13627397312e-12
3.46693386774 3.07395763743e-12
3.4869739479 3.01339297323e-12
3.50701402806 2.955111939e-12
3.52705410822 2.89749556086e-12
3.54709418838 2.8400974996e-12
3.56713426854 2.77687770747e-12
3.5871743487 2.71436652665e-12
3.60721442886 2.65255208901e-12
3.62725450902 2.59434315517e-12
3.64729458918 2.53783493351e-12
3.66733466934 2.48194621661e-12
3.6873747495 2.42849565284e-12
3.70741482966 2.37832033185e-12
3.72745490982 2.32868623224e-12
3.74749498998 2.27973134752e-12
3.76753507014 2.2331517185e-12
3.7875751503 2.18706652248e-12
3.80761523046 2.14146791379e-12
3.82765531062 2.09027200253e-12
3.84769539078 2.0375214314e-12
3.86773547094 1.98531893182e-12
3.8877755511 1.93660220333e-12
3.90781563126 1.89254836322e-12
3.92785571142 1.84894528859e-12
3.94789579158 1.80609132619e-12
3.96793587174 1.76701141929e-12
3.9879759519 1.72832536847e-12
4.00801603206 1.69002723849e-12
4.02805611222 1.64848870492e-12
4.04809619238 1.60618302793e-12
4.06813627255 1.56429516662e-12
4.08817635271 1.52560539343e-12
4.10821643287 1.49106748745e-12
4.12825651303 1.45686576841e-12
4.14829659319 1.42286897918e-12
4.16833667335 1.38798332097e-12
4.18837675351 1.35343230067e-12
4.20841683367 1.31921111793e-12
4.22845691383 1.28769366187e-12
4.24849699399 1.25720636625e-12
4.26853707415 1.22700602594e-12
4.28857715431 1.19636119719e-12
4.30861723447 1.16505751089e-12
4.32865731463 1.134044317e-12
4.34869739479 1.10365797825e-12
4.36873747495 1.07646957174e-12
4.38877755511 1.049530027e-12
4.40881763527 1.02283593665e-12
4.42885771543 9.98239102667e-13
4.44889779559 9.74403204221e-13
4.46893787575 9.50781567777e-13
4.48897795591 9.27173638507e-13
4.50901803607 9.03529824983e-13
4.52905811623 8.80095697919e-13
4.54909819639 8.56983986251e-13
4.56913827655 8.34966102977e-13
4.58917835671 8.13140921087e-13
4.60921843687 7.91505917291e-13
4.62925851703 7.70296721509e-13
4.64929859719 7.49335872615e-13
4.66933867735 7.28555304686e-13
4.68937875752 7.09041074883e-13
4.70941883768 6.90993573365e-13
4.72945891784 6.73099333043e-13
4.749498998 6.55176419206e-13
4.76953907816 6.36146247071e-13
4.78957915832 6.17275621402e-13
4.80961923848 5.98562540767e-13
4.82965931864 5.81736352246e-13
4.8496993988 5.65494620753e-13
4.86973947896 5.4938682096e-13
4.88977955912 5.33761918463e-13
4.90981963928 5.18666695858e-13
4.92985971944 5.03694428981e-13
4.9498997996 4.89041325319e-13
4.96993987976 4.75768001085e-13
4.98997995992 4.62601494409e-13
5.01002004008 4.4978242259e-13
5.03006012024 4.37289267094e-13
5.0501002004 4.24895449335e-13
5.07014028056 4.1324791037e-13
5.09018036072 4.01705565891e-13
5.11022044088 3.90253917294e-13
5.13026052104 3.78891897742e-13
5.1503006012 3.67618457101e-13
5.17034068136 3.57229510818e-13
5.19038076152 3.46972145137e-13
5.21042084168 3.36793824432e-13
5.23046092184 3.26693636758e-13
5.250501002 3.16670684181e-13
5.27054108216 3.07632733307e-13
5.29058116232 2.98765069718e-13
5.31062124248 2.89964451489e-13
5.33066132265 2.81230119625e-13
5.35070140281 2.72561326572e-13
5.37074148297 2.64206445327e-13
5.39078156313 2.55954659406e-13
5.41082164329 2.47764100789e-13
5.43086172345 2.39634089246e-13
5.45090180361 2.31563954616e-13
5.47094188377 2.24344035907e-13
5.49098196393 2.17352015691e-13
5.51102204409 2.10410932739e-13
5.53106212425 2.03520231343e-13
5.55110220441 1.96679363867e-13
5.57114228457 1.90175913134e-13
5.59118236473 1.83801194353e-13
5.61122244489 1.77472083109e-13
5.63126252505 1.71188090744e-13
5.65130260521 1.64948735577e-13
5.67134268537 1.59277728427e-13
5.69138276553 1.53832777402e-13
5.71142284569 1.48426098624e-13
5.73146292585 1.43057289166e-13
5.75150300601 1.37725951753e-13
5.77154308617 1.32621498451e-13
5.79158316633 1.27634667514e-13
5.81162324649 1.22682281786e-13
5.83166332665 1.17763984903e-13
5.85170340681 1.12879425418e-13
5.87174348697 1.08260230439e-13
5.89178356713 1.0379343661e-13
5.91182364729 9.93569715758e-14
5.93186372745 9.49505268796e-14
5.95190380762 9.05737982469e-14
5.97194388778 8.66548062006e-14
5.99198396794 8.30279999291e-14
6.0120240481 7.9425410108e-14
6.03206412826 7.58467944812e-14
6.05210420842 7.22919140244e-14
6.07214428858 6.8938185793e-14
6.09218436874 6.57370246643e-14
6.1122244489 6.25568868627e-14
6.13226452906 5.93975655147e-14
6.15230460922 5.62588564621e-14
6.17234468938 5.32436536503e-14
6.19238476954 5.03371817095e-14
6.2124248497 4.74494887298e-14
6.23246492986 4.45803929119e-14
6.25250501002 4.17297148039e-14
6.27254509018 3.9114382959e-14
6.29258517034 3.67365524903e-14
6.3126252505 3.43738423397e-14
6.33266533066 3.20261084112e-14
6.35270541082 2.96932084412e-14
6.37274549098 2.7524659575e-14
6.39278557114 2.55487397218e-14
6.4128256513 2.35851886629e-14
6.43286573146 2.16338903385e-14
6.45290581162 1.96947301425e-14
6.47294589178 1.79895158795e-14
6.49298597194 1.6607782228e-14
6.5130260521 1.52345672046e-14
6.53306613226 1.38697920324e-14
6.55310621242 1.25133789083e-14
6.57314629259 1.13198291518e-14
6.59318637275 1.03918078907e-14
6.61322645291 9.46942374835e-15
6.63326653307 8.5526253128e-15
6.65330661323 7.64136180012e-15
6.67334669339 6.76627873237e-15
6.69338677355 5.95765908451e-15
6.71342685371 5.15387788962e-15
6.73346693387 4.35489167379e-15
6.75350701403 3.56065748633e-15
6.77354709419 2.85417828994e-15
6.79358717435 2.3517507455e-15
6.81362725451 1.85228754657e-15
6.83366733467 1.35576238531e-15
6.85370741483 8.62149267632e-16
6.87374749499 4.73267060634e-16
6.89378757515 3.87247216e-16
6.91382765531 3.01732988423e-16
6.93386773547 2.1671980671e-16
6.95390781563 1.32203157445e-16
6.97394789579 6.40343521434e-17
6.99398797595 5.49869144292e-17
7.01402805611 4.59970208246e-17
7.03406813627 3.70640203888e-17
7.05410821643 2.81872739137e-17
7.07414829659 2.0356046997e-17
7.09418837675 1.7335404866e-17
7.11422845691 1.43367881364e-17
7.13426853707 1.13598747408e-17
7.15430861723 8.40434994017e-18
7.17434869739 5.82946912797e-18
7.19438877756 5.6452066075e-18
7.21442885772 5.46626267529e-18
7.23446893788 5.29247603166e-18
7.25450901804 5.1236903521e-18
7.2745490982 4.96069811763e-18
7.29458917836 4.81181568654e-18
7.31462925852 4.66743683084e-18
7.33466933868 4.52742408462e-18
7.35470941884 4.39164422195e-18
7.374749499 4.2599681245e-18
7.39478957916 4.13227065337e-18
7.41482965932 4.00843052497e-18
7.43486973948 3.88833019082e-18
7.45490981964 3.77185572113e-18
7.4749498998 3.65889669215e-18
7.49498997996 3.54934607692e-18
7.51503006012 3.44310013965e-18
7.53507014028 3.34005833324e-18
7.55511022044 3.24012320024e-18
7.5751503006 3.14320027671e-18
7.59519038076 3.04919799931e-18
7.61523046092 2.95802761515e-18
7.63527054108 2.86960309463e-18
7.65531062124 2.78384104685e-18
7.6753507014 2.70066063785e-18
7.69539078156 2.61998351129e-18
7.71543086172 2.54173371168e-18
7.73547094188 2.46583761003e-18
7.75551102204 2.39222383179e-18
7.7755511022 2.32082318706e-18
7.79559118236 2.25156860303e-18
7.81563126253 2.18439505849e-18
7.83567134269 2.11923952039e-18
7.85571142285 2.05604088244e-18
7.87575150301 1.99473990555e-18
7.89579158317 1.93527916019e-18
7.91583166333 1.87760297054e-18
7.93587174349 1.82165736038e-18
7.95591182365 1.76739000066e-18
7.97595190381 1.71475015874e-18
7.99599198397 1.66368864915e-18
8.01603206413 1.61415778596e-18
8.03607214429 1.5661113366e-18
8.05611222445 1.51950447708e-18
8.07615230461 1.4742937487e-18
8.09619238477 1.43043701599e-18
8.11623246493 1.38789342609e-18
8.13627254509 1.34662336925e-18
8.15631262525 1.30658844067e-18
8.17635270541 1.26775140352e-18
8.19639278557 1.23007615298e-18
8.21643286573 1.1935276816e-18
8.23647294589 1.15807204555e-18
8.25651302605 1.12367633204e-18
8.27655310621 1.09030862767e-18
8.29659318637 1.05793798782e-18
8.31663326653 1.02653440698e-18
8.33667334669 9.9606878992e-19
8.35671342685 9.66512923894e-19
8.37675350701 9.37839451572e-19
8.39679358717 9.10021844887e-19
8.41683366733 8.83034379662e-19
8.43687374749 8.56852111028e-19
8.45691382766 8.31450849601e-19
8.47695390782 8.06807138391e-19
8.49699398798 7.82898230432e-19
8.51703406814 7.59702067098e-19
8.5370741483 7.37197257082e-19
8.55711422846 7.15363056037e-19
8.57715430862 6.9417934683e-19
8.59719438878 6.73626620417e-19
8.61723446894 6.53685957299e-19
8.6372745491 6.34339009551e-19
8.65731462926 6.1556798341e-19
8.67735470942 5.97355622385e-19
8.69739478958 5.79685190905e-19
8.71743486974 5.62540458454e-19
8.7374749499 5.45905684201e-19
8.75751503006 5.29765602105e-19
8.77755511022 5.14105406469e-19
8.79759519038 4.98910737946e-19
8.81763527054 4.84167669968e-19
8.8376753507 4.69862695598e-19
8.85771543086 4.55982714779e-19
8.87775551102 4.42515021979e-19
8.89779559118 4.29447294211e-19
8.91783567134 4.16767579421e-19
8.9378757515 4.04464285237e-19
8.95791583166 3.9252616805e-19
8.97795591182 3.80942322446e-19
8.99799599198 3.69702170947e-19
9.01803607214 3.58795454073e-19
9.0380761523 3.48212220708e-19
9.05811623246 3.37942818757e-19
9.07815631263 3.27977886089e-19
9.09819639279 3.18308341764e-19
9.11823647295 3.08925377518e-19
9.13827655311 2.99820449511e-19
9.15831663327 2.90985270333e-19
9.17835671343 2.82411801245e-19
9.19839679359 2.7409224466e-19
9.21843687375 2.6601903686e-19
9.23847695391 2.58184840923e-19
9.25851703407 2.50582539874e-19
9.27855711423 2.43205230041e-19
9.29859719439 2.36046214617e-19
9.31863727455 2.29098997416e-19
9.33867735471 2.22357276814e-19
9.35871743487 2.15814939884e-19
9.37875751503 2.09466056703e-19
9.39879759519 2.03304874832e-19
9.41883767535 1.97325813971e-19
9.43887775551 1.91523460762e-19
9.45891783567 1.85892563767e-19
9.47895791583 1.80428028586e-19
9.49899799599 1.75124913131e-19
9.51903807615 1.69978423035e-19
9.53907815631 1.64983907211e-19
9.55911823647 1.60136853538e-19
9.57915831663 1.55432884677e-19
9.59919839679 1.50867754022e-19
9.61923847695 1.46437341768e-19
9.63927855711 1.42137651094e-19
9.65931863727 1.37964804473e-19
9.67935871743 1.33915040081e-19
9.6993987976 1.29984708327e-19
9.71943887776 1.26170268479e-19
9.73947895792 1.22468285394e-19
9.75951903808 1.1887542635e-19
9.77955911824 1.15388457971e-19
9.7995991984 1.12004243249e-19
9.81963927856 1.08719738648e-19
9.83967935872 1.05531991303e-19
9.85971943888 1.02438136301e-19
9.87975951904 9.9435394047e-20
9.8997995992 0.0
9.91983967936 0.0
9.93987975952 0.0
9.95991983968 0.0
9.97995991984 0.0
10.0 0.0
