0.0 0.0
0.0200400801603 0.0
0.0400801603206 0.0
0.060120240481 0.0
0.0801603206413 0.0
0.100200400802 0.0
0.120240480962 0.0
0.140280561122 0.0
0.160320641283 0.0
0.180360721443 0.0
0.200400801603 0.0
0.220440881764 0.0
0.240480961924 0.0
0.260521042084 0.0
0.280561122244 1.34712954958e-10
0.300601202405 6.0406405857e-11
0.320641282565 5.09867494339e-11
0.340681362725 4.84810847454e-11
0.360721442886 4.67666695687e-11
0.380761523046 4.58388021758e-11
0.400801603206 4.53734686369e-11
0.420841683367 4.52022143388e-11
0.440881763527 4.52079832011e-11
0.460921843687 4.53071658234e-11
0.480961923848 4.54349114215e-11
0.501002004008 4.55125281826e-11
0.521042084168 4.56255188177e-11
0.541082164329 4.57570874711e-11
0.561122244489 4.58877900388e-11
0.581162324649 4.602895547e-11
0.60120240481 4.61764041123e-11
0.62124248497 4.62978946273e-11
0.64128256513 4.64034590332e-11
0.661322645291 4.65142592128e-11
0.681362725451 4.65657980765e-11
0.701402805611 4.64350868456e-11
0.721442885772 4.63209740178e-11
0.741482965932 4.62184497009e-11
0.761523046092 4.60650590077e-11
0.781563126253 4.5920676766e-11
0.801603206413 4.57914141943e-11
0.821643286573 4.54926962774e-11
0.841683366733 4.50895450479e-11
0.861723446894 4.47101555285e-11
0.881763527054 4.42553308465e-11
0.901803607214 4.35565794448e-11
0.921843687375 4.28937161045e-11
0.941883767535 4.22629803048e-11
0.961923847695 4.15181079904e-11
0.981963927856 4.07971390051e-11
1.00200400802 4.01107809959e-11
1.02204408818 3.95207480296e-11
1.04208416834 3.89989529814e-11
1.0621242485 3.84983761057e-11
1.08216432866 3.80002105826e-11
1.10220440882 3.74805307842e-11
1.12224448898 3.6981513876e-11
1.14228456914 3.65056469971e-11
1.1623246493 3.58911427259e-11
1.18236472946 3.52892936426e-11
1.20240480962 3.47092147516e-11
1.22244488978 3.41380747458e-11
1.24248496994 3.35794880257e-11
1.2625250501 3.30398368507e-11
1.28256513026 3.25255899227e-11
1.30260521042 3.2047955854e-11
1.32264529058 3.15858407608e-11
1.34268537074 3.11384144853e-11
1.3627254509 3.07569800003e-11
1.38276553106 3.03901155889e-11
1.40280561122 3.00338147882e-11
1.42284569138 2.96493707558e-11
1.44288577154 2.92529306652e-11
1.4629258517 2.88678442751e-11
1.48296593186 2.84987243826e-11
1.50300601202 2.81528202475e-11
1.52304609218 2.78165143204e-11
1.54308617234 2.74912526568e-11
1.56312625251 2.71125083977e-11
1.58316633267 2.6741199061e-11
1.60320641283 2.63796120368e-11
1.62324649299 2.60285370326e-11
1.64328657315 2.56870835764e-11
1.66332665331 2.53539876192e-11
1.68336673347 2.50429839288e-11
1.70340681363 2.47726791624e-11
1.72344689379 2.45089238169e-11
1.74348697395 2.42513370534e-11
1.76352705411 2.3856410175e-11
1.78356713427 2.34662226507e-11
1.80360721443 2.3085005122e-11
1.82364729459 2.27583903345e-11
1.84368737475 2.24646899844e-11
1.86372745491 2.21775120785e-11
1.88376753507 2.19361750273e-11
1.90380761523 2.17871856128e-11
1.92384769539 2.16414193471e-11
1.94388777555 2.14987717701e-11
1.96392785571 2.12083756964e-11
1.98396793587 2.09209631254e-11
2.00400801603 2.06369587415e-11
2.02404809619 2.03700195012e-11
2.04408817635 2.01090434489e-11
2.06412825651 1.98532840398e-11
2.08416833667 1.96036320168e-11
2.10420841683 1.93610711454e-11
2.12424849699 1.9123214855e-11
2.14428857715 1.88899265152e-11
2.16432865731 1.86511490061e-11
2.18436873747 1.84167708467e-11
2.20440881764 1.81867631152e-11
2.2244488978 1.79316342955e-11
2.24448897796 1.7666205864e-11
2.26452905812 1.74055821841e-11
2.28456913828 1.71451585027e-11
2.30460921844 1.68803807575e-11
2.3246492986 1.6620264924e-11
2.34468937876 1.63647222102e-11
2.36472945892 1.61644586949e-11
2.38476953908 1.59676340408e-11
2.40480961924 1.57741598366e-11
2.4248496994 1.55785749615e-11
2.44488977956 1.53836453734e-11
2.46492985972 1.51919487736e-11
2.48496993988 1.49785802166e-11
2.50501002004 1.47210787908e-11
2.5250501002 1.44677346958e-11
2.54509018036 1.42195439448e-11
2.56513026052 1.40731019921e-11
2.58517034068 1.39289744894e-11
2.60521042084 1.37871066699e-11
2.625250501 1.35952414588e-11
2.64529058116 1.33820771999e-11
2.66533066132 1.31721685492e-11
2.68537074148 1.29670752775e-11
2.70541082164 1.27680626281e-11
2.7254509018 1.25720205404e-11
2.74549098196 1.23794862197e-11
2.76553106212 1.22172668001e-11
2.78557114228 1.20574165909e-11
2.80561122244 1.18998837887e-11
2.82565130261 1.16830677255e-11
2.84569138277 1.1442074083e-11
2.86573146293 1.12044928873e-11
2.88577154309 1.10016702183e-11
2.90581162325 1.0856772512e-11
2.92585170341 1.07138865384e-11
2.94589178357 1.05716789392e-11
2.96593186373 1.03921988562e-11
2.98597194389 1.0215156755e-11
3.00601202405 1.00405030626e-11
3.02605210421 9.86546566155e-12
3.04609218437 9.6916078247e-12
3.06613226453 9.52004811889e-12
3.08617234469 9.35433628304e-12
3.10621242485 9.19681865128e-12
3.12625250501 9.04134247613e-12
3.14629258517 8.88846619645e-12
3.16633266533 8.75109748218e-12
3.18637274549 8.61547519132e-12
3.20641282565 8.48156608583e-12
3.22645290581 8.32296180358e-12
3.24649298597 8.15573828001e-12
3.26653306613 7.99058605436e-12
3.28657314629 7.8213918818e-12
3.30661322645 7.64450892063e-12
3.32665330661 7.46977605961e-12
3.34669338677 7.29924611243e-12
3.36673346693 7.16841160842e-12
3.38677354709 7.03913949291e-12
3.40681362725 6.91140183683e-12
3.42685370741 6.77859937139e-12
3.44689378758 6.64484439422e-12
3.46693386774 6.51264876987e-12
3.4869739479 6.38417417293e-12
3.50701402806 6.26054744922e-12
3.52705410822 6.13833707365e-12
3.54709418838 6.01659690442e-12
3.56713426854 5.88252738025e-12
3.5871743487 5.74996731138e-12
3.60721442886 5.61889126046e-12
3.62725450902 5.49546235983e-12
3.64729458918 5.37564387739e-12
3.66733466934 5.25714452866e-12
3.6873747495 5.14381734482e-12
3.70741482966 5.03743535665e-12
3.72745490982 4.93220551072e-12
3.74749498998 4.82841996868e-12
3.76753507014 4.72967166831e-12
3.7875751503 4.63197563876e-12
3.80761523046 4.53531509476e-12
3.82765531062 4.42680174046e-12
3.84769539078 4.31500003305e-12
3.86773547094 4.2043643295e-12
3.8877755511 4.10111728796e-12
3.90781563126 4.00775174484e-12
3.92785571142 3.91534497537e-12
3.94789579158 3.82452878584e-12
3.96793587174 3.74171011989e-12
3.9879759519 3.65972900086e-12
4.00801603206 3.57857274914e-12
4.02805611222 3.49055657947e-12
4.04809619238 3.4009190143e-12
4.06813627255 3.31216969649e-12
4.08817635271 3.23019672021e-12
4.10821643287 3.15701958605e-12
4.12825651303 3.08455701873e-12
4.14829659319 3.01253096816e-12
4.16833667335 2.93862502907e-12
4.18837675351 2.86543023437e-12
4.20841683367 2.79293634059e-12
4.22845691383 2.72617020835e-12
4.24849699399 2.66158763966e-12
4.26853707415 2.59761473741e-12
4.28857715431 2.53270261247e-12
4.30861723447 2.46639735886e-12
4.32865731463 2.40070918867e-12
4.34869739479 2.33635025435e-12
4.36873747495 2.27876437003e-12
4.38877755511 2.22170704311e-12
4.40881763527 2.16517101066e-12
4.42885771543 2.11307699234e-12
4.44889779559 2.0625954619e-12
4.46893787575 2.01256890722e-12
4.48897795591 1.96257267854e-12
4.50901803607 1.91250176276e-12
4.52905811623 1.86287604783e-12
4.54909819639 1.81393415546e-12
4.56913827655 1.7673091753e-12
4.58917835671 1.72109327648e-12
4.60921843687 1.67528108539e-12
4.62925851703 1.63037139688e-12
4.64929859719 1.58598848361e-12
4.66933867735 1.54198822039e-12
4.68937875752 1.50066966483e-12
4.70941883768 1.46245690999e-12
4.72945891784 1.42456940746e-12
4.749498998 1.3866220092e-12
4.76953907816 1.34633154638e-12
4.78957915832 1.30637964433e-12
4.80961923848 1.26676204376e-12
4.82965931864 1.23113930058e-12
4.8496993988 1.1967543867e-12
4.86973947896 1.16265362876e-12
4.88977955912 1.12957565469e-12
4.90981963928 1.09761944628e-12
4.92985971944 1.06592407736e-12
4.9498997996 1.03490482644e-12
4.96993987976 1.00680654893e-12
4.98997995992 9.78934846683e-13
5.01002004008 9.51798983814e-13
5.03006012024 9.25353388737e-13
5.0501002004 8.99118482503e-13
5.07014028056 8.74463492003e-13
5.09018036072 8.50031538189e-13
5.11022044088 8.25791925074e-13
5.13026052104 8.01742385237e-13
5.1503006012 7.77880686843e-13
5.17034068136 7.55891282263e-13
5.19038076152 7.34180678198e-13
5.21042084168 7.12637680395e-13
5.23046092184 6.91260351228e-13
5.250501002 6.70046782893e-13
5.27054108216 6.50918065742e-13
5.29058116232 6.32149986318e-13
5.31062124248 6.13524046891e-13
5.33066132265 5.95038635341e-13
5.35070140281 5.76692163893e-13
5.37074148297 5.59010234636e-13
5.39078156313 5.41546702439e-13
5.41082164329 5.24212960196e-13
5.43086172345 5.0700756336e-13
5.45090180361 4.89929088791e-13
5.47094188377 4.74649984612e-13
5.49098196393 4.5985331916e-13
5.51102204409 4.45164614371e-13
5.53106212425 4.30582690527e-13
5.55110220441 4.16106385074e-13
5.57114228457 4.02344232026e-13
5.59118236473 3.88854631875e-13
5.61122244489 3.75461685293e-13
5.63126252505 3.62164355106e-13
5.65130260521 3.48961618962e-13
5.67134268537 3.3696162988e-13
5.69138276553 3.25440088088e-13
5.71142284569 3.13999643519e-13
5.73146292585 3.02639441219e-13
5.75150300601 2.91358638238e-13
5.77154308617 2.80558009152e-13
5.79158316633 2.70006358577e-13
5.81162324649 2.59527688831e-13
5.83166332665 2.49121243881e-13
5.85170340681 2.38786278128e-13
5.87174348697 2.29012873917e-13
5.89178356713 2.19562010207e-13
5.91182364729 2.10175399023e-13
5.93186372745 2.0085238609e-13
5.95190380762 1.91592326007e-13
5.97194388778 1.83300810181e-13
5.99198396794 1.75627555892e-13
6.0120240481 1.68005597242e-13
6.03206412826 1.60434420567e-13
6.05210420842 1.52913519056e-13
6.07214428858 1.45818254677e-13
6.09218436874 1.39045828683e-13
6.1122244489 1.32317930156e-13
6.13226452906 1.25634120542e-13
6.15230460922 1.18993967043e-13
6.17234468938 1.12615156687e-13
6.19238476954 1.06466425806e-13
6.2124248497 1.00357465631e-13
6.23246492986 9.42878908106e-14
6.25250501002 8.8257320972e-14
6.27254509018 8.27246891635e-14
6.29258517034 7.76945471306e-14
6.3126252505 7.2696422947e-14
6.33266533066 6.77300112875e-14
6.35270541082 6.27950107073e-14
6.37274549098 5.82077312667e-14
6.39278557114 5.40279909322e-14
6.4128256513 4.98744386121e-14
6.43286573146 4.5746828465e-14
6.45290581162 4.16449177262e-14
6.47294589178 3.80379399407e-14
6.49298597194 3.51152979291e-14
6.5130260521 3.22106872694e-14
6.53306613226 2.9323941231e-14
6.55310621242 2.64548951395e-14
6.57314629259 2.39303887786e-14
6.59318637275 2.19675998425e-14
6.61322645291 2.00167386952e-14
6.63326653307 1.80776966488e-14
6.65330661323 1.61503663373e-14
6.67334669339 1.42995755184e-14
6.69338677355 1.25893839369e-14
6.71342685371 1.08894293471e-14
6.73346693387 9.19961986073e-15
6.75350701403 7.51986469049e-15
6.77354709419 6.02574523592e-15
6.79358717435 4.9632680611e-15
6.81362725451 3.90705912262e-15
6.83366733467 2.85706292154e-15
6.85370741483 1.81322461602e-15
6.87374749499 9.90923940945e-16
6.89378757515 8.09268626707e-16
6.91382765531 6.28674892126e-16
6.93386773547 4.49133325279e-16
6.95390781563 2.70634628136e-16
6.97394789579 1.26709030588e-16
6.99398797595 1.07834122893e-16
7.01402805611 8.90730741987e-17
7.03406813627 7.04247501121e-17
7.05410821643 5.18880335029e-17
7.07414829659 3.55556900546e-17
7.09418837675 2.93919221193e-17
7.11422845691 2.32679384716e-17
7.13426853707 1.71832666521e-17
7.15430861723 1.11374432286e-17
7.17434869739 5.89056403056e-18
7.19438877756 5.69431046048e-18
7.21442885772 5.50344600842e-18
7.23446893788 5.31780866064e-18
7.25450901804 5.1372413908e-18
7.2745490982 4.96358869766e-18
7.29458917836 4.81460411111e-18
7.31462925852 4.67012677126e-18
7.33466933868 4.53001907784e-18
7.35470941884 4.39414767554e-18
7.374749499 4.2623833215e-18
7.39478957916 4.13460075692e-18
7.41482965932 4.01067858278e-18
7.43486973948 3.89049913946e-18
7.45490981964 3.77394839018e-18
7.4749498998 3.66091580816e-18
7.49498997996 3.55129426725e-18
7.51503006012 3.44497993612e-18
7.53507014028 3.34187217571e-18
7.55511022044 3.24187343997e-18
7.5751503006 3.14488917969e-18
7.59519038076 3.05082774936e-18
7.61523046092 2.95960031701e-18
7.63527054108 2.87112077682e-18
7.65531062124 2.78530566454e-18
7.6753507014 2.70207407551e-18
7.69539078156 2.62134758534e-18
7.71543086172 2.54305017297e-18
7.73547094188 2.46710814624e-18
7.75551102204 2.39345006978e-18
7.7755511022 2.32200669508e-18
7.79559118236 2.25271089288e-18
7.81563126253 2.18549758759e-18
7.83567134269 2.12030369377e-18
7.85571142285 2.05706805465e-18
7.87575150301 1.99573138251e-18
7.89579158317 1.93623620098e-18
7.91583166333 1.87852678909e-18
7.93587174349 1.82254912714e-18
7.95591182365 1.76825084418e-18
7.97595190381 1.71558116716e-18
7.99599198397 1.66449087173e-18
8.01603206413 1.61493223446e-18
8.03607214429 1.56685898664e-18
8.05611222445 1.52022626947e-18
8.07615230461 1.47499059069e-18
8.09619238477 1.43110978251e-18
8.11623246493 1.38854296089e-18
8.13627254509 1.34725048606e-18
8.15631262525 1.30719392427e-18
8.17635270541 1.26833601077e-18
8.19639278557 1.23064061387e-18
8.21643286573 1.1940727002e-18
8.23647294589 1.15859830094e-18
8.25651302605 1.12418447922e-18
8.27655310621 1.09079929842e-18
8.29659318637 1.05841179156e-18
8.31663326653 1.02699193152e-18
8.33667334669 9.96510602324e-19
8.35671342685 9.66939571144e-19
8.37675350701 9.38251461333e-19
8.39679358717 9.10419726189e-19
8.41683366733 8.83418623572e-19
8.43687374749 8.5722319129e-19
8.45691382766 8.3180922326e-19
8.47695390782 8.07153246391e-19
8.49699398798 7.83232498193e-19
8.51703406814 7.60024905066e-19
8.5370741483 7.37509061272e-19
8.55711422846 7.15664208542e-19
8.57715430862 6.94470216323e-19
8.59719438878 6.73907562626e-19
8.61723446894 6.5395731547e-19
8.6372745491 6.34601114896e-19
8.65731462926 6.15821155527e-19
8.67735470942 5.97600169682e-19
8.69739478958 5.79921410989e-19
8.71743486974 5.62768638521e-19
8.7374749499 5.46126101403e-19
8.75751503006 5.29978523907e-19
8.77755511022 5.14311090993e-19
8.79759519038 4.99109434301e-19
8.81763527054 4.84359618573e-19
8.8376753507 4.70048128485e-19
8.85771543086 4.56161855894e-19
8.87775551102 4.42688087465e-19
8.89779559118 4.29614492684e-19
8.91783567134 4.1692911224e-19
8.9378757515 4.04620346754e-19
8.95791583166 3.92676945863e-19
8.97795591182 3.81087997634e-19
8.99799599198 3.69842918301e-19
9.01803607214 3.58931442316e-19
9.0380761523 3.48343612711e-19
9.05811623246 3.38069771741e-19
9.07815631263 3.28100551831e-19
9.09819639279 3.1842686678e-19
9.11823647295 3.09039903253e-19
9.13827655311 2.99931112515e-19
9.15831663327 2.91092202434e-19
9.17835671343 2.82515129713e-19
9.19839679359 2.7419209237e-19
9.21843687375 2.66115522441e-19
9.23847695391 2.58278078911e-19
9.25851703407 2.50672640852e-19
9.27855711423 2.43292300781e-19
9.29859719439 2.36130358211e-19
9.31863727455 2.29180313402e-19
9.33867735471 2.22435861306e-19
9.35871743487 2.15890885686e-19
9.37875751503 2.09539453427e-19
9.39879759519 2.03375809011e-19
9.41883767535 1.97394369161e-19
9.43887775551 1.91589717652e-19
9.45891783567 1.85956600274e-19
9.47895791583 1.80489919954e-19
9.49899799599 1.75184732022e-19
9.51903807615 1.70036239621e-19
9.53907815631 1.65039789259e-19
9.55911823647 1.60190866492e-19
9.57915831663 1.55485091744e-19
9.59919839679 1.50918216244e-19
9.61923847695 1.46486118099e-19
9.63927855711 1.42184798473e-19
9.65931863727 1.38010377892e-19
9.67935871743 1.33959092655e-19
9.6993987976 1.30027291358e-19
9.71943887776 1.26211431516e-19
9.73947895792 1.22508076297e-19
9.75951903808 1.18913891347e-19
9.77955911824 1.15425641716e-19
9.7995991984 1.12040188872e-19
9.81963927856 1.08754487812e-19
9.83967935872 1.05565584253e-19
9.85971943888 1.02470611914e-19
9.87975951904 9.94667898746e-20
9.8997995992 0.0
9.91983967936 0.0
9.93987975952 0.0
9.95991983968 0.0
9.97995991984 0.0
10.0 0.0
