0.0 0.0
0.0200400801603 0.0
0.0400801603206 0.0
0.060120240481 0.0
0.0801603206413 0.0
0.100200400802 0.0
0.120240480962 0.0
0.140280561122 0.0
0.160320641283 0.0
0.180360721443 0.0
0.200400801603 0.0
0.220440881764 0.0
0.240480961924 0.0
0.260521042084 0.0
0.280561122244 0.0
0.300601202405 0.0
0.320641282565 9.94108611058e-11
0.340681362725 6.51245337168e-11
0.360721442886 5.56934367145e-11
0.380761523046 5.13411593641e-11
0.400801603206 4.89588902256e-11
0.420841683367 4.75662677208e-11
0.440881763527 4.67247036998e-11
0.460921843687 4.61996886204e-11
0.480961923848 4.5847208399e-11
0.501002004008 4.55437302128e-11
0.521042084168 4.53475517955e-11
0.541082164329 4.52227100839e-11
0.561122244489 4.51375628119e-11
0.581162324649 4.50943401584e-11
0.60120240481 4.50822593819e-11
0.62124248497 4.50650990984e-11
0.64128256513 4.5049191144e-11
0.661322645291 4.5052303895e-11
0.681362725451 4.50098953718e-11
0.701402805611 4.48017147764e-11
0.721442885772 4.46186091383e-11
0.741482965932 4.44542340601e-11
0.761523046092 4.42476680038e-11
0.781563126253 4.40556506267e-11
0.801603206413 4.38833841957e-11
0.821643286573 4.35534885169e-11
0.841683366733 4.31279681778e-11
0.861723446894 4.27290350758e-11
0.881763527054 4.22614341647e-11
0.901803607214 4.15643039983e-11
0.921843687375 4.09045465425e-11
0.941883767535 4.02781329116e-11
0.961923847695 3.95455044431e-11
0.981963927856 3.88379798459e-11
1.00200400802 3.81655933465e-11
1.02204408818 3.75867433671e-11
1.04208416834 3.70743751592e-11
1.0621242485 3.6583529115e-11
1.08216432866 3.60960967692e-11
1.10220440882 3.55894287871e-11
1.12224448898 3.51034764163e-11
1.14228456914 3.46407133114e-11
1.1623246493 3.40473733162e-11
1.18236472946 3.34669406248e-11
1.20240480962 3.29079739626e-11
1.22244488978 3.23582363138e-11
1.24248496994 3.18210922025e-11
1.2625250501 3.13025178678e-11
1.28256513026 3.08085668369e-11
1.30260521042 3.03498236229e-11
1.32264529058 2.9906261967e-11
1.34268537074 2.94770508346e-11
1.3627254509 2.91107064749e-11
1.38276553106 2.87585168502e-11
1.40280561122 2.84166246589e-11
1.42284569138 2.80484089642e-11
1.44288577154 2.7669155231e-11
1.4629258517 2.73009207561e-11
1.48296593186 2.69480343178e-11
1.50300601202 2.66173466714e-11
1.52304609218 2.62959634534e-11
1.54308617234 2.59853442618e-11
1.56312625251 2.56243867804e-11
1.58316633267 2.52706536751e-11
1.60320641283 2.49262935844e-11
1.62324649299 2.45920392469e-11
1.64328657315 2.42670368206e-11
1.66332665331 2.39500680622e-11
1.68336673347 2.3654078848e-11
1.70340681363 2.33966569721e-11
1.72344689379 2.31455397807e-11
1.74348697395 2.29003517231e-11
1.76352705411 2.25256059915e-11
1.78356713427 2.21554559016e-11
1.80360721443 2.17938889389e-11
1.82364729459 2.14839704636e-11
1.84368737475 2.12052139303e-11
1.86372745491 2.09327005106e-11
1.88376753507 2.07035304448e-11
1.90380761523 2.05615784513e-11
1.92384769539 2.04227275121e-11
1.94388777555 2.02868759167e-11
1.96392785571 2.00116784026e-11
1.98396793587 1.97393624547e-11
2.00400801603 1.94701777279e-11
2.02404809619 1.92174659206e-11
2.04408817635 1.89702770652e-11
2.06412825651 1.87280632598e-11
2.08416833667 1.84916616928e-11
2.10420841683 1.82619972914e-11
2.12424849699 1.80368163283e-11
2.14428857715 1.78159874935e-11
2.16432865731 1.75900241641e-11
2.18436873747 1.73682502256e-11
2.20440881764 1.71506363045e-11
2.2244488978 1.6909371887e-11
2.24448897796 1.66584333171e-11
2.26452905812 1.64120615644e-11
2.28456913828 1.61659132472e-11
2.30460921844 1.59156934608e-11
2.3246492986 1.56699013145e-11
2.34468937876 1.54284514563e-11
2.36472945892 1.52391432592e-11
2.38476953908 1.50531021133e-11
2.40480961924 1.48702434681e-11
2.4248496994 1.46854184081e-11
2.44488977956 1.45012334548e-11
2.46492985972 1.43201174209e-11
2.48496993988 1.41185953364e-11
2.50501002004 1.38754983106e-11
2.5250501002 1.36363420114e-11
2.54509018036 1.34020640768e-11
2.56513026052 1.32636993864e-11
2.58517034068 1.31275310901e-11
2.60521042084 1.29935069143e-11
2.625250501 1.28123802467e-11
2.64529058116 1.2611197916e-11
2.66533066132 1.24130994988e-11
2.68537074148 1.22195540724e-11
2.70541082164 1.20317530873e-11
2.7254509018 1.18467651759e-11
2.74549098196 1.16650959091e-11
2.76553106212 1.15120034418e-11
2.78557114228 1.13611546603e-11
2.80561122244 1.12125002748e-11
2.82565130261 1.1008000429e-11
2.84569138277 1.0780733359e-11
2.86573146293 1.05566939522e-11
2.88577154309 1.03654139922e-11
2.90581162325 1.02287170692e-11
2.92585170341 1.0093923933e-11
2.94589178357 9.95977809251e-12
2.96593186373 9.79052666034e-12
2.98597194389 9.62358075484e-12
3.00601202405 9.45889331281e-12
3.02605210421 9.29385255862e-12
3.04609218437 9.12993090565e-12
3.06613226453 8.96818177471e-12
3.08617234469 8.81194868488e-12
3.10621242485 8.66344139893e-12
3.12625250501 8.51686371739e-12
3.14629258517 8.37274140224e-12
3.16633266533 8.24323246773e-12
3.18637274549 8.11537414099e-12
3.20641282565 7.98913489851e-12
3.22645290581 7.83964029554e-12
3.24649298597 7.68203289258e-12
3.26653306613 7.52638208443e-12
3.28657314629 7.3669297419e-12
3.30661322645 7.20024102025e-12
3.32665330661 7.03558280477e-12
3.34669338677 6.8748883121e-12
3.36673346693 6.75158529784e-12
3.38677354709 6.62975786942e-12
3.40681362725 6.50937957025e-12
3.42685370741 6.38423504036e-12
3.44689378758 6.25819726109e-12
3.46693386774 6.13363179612e-12
3.4869739479 6.01257431941e-12
3.50701402806 5.89608586485e-12
3.52705410822 5.78093455174e-12
3.54709418838 5.6662292326e-12
3.56713426854 5.53991594944e-12
3.5871743487 5.41502738826e-12
3.60721442886 5.29153947711e-12
3.62725450902 5.17525602326e-12
3.64729458918 5.06237534758e-12
3.66733466934 4.95073959363e-12
3.6873747495 4.84397703624e-12
3.70741482966 4.74375713151e-12
3.72745490982 4.64462447712e-12
3.74749498998 4.54685411262e-12
3.76753507014 4.45382929031e-12
3.7875751503 4.36179738073e-12
3.80761523046 4.27074250811e-12
3.82765531062 4.16852844326e-12
3.84769539078 4.06321997716e-12
3.86773547094 3.95901147856e-12
3.8877755511 3.86176227033e-12
3.90781563126 3.77381945836e-12
3.92785571142 3.68678109184e-12
3.94789579158 3.60124202589e-12
3.96793587174 3.52323495323e-12
3.9879759519 3.44601792481e-12
4.00801603206 3.36957895489e-12
4.02805611222 3.28668216546e-12
4.04809619238 3.20226009857e-12
4.06813627255 3.11867574952e-12
4.08817635271 3.04147307829e-12
4.10821643287 2.97255341668e-12
4.12825651303 2.90430766165e-12
4.14829659319 2.83647398081e-12
4.16833667335 2.76687135516e-12
4.18837675351 2.69793933982e-12
4.20841683367 2.62966825687e-12
4.22845691383 2.56679098795e-12
4.24849699399 2.50597049354e-12
4.26853707415 2.44572487459e-12
4.28857715431 2.38459580935e-12
4.30861723447 2.32215593877e-12
4.32865731463 2.26029788085e-12
4.34869739479 2.19969209825e-12
4.36873747495 2.14546385918e-12
4.38877755511 2.09173394877e-12
4.40881763527 2.03849550763e-12
4.42885771543 1.98943978546e-12
4.44889779559 1.94190278696e-12
4.46893787575 1.89479471695e-12
4.48897795591 1.84771576502e-12
4.50901803607 1.80056705362e-12
4.52905811623 1.75383802449e-12
4.54909819639 1.70775331229e-12
4.56913827655 1.66385036811e-12
4.58917835671 1.62033303715e-12
4.60921843687 1.57719624608e-12
4.62925851703 1.53490956474e-12
4.64929859719 1.49311925166e-12
4.66933867735 1.45168960853e-12
4.68937875752 1.41278501427e-12
4.70941883768 1.37680468171e-12
4.72945891784 1.34113091052e-12
4.749498998 1.30540110618e-12
4.76953907816 1.26746586191e-12
4.78957915832 1.22984969825e-12
4.80961923848 1.1925485952e-12
4.82965931864 1.15900859323e-12
4.8496993988 1.12663418641e-12
4.86973947896 1.09452757412e-12
4.88977955912 1.06338408573e-12
4.90981963928 1.03329688624e-12
4.92985971944 1.00345549729e-12
4.9498997996 9.74250847028e-13
4.96993987976 9.47796182484e-13
4.98997995992 9.2155503268e-13
5.01002004008 8.96006798513e-13
5.03006012024 8.71108569694e-13
5.0501002004 8.46408876877e-13
5.07014028056 8.2319665441e-13
5.09018036072 8.00194572899e-13
5.11022044088 7.77373731224e-13
5.13026052104 7.54731990089e-13
5.1503006012 7.3226724383e-13
5.17034068136 7.11565145553e-13
5.19038076152 6.91125647852e-13
5.21042084168 6.7084407375e-13
5.23046092184 6.50718595305e-13
5.250501002 6.30747412757e-13
5.27054108216 6.12738913355e-13
5.29058116232 5.95070019238e-13
5.31062124248 5.77535046858e-13
5.33066132265 5.60132475493e-13
5.35070140281 5.42860807428e-13
5.37074148297 5.26214801045e-13
5.39078156313 5.09774483892e-13
5.41082164329 4.93456445049e-13
5.43086172345 4.77259322017e-13
5.45090180361 4.61181772519e-13
5.47094188377 4.46798088178e-13
5.49098196393 4.32868615363e-13
5.51102204409 4.19040850593e-13
5.53106212425 4.05313681244e-13
5.55110220441 3.91686010905e-13
5.57114228457 3.78730650573e-13
5.59118236473 3.66031917626e-13
5.61122244489 3.53424235794e-13
5.63126252505 3.4090662698e-13
5.65130260521 3.28478127086e-13
5.67134268537 3.17181826957e-13
5.69138276553 3.06335943909e-13
5.71142284569 2.95566454275e-13
5.73146292585 2.84872551857e-13
5.75150300601 2.74253441795e-13
5.77154308617 2.64086363472e-13
5.79158316633 2.54153694236e-13
5.81162324649 2.4428976954e-13
5.83166332665 2.34493876526e-13
5.85170340681 2.24765312191e-13
5.87174348697 2.1556537496e-13
5.89178356713 2.06669078169e-13
5.91182364729 1.97833301684e-13
5.93186372745 1.89057428643e-13
5.95190380762 1.80340850561e-13
5.97194388778 1.72535963829e-13
5.99198396794 1.65313056042e-13
6.0120240481 1.58138462824e-13
6.03206412826 1.5101169991e-13
6.05210420842 1.43932289503e-13
6.07214428858 1.37253540973e-13
6.09218436874 1.30878692367e-13
6.1122244489 1.2454578192e-13
6.13226452906 1.18254396203e-13
6.15230460922 1.12004127223e-13
6.17234468938 1.05999870871e-13
6.19238476954 1.00212198825e-13
6.2124248497 9.44619833335e-14
6.23246492986 8.87488611521e-14
6.25250501002 8.30724737305e-14
6.27254509018 7.78647846947e-14
6.29258517034 7.31300756942e-14
6.3126252505 6.84255206346e-14
6.33266533066 6.37508317185e-14
6.35270541082 5.91057248105e-14
6.37274549098 5.47879194448e-14
6.39278557114 5.08537161159e-14
6.4128256513 4.69441755502e-14
6.43286573146 4.30590660307e-14
6.45290581162 3.91981587436e-14
6.47294589178 3.58031058443e-14
6.49298597194 3.30521747203e-14
6.5130260521 3.03182244984e-14
6.53306613226 2.76010980291e-14
6.55310621242 2.49006401034e-14
6.57314629259 2.25244767495e-14
6.59318637275 2.06770168968e-14
6.61322645291 1.88407898607e-14
6.63326653307 1.70156931979e-14
6.65330661323 1.52016257131e-14
6.67334669339 1.34596036498e-14
6.69338677355 1.18499200671e-14
6.71342685371 1.02498767324e-14
6.73346693387 8.65938704143e-15
6.75350701403 7.07836542877e-15
6.77354709419 5.67206924601e-15
6.79358717435 4.6720391758e-15
6.81362725451 3.67791196149e-15
6.83366733467 2.68963529285e-15
6.85370741483 1.70715747986e-15
6.87374749499 9.33192883565e-16
6.89378757515 7.62202498544e-16
6.91382765531 5.92212188615e-16
6.93386773547 4.23213070923e-16
6.95390781563 2.5519637047e-16
6.97394789579 1.19720373692e-16
6.99398797595 1.01941428722e-16
7.01402805611 8.42701133028e-17
7.03406813627 6.67053458228e-17
7.05410821643 4.9246061342e-17
7.07414829659 3.38619249949e-17
7.09418837675 2.80486912563e-17
7.11422845691 2.22732780391e-17
7.13426853707 1.65352292618e-17
7.15430861723 1.08340976904e-17
7.17434869739 5.88525889957e-18
7.19438877756 5.69028943718e-18
7.21442885772 5.50070321075e-18
7.23446893788 5.31633821406e-18
7.25450901804 5.13703742961e-18
7.2745490982 4.9645279089e-18
7.29458917836 4.81551012409e-18
7.31462925852 4.67100077934e-18
7.33466933868 4.53086223065e-18
7.35470941884 4.39496108069e-18
7.374749499 4.26316804608e-18
7.39478957916 4.13535782907e-18
7.41482965932 4.01140899309e-18
7.43486973948 3.89120384239e-18
7.45490981964 3.77462830543e-18
7.4749498998 3.6615718219e-18
7.49498997996 3.55192723342e-18
7.51503006012 3.44559067761e-18
7.53507014028 3.3424614855e-18
7.55511022044 3.24244208224e-18
7.5751503006 3.14543789091e-18
7.59519038076 3.05135723928e-18
7.61523046092 2.96011126967e-18
7.63527054108 2.87161385149e-18
7.65531062124 2.78578149664e-18
7.6753507014 2.7025332775e-18
7.69539078156 2.62179074752e-18
7.71543086172 2.54347786436e-18
7.73547094188 2.46752091531e-18
7.75551102204 2.39384844523e-18
7.7755511022 2.32239118656e-18
7.79559118236 2.25308199171e-18
7.81563126253 2.18585576738e-18
7.83567134269 2.12064941112e-18
7.85571142285 2.05740174976e-18
7.87575150301 1.99605347976e-18
7.89579158317 1.93654710952e-18
7.91583166333 1.87882690342e-18
7.93587174349 1.82283882761e-18
7.95591182365 1.7685304975e-18
7.97595190381 1.71585112696e-18
7.99599198397 1.66475147896e-18
8.01603206413 1.61518381789e-18
8.03607214429 1.5671018633e-18
8.05611222445 1.52046074508e-18
8.07615230461 1.47521696006e-18
8.09619238477 1.43132832994e-18
8.11623246493 1.38875396055e-18
8.13627254509 1.34745420236e-18
8.15631262525 1.30739061221e-18
8.17635270541 1.2685259163e-18
8.19639278557 1.23082397418e-18
8.21643286573 1.19424974406e-18
8.23647294589 1.158769249e-18
8.25651302605 1.12434954431e-18
8.27655310621 1.09095868582e-18
8.29659318637 1.05856569928e-18
8.31663326653 1.02714055058e-18
8.33667334669 9.96654116943e-19
8.35671342685 9.67078159057e-19
8.37675350701 9.38385293986e-19
8.39679358717 9.10548968974e-19
8.41683366733 8.8354343604e-19
8.43687374749 8.57343727366e-19
8.45691382766 8.31925631442e-19
8.47695390782 8.07265669945e-19
8.49699398798 7.83341075337e-19
8.51703406814 7.60129769157e-19
8.5370741483 7.37610340974e-19
8.55711422846 7.15762027998e-19
8.57715430862 6.94564695312e-19
8.59719438878 6.73998816723e-19
8.61723446894 6.54045456194e-19
8.6372745491 6.34686249852e-19
8.65731462926 6.15903388553e-19
8.67735470942 5.97679600973e-19
8.69739478958 5.79998137235e-19
8.71743486974 5.62842753027e-19
8.7374749499 5.46197694211e-19
8.75751503006 5.30047681911e-19
8.77755511022 5.14377898051e-19
8.79759519038 4.99173971344e-19
8.81763527054 4.84421963706e-19
8.8376753507 4.70108357091e-19
8.85771543086 4.56220040725e-19
8.87775551102 4.42744298741e-19
8.89779559118 4.29668798178e-19
8.91783567134 4.16981577366e-19
8.9378757515 4.04671034651e-19
8.95791583166 3.92725917476e-19
8.97795591182 3.81135311787e-19
8.99799599198 3.69888631777e-19
9.01803607214 3.58975609928e-19
9.0380761523 3.48386287367e-19
9.05811623246 3.38111004518e-19
9.07815631263 3.28140392032e-19
9.09819639279 3.18465362003e-19
9.11823647295 3.09077099445e-19
9.13827655311 2.99967054036e-19
9.15831663327 2.91126932108e-19
9.17835671343 2.82548688883e-19
9.19839679359 2.74224520951e-19
9.21843687375 2.6614685897e-19
9.23847695391 2.58308360594e-19
9.25851703407 2.50701903612e-19
9.27855711423 2.43320579301e-19
9.29859719439 2.36157685979e-19
9.31863727455 2.29206722753e-19
9.33867735471 2.22461383459e-19
9.35871743487 2.15915550789e-19
9.37875751503 2.09563290589e-19
9.39879759519 2.0339884634e-19
9.41883767535 1.97416633799e-19
9.43887775551 1.91611235809e-19
9.45891783567 1.8597739726e-19
9.47895791583 1.8051002021e-19
9.49899799599 1.7520415915e-19
9.51903807615 1.70055016415e-19
9.53907815631 1.65057937732e-19
9.55911823647 1.60208407902e-19
9.57915831663 1.5550204662e-19
9.59919839679 1.50934604416e-19
9.61923847695 1.46501958714e-19
9.63927855711 1.42200110027e-19
9.65931863727 1.38025178248e-19
9.67935871743 1.33973399065e-19
9.6993987976 1.30041120485e-19
9.71943887776 1.26224799455e-19
9.73947895792 1.22520998593e-19
9.75951903808 1.18926383015e-19
9.77955911824 1.1543771726e-19
9.7995991984 1.12051862302e-19
9.81963927856 1.0876577266e-19
9.83967935872 1.0557649359e-19
9.85971943888 1.02481158367e-19
9.87975951904 9.94769856415e-20
9.8997995992 0.0
9.91983967936 0.0
9.93987975952 0.0
9.95991983968 0.0
9.97995991984 0.0
10.0 0.0
