0.0 0.0
0.0200400801603 0.0
0.0400801603206 0.0
0.060120240481 0.0
0.0801603206413 0.0
0.100200400802 0.0
0.120240480962 0.0
0.140280561122 0.0
0.160320641283 0.0
0.180360721443 0.0
0.200400801603 0.0
0.220440881764 0.0
0.240480961924 0.0
0.260521042084 0.0
0.280561122244 0.0
0.300601202405 0.0
0.320641282565 0.0
0.340681362725 0.0
0.360721442886 0.0
0.380761523046 0.0
0.400801603206 0.0
0.420841683367 0.0
0.440881763527 0.0
0.460921843687 1.36692256725e-11
0.480961923848 9.73795146588e-12
0.501002004008 8.21281358665e-12
0.521042084168 7.37782646949e-12
0.541082164329 6.8387449933e-12
0.561122244489 6.46163789131e-12
0.581162324649 6.1845756808e-12
0.60120240481 5.97100644199e-12
0.62124248497 5.79819250641e-12
0.64128256513 5.65655555115e-12
0.661322645291 5.54113077323e-12
0.681362725451 5.4404252381e-12
0.701402805611 5.33477528983e-12
0.721442885772 5.24340049708e-12
0.741482965932 5.16060336412e-12
0.761523046092 5.08076576926e-12
0.781563126253 5.0091271804e-12
0.801603206413 4.94728556995e-12
0.821643286573 4.87445694946e-12
0.841683366733 4.79541790882e-12
0.861723446894 4.72216983077e-12
0.881763527054 4.6431220747e-12
0.901803607214 4.54276326151e-12
0.921843687375 4.4490467984e-12
0.941883767535 4.36023711762e-12
0.961923847695 4.26242547541e-12
0.981963927856 4.16919969297e-12
1.00200400802 4.08308236731e-12
1.02204408818 4.00920152025e-12
1.04208416834 3.94340465771e-12
1.0621242485 3.8798506817e-12
1.08216432866 3.81494265648e-12
1.10220440882 3.74910644753e-12
1.12224448898 3.68634815513e-12
1.14228456914 3.63036865953e-12
1.1623246493 3.56193546471e-12
1.18236472946 3.49544653435e-12
1.20240480962 3.43166836397e-12
1.22244488978 3.36932461488e-12
1.24248496994 3.30874076423e-12
1.2625250501 3.25030841328e-12
1.28256513026 3.19435621069e-12
1.30260521042 3.14235025626e-12
1.32264529058 3.09223268768e-12
1.34268537074 3.04382405328e-12
1.3627254509 3.00204584963e-12
1.38276553106 2.96196660759e-12
1.40280561122 2.92259571957e-12
1.42284569138 2.88049789491e-12
1.44288577154 2.83754867404e-12
1.4629258517 2.79581694718e-12
1.48296593186 2.75555310864e-12
1.50300601202 2.71773437178e-12
1.52304609218 2.68105456122e-12
1.54308617234 2.64735743692e-12
1.56312625251 2.60882238219e-12
1.58316633267 2.57114180377e-12
1.60320641283 2.53453290434e-12
1.62324649299 2.49905506123e-12
1.64328657315 2.46460884903e-12
1.66332665331 2.43086124954e-12
1.68336673347 2.39885394929e-12
1.70340681363 2.37079086071e-12
1.72344689379 2.34345273548e-12
1.74348697395 2.31666522388e-12
1.76352705411 2.27709057331e-12
1.78356713427 2.23806965864e-12
1.80360721443 2.20000548764e-12
1.82364729459 2.16716365229e-12
1.84368737475 2.13749360559e-12
1.86372745491 2.1085167833e-12
1.88376753507 2.08390840943e-12
1.90380761523 2.06801075416e-12
1.92384769539 2.05247692921e-12
1.94388777555 2.03729430635e-12
1.96392785571 2.00836221669e-12
1.98396793587 1.97977294994e-12
2.00400801603 1.94926131611e-12
2.02404809619 1.92529769845e-12
2.04408817635 1.89947482855e-12
2.06412825651 1.87420642375e-12
2.08416833667 1.84957220149e-12
2.10420841683 1.82566063433e-12
2.12424849699 1.80224608054e-12
2.14428857715 1.77931297945e-12
2.16432865731 1.7559216195e-12
2.18436873747 1.73299125731e-12
2.20440881764 1.71051677541e-12
2.2244488978 1.68575009798e-12
2.24448897796 1.66007053825e-12
2.26452905812 1.6348825099e-12
2.28456913828 1.60975549339e-12
2.30460921844 1.58426414494e-12
2.3246492986 1.5592456023e-12
2.34468937876 1.53468979347e-12
2.36472945892 1.51530895434e-12
2.38476953908 1.49628026435e-12
2.40480961924 1.47759406454e-12
2.4248496994 1.45874156228e-12
2.44488977956 1.43997866736e-12
2.46492985972 1.42154367351e-12
2.48496993988 1.40112252374e-12
2.50501002004 1.37662965104e-12
2.5250501002 1.35254916626e-12
2.54509018036 1.32897235641e-12
2.56513026052 1.31486301104e-12
2.58517034068 1.3009889983e-12
2.60521042084 1.28734438565e-12
2.625250501 1.26908051613e-12
2.64529058116 1.24886056222e-12
2.66533066132 1.22896190705e-12
2.68537074148 1.20952837541e-12
2.70541082164 1.1906764434e-12
2.7254509018 1.17211693607e-12
2.74549098196 1.15389894545e-12
2.76553106212 1.1385064215e-12
2.78557114228 1.12334795687e-12
2.80561122244 1.10841816767e-12
2.82565130261 1.08800893999e-12
2.84569138277 1.06537394266e-12
2.86573146293 1.04306918538e-12
2.88577154309 1.02399749548e-12
2.90581162325 1.01030297444e-12
2.92585170341 9.96805708703e-13
2.94589178357 9.83381806217e-13
2.96593186373 9.66517118248e-13
2.98597194389 9.49888622655e-13
3.00601202405 9.33491317487e-13
3.02605210421 9.1706821477e-13
3.04609218437 9.00763688412e-13
3.06613226453 8.84680918085e-13
3.08617234469 8.69148035557e-13
3.10621242485 8.54381725035e-13
3.12625250501 8.39812261409e-13
3.14629258517 8.2549100402e-13
3.16633266533 8.12611703505e-13
3.18637274549 7.99900878304e-13
3.20641282565 7.87355193999e-13
3.22645290581 7.72531985825e-13
3.24649298597 7.56918245433e-13
3.26653306613 7.41502522785e-13
3.28657314629 7.25719303149e-13
3.30661322645 7.09231280706e-13
3.32665330661 6.9294805305e-13
3.34669338677 6.77059172157e-13
3.36673346693 6.64845371227e-13
3.38677354709 6.52780915525e-13
3.40681362725 6.40863043555e-13
3.42685370741 6.28481650129e-13
3.44689378758 6.1601673198e-13
3.46693386774 6.03700296001e-13
3.4869739479 5.91731938548e-13
3.50701402806 5.80215594815e-13
3.52705410822 5.68834002922e-13
3.54709418838 5.57499607731e-13
3.56713426854 5.4502977837e-13
3.5871743487 5.32703044503e-13
3.60721442886 5.20516925634e-13
3.62725450902 5.0904059754e-13
3.64729458918 4.97900988618e-13
3.66733466934 4.86886323676e-13
3.6873747495 4.76352352109e-13
3.70741482966 4.66462661918e-13
3.72745490982 4.56682092676e-13
3.74749498998 4.47037529208e-13
3.76753507014 4.37860650173e-13
3.7875751503 4.28783359952e-13
3.80761523046 4.19804025031e-13
3.82765531062 4.0973261177e-13
3.84769539078 3.99359903671e-13
3.86773547094 3.89097101154e-13
3.8877755511 3.79518579272e-13
3.90781563126 3.70854311108e-13
3.92785571142 3.62280480938e-13
3.94789579158 3.53855341928e-13
3.96793587174 3.4617019307e-13
3.9879759519 3.3856404712e-13
4.00801603206 3.31035676727e-13
4.02805611222 3.22875792438e-13
4.04809619238 3.1456786909e-13
4.06813627255 3.06343478227e-13
4.08817635271 2.98745924138e-13
4.10821643287 2.91961452079e-13
4.12825651303 2.85244245257e-13
4.14829659319 2.78568603849e-13
4.16833667335 2.71720758599e-13
4.18837675351 2.64939752934e-13
4.20841683367 2.58224601475e-13
4.22845691383 2.52039035929e-13
4.24849699399 2.46056001849e-13
4.26853707415 2.40130254119e-13
4.28857715431 2.34118874237e-13
4.30861723447 2.27979971142e-13
4.32865731463 2.21898959811e-13
4.34869739479 2.15941498753e-13
4.36873747495 2.10609681457e-13
4.38877755511 2.05327462447e-13
4.40881763527 2.00094144694e-13
4.42885771543 1.95271312376e-13
4.44889779559 1.90597947977e-13
4.46893787575 1.85967266722e-13
4.48897795591 1.81340083182e-13
4.50901803607 1.76706693881e-13
4.52905811623 1.72115024124e-13
4.54909819639 1.67587057592e-13
4.56913827655 1.63273364786e-13
4.58917835671 1.58997989927e-13
4.60921843687 1.54760418803e-13
4.62925851703 1.50606625332e-13
4.64929859719 1.46501944952e-13
4.66933867735 1.42433071204e-13
4.68937875752 1.3861196001e-13
4.70941883768 1.35077680811e-13
4.72945891784 1.3157384727e-13
4.749498998 1.28064937141e-13
4.76953907816 1.24340451129e-13
4.78957915832 1.20647608865e-13
4.80961923848 1.16986004383e-13
4.82965931864 1.13693073205e-13
4.8496993988 1.10514629776e-13
4.86973947896 1.07362746246e-13
4.88977955912 1.04305497504e-13
4.90981963928 1.01351992305e-13
4.92985971944 9.84228592333e-14
4.9498997996 9.55563659349e-14
4.96993987976 9.29594123654e-14
4.98997995992 9.03836324133e-14
5.01002004008 8.78759551501e-14
5.03006012024 8.54321691634e-14
5.0501002004 8.30080636109e-14
5.07014028056 8.07298222878e-14
5.09018036072 7.84723791052e-14
5.11022044088 7.62328977015e-14
5.13026052104 7.40111620435e-14
5.1503006012 7.18069595948e-14
5.17034068136 6.97755133488e-14
5.19038076152 6.77699638824e-14
5.21042084168 6.57800578974e-14
5.23046092184 6.38056109351e-14
5.250501002 6.1846441466e-14
5.27054108216 6.0079565634e-14
5.29058116232 5.83460916895e-14
5.31062124248 5.66258804618e-14
5.33066132265 5.49187785126e-14
5.35070140281 5.32246347956e-14
5.37074148297 5.1591873165e-14
5.39078156313 4.99793801407e-14
5.41082164329 4.83789871403e-14
5.43086172345 4.67905569104e-14
5.45090180361 4.52139542955e-14
5.47094188377 4.38032613261e-14
5.49098196393 4.24371376376e-14
5.51102204409 4.10810777776e-14
5.53106212425 3.97349696279e-14
5.55110220441 3.8398702755e-14
5.57114228457 3.71283353096e-14
5.59118236473 3.58831798723e-14
5.61122244489 3.46470284461e-14
5.63126252505 3.34197825809e-14
5.65130260521 3.22013452787e-14
5.67134268537 3.10937957472e-14
5.69138276553 3.003040638e-14
5.71142284569 2.8974570718e-14
5.73146292585 2.79262075979e-14
5.75150300601 2.68852370336e-14
5.77154308617 2.5888573308e-14
5.79158316633 2.49149169851e-14
5.81162324649 2.39480540794e-14
5.83166332665 2.29879129092e-14
5.85170340681 2.20344228141e-14
5.87174348697 2.11327220445e-14
5.89178356713 2.02607917811e-14
5.91182364729 1.93948397472e-14
5.93186372745 1.85348039577e-14
5.95190380762 1.76806232958e-14
5.97194388778 1.69157028602e-14
5.99198396794 1.62077768773e-14
6.0120240481 1.55046246347e-14
6.03206412826 1.48061974112e-14
6.05210420842 1.4112447158e-14
6.07214428858 1.34579421825e-14
6.09218436874 1.28332127337e-14
6.1122244489 1.22126257602e-14
6.13226452906 1.15961396841e-14
6.15230460922 1.09837134925e-14
6.17234468938 1.03953932831e-14
6.19238476954 9.82829824431e-15
6.2124248497 9.2649012532e-15
6.23246492986 8.70516581373e-15
6.25250501002 8.14905591737e-15
6.27254509018 7.63883251168e-15
6.29258517034 7.17491258207e-15
6.3126252505 6.71397035825e-15
6.33266533066 6.25597689071e-15
6.35270541082 5.80090361154e-15
6.37274549098 5.37787646986e-15
6.39278557114 4.99240204283e-15
6.4128256513 4.60936338629e-15
6.43286573146 4.22873717004e-15
6.45290581162 3.85050036736e-15
6.47294589178 3.51785871149e-15
6.49298597194 3.24825021036e-15
6.5130260521 2.9803213336e-15
6.53306613226 2.7140561726e-15
6.55310621242 2.4494390245e-15
6.57314629259 2.21656301084e-15
6.59318637275 2.03542323517e-15
6.61322645291 1.85539713245e-15
6.63326653307 1.67647424607e-15
6.65330661323 1.4986442545e-15
6.67334669339 1.32787547564e-15
6.69338677355 1.17006533454e-15
6.71342685371 1.01321078925e-15
6.73346693387 8.57302999267e-16
6.75350701403 7.02333236761e-16
6.77354709419 5.64466411312e-16
6.79358717435 4.66350729359e-16
6.81362725451 3.6882261639e-16
6.83366733467 2.71876653956e-16
6.85370741483 1.75507493398e-16
6.87374749499 9.95434712011e-17
6.89378757515 8.25681292443e-17
6.91382765531 6.56984115784e-17
6.93386773547 4.8933211303e-17
6.95390781563 3.22714394295e-17
6.97394789579 1.8799669936e-17
6.99398797595 1.6846944043e-17
7.01402805611 1.4911261358e-17
7.03406813627 1.29923162471e-17
7.05410821643 1.10898109086e-17
7.07414829659 9.39621011694e-18
7.09418837675 8.64448228398e-18
7.11422845691 7.90201799319e-18
7.13426853707 7.16860217693e-18
7.15430861723 6.44402591396e-18
7.17434869739 5.79809787176e-18
7.19438877756 5.62204181179e-18
7.21442885772 5.45126986429e-18
7.23446893788 5.28562064285e-18
7.25450901804 5.12493774994e-18
7.2745490982 4.96925341819e-18
7.29458917836 4.82006855814e-18
7.31462925852 4.67539814564e-18
7.33466933868 4.5351043167e-18
7.35470941884 4.39905346216e-18
7.374749499 4.26711609475e-18
7.39478957916 4.13916672042e-18
7.41482965932 4.01508371364e-18
7.43486973948 3.89474919673e-18
7.45490981964 3.77804892295e-18
7.4749498998 3.66487216336e-18
7.49498997996 3.55511159719e-18
7.51503006012 3.44866320568e-18
7.53507014028 3.34542616932e-18
7.55511022044 3.24530276827e-18
7.5751503006 3.14819828598e-18
7.59519038076 3.0540209158e-18
7.61523046092 2.96268167054e-18
7.63527054108 2.87409429495e-18
7.65531062124 2.7881751808e-18
7.6753507014 2.70484328481e-18
7.69539078156 2.62402004905e-18
7.71543086172 2.54562932385e-18
7.73547094188 2.46959729317e-18
7.75551102204 2.3958524023e-18
7.7755511022 2.3243252878e-18
7.79559118236 2.25494870967e-18
7.81563126253 2.18765748567e-18
7.83567134269 2.12238842759e-18
7.85571142285 2.05908027967e-18
7.87575150301 1.99767365882e-18
7.89579158317 1.93811099678e-18
7.91583166333 1.88033648407e-18
7.93587174349 1.82429601568e-18
7.95591182365 1.76993713848e-18
7.97595190381 1.71720900024e-18
7.99599198397 1.6660623003e-18
8.01603206413 1.61644924171e-18
8.03607214429 1.56832348491e-18
8.05611222445 1.52164010284e-18
8.07615230461 1.47635553742e-18
8.09619238477 1.43242755748e-18
8.11623246493 1.38981521785e-18
8.13627254509 1.34847881987e-18
8.15631262525 1.30837987305e-18
8.17635270541 1.26948105794e-18
8.19639278557 1.23174619011e-18
8.21643286573 1.19514018536e-18
8.23647294589 1.15962902591e-18
8.25651302605 1.12517972767e-18
8.27655310621 1.0917603085e-18
8.29659318637 1.05933975755e-18
8.31663326653 1.02788800542e-18
8.33667334669 9.97375895344e-19
8.35671342685 9.67775155209e-19
8.37675350701 9.39058370472e-19
8.39679358717 9.11198957905e-19
8.41683366733 8.84171140148e-19
8.43687374749 8.57949921059e-19
8.45691382766 8.32511061818e-19
8.47695390782 8.0783105777e-19
8.49699398798 7.83887115993e-19
8.51703406814 7.60657133543e-19
8.5370741483 7.38119676388e-19
8.55711422846 7.16253958976e-19
8.57715430862 6.95039824444e-19
8.59719438878 6.74457725435e-19
8.61723446894 6.54488705502e-19
8.6372745491 6.35114381093e-19
8.65731462926 6.16316924082e-19
8.67735470942 5.98079044841e-19
8.69739478958 5.80383975841e-19
8.71743486974 5.63215455743e-19
8.7374749499 5.46557713991e-19
8.75751503006 5.3039545587e-19
8.77755511022 5.1471384803e-19
8.79759519038 4.99498504452e-19
8.81763527054 4.84735472839e-19
8.8376753507 4.7041122144e-19
8.85771543086 4.56512626258e-19
8.87775551102 4.43026958672e-19
8.89779559118 4.29941873419e-19
8.91783567134 4.17245396961e-19
8.9378757515 4.04925916194e-19
8.95791583166 3.92972167517e-19
8.97795591182 3.81373226223e-19
8.99799599198 3.70118496224e-19
9.01803607214 3.59197700084e-19
9.0380761523 3.48600869366e-19
9.05811623246 3.3831833526e-19
9.07815631263 3.28340719513e-19
9.09819639279 3.18658925625e-19
9.11823647295 3.0926413032e-19
9.13827655311 3.00147775277e-19
9.15831663327 2.91301559107e-19
9.17835671343 2.82717429586e-19
9.19839679359 2.74387576116e-19
9.21843687375 2.66304422421e-19
9.23847695391 2.58460619462e-19
9.25851703407 2.5084903857e-19
9.27855711423 2.43462764792e-19
9.29859719439 2.36295090429e-19
9.31863727455 2.29339508787e-19
9.33867735471 2.22589708101e-19
9.35871743487 2.16039565655e-19
9.37875751503 2.0968314208e-19
9.39879759519 2.03514675822e-19
9.41883767535 1.97528577778e-19
9.43887775551 1.917194261e-19
9.45891783567 1.86081961152e-19
9.47895791583 1.80611080624e-19
9.49899799599 1.75301834788e-19
9.51903807615 1.70149421909e-19
9.53907815631 1.65149183783e-19
9.55911823647 1.60296601421e-19
9.57915831663 1.55587290855e-19
9.59919839679 1.51016999081e-19
9.61923847695 1.46581600112e-19
9.63927855711 1.42277091167e-19
9.65931863727 1.38099588959e-19
9.67935871743 1.34045326109e-19
9.6993987976 1.30110647659e-19
9.71943887776 1.26292007696e-19
9.73947895792 1.22585966077e-19
9.75951903808 1.18989185252e-19
9.77955911824 1.15498427185e-19
9.7995991984 1.12110550364e-19
9.81963927856 1.0882250691e-19
9.83967935872 1.05631339762e-19
9.85971943888 1.02534179958e-19
9.87975951904 9.95282439881e-20
9.8997995992 0.0
9.91983967936 0.0
9.93987975952 0.0
9.95991983968 0.0
9.97995991984 0.0
10.0 0.0
